,PERMNO,NAMEENDT,SHRCD,EXCHCD,SICCD,NCUSIP,TICKER,COMNAM,TSYMBOL,NAICS,PRIMEXCH,TRDSTAT,SECSTAT,PERMCO,HEXCD,HSICCD,CUSIP,DLSTCD,NEXTDT,HSICMG,HSICIG,DISTCD,DIVAMT,FACPR,ACPERM,NWPERM,DLPRC,PRC,RET,SHROUT,CFACPR,OPENPRC,MARKETCAP,TAQ_TICKER,pNYSE_size,pNYSE_value,pNYSE_prof,pNYSE_dur,pNYSE_valprof,pNYSE_fscore,pNYSE_debtiss,pNYSE_repurch,pNYSE_nissa,pNYSE_accruals,pNYSE_growth,pNYSE_aturnover,pNYSE_gmargins,pNYSE_divp,pNYSE_ep,pNYSE_cfp,pNYSE_noa,pNYSE_inv,pNYSE_invcap,pNYSE_igrowth,pNYSE_sgrowth,pNYSE_lev,pNYSE_roaa,pNYSE_roea,pNYSE_sp,pNYSE_gltnoa,pNYSE_divg,pNYSE_invaci,pNYSE_mom,pNYSE_indmom,pNYSE_valmom,pNYSE_valmomprof,pNYSE_shortint,pNYSE_mom12,pNYSE_momrev,pNYSE_lrrev,pNYSE_valuem,pNYSE_nissm,pNYSE_sue,pNYSE_roe,pNYSE_rome,pNYSE_roa,pNYSE_strev,pNYSE_ivol,pNYSE_betaarb,pNYSE_season,pNYSE_indrrev,pNYSE_indrrevlv,pNYSE_indmomrev,pNYSE_ciss,pNYSE_price,pNYSE_age,pNYSE_shvol,pNYSE_exchsw,pNYSE_ipo
2018-07-18,17947,20191209.0,11,3,9999.0,78116T10,RUBY,RUBIUS THERAPEUTICS INC,RUBY,,Q,A,R,56440,3,9999.0,,,,99.0,999.0,,,,,,,24.25,,77335.0,1.0,30.51,1875373.75,RUBY,,,,,,1,10.0,1.0,,,,,,,,,,,,,,,,,,,,,,,,,,,,,,,,,,,,,,,,,,,,10,,10,10
2018-07-19,17947,,11,3,9999.0,78116T10,RUBY,RUBIUS THERAPEUTICS INC,RUBY,,Q,A,R,56440,3,9999.0,,,,99.0,999.0,,,,,,,24.55,0.012371,77335.0,1.0,24.9,1898574.25,RUBY,,,,,,1,10.0,1.0,,,,,,,,,,,,,,,,,,,,,,,,,,,,,,,,,,,,,,,,,,,,10,,10,10
2018-07-20,17947,,11,3,9999.0,78116T10,RUBY,RUBIUS THERAPEUTICS INC,RUBY,,Q,A,R,56440,3,9999.0,,,,99.0,999.0,,,,,,,26.54,0.081059,77335.0,1.0,24.93,2052470.9,RUBY,,,,,,1,10.0,1.0,,,,,,,,,,,,,,,,,,,,,,,,,,,,,,,,,,,,,,,,,,,,10,,10,10
2018-07-23,17947,,11,3,9999.0,78116T10,RUBY,RUBIUS THERAPEUTICS INC,RUBY,,Q,A,R,56440,3,9999.0,,,,99.0,999.0,,,,,,,26.94,0.015072,77335.0,1.0,26.52,2083404.9,RUBY,,,,,,1,10.0,1.0,,,,,,,,,,,,,,,,,,,,,,,,,,,,,,,,,,,,,,,,,,,,10,,10,10
2018-07-24,17947,,11,3,9999.0,78116T10,RUBY,RUBIUS THERAPEUTICS INC,RUBY,,Q,A,R,56440,3,9999.0,,,,99.0,999.0,,,,,,,24.75,-0.081292,77335.0,1.0,27.07,1914041.25,RUBY,,,,,,1,10.0,1.0,,,,,,,,,,,,,,,,,,,,,,,,,,,,,,,,,,,,,,,,,,,,10,,10,10
2018-07-25,17947,,11,3,9999.0,78116T10,RUBY,RUBIUS THERAPEUTICS INC,RUBY,,Q,A,R,56440,3,9999.0,,,,99.0,999.0,,,,,,,24.3,-0.018182,77335.0,1.0,25.01,1879240.5,RUBY,,,,,,1,10.0,1.0,,,,,,,,,,,,,,,,,,,,,,,,,,,,,,,,,,,,,,,,,,,,10,,10,10
2018-07-26,17947,,11,3,9999.0,78116T10,RUBY,RUBIUS THERAPEUTICS INC,RUBY,,Q,A,R,56440,3,9999.0,,,,99.0,999.0,,,,,,,23.51,-0.03251,77335.0,1.0,24.38,1818145.85,RUBY,,,,,,1,10.0,1.0,,,,,,,,,,,,,,,,,,,,,,,,,,,,,,,,,,,,,,,,,,,,10,,10,10
2018-07-27,17947,,11,3,9999.0,78116T10,RUBY,RUBIUS THERAPEUTICS INC,RUBY,,Q,A,R,56440,3,9999.0,,,,99.0,999.0,,,,,,,21.67,-0.078265,77335.0,1.0,23.41,1675849.45,RUBY,,,,,,1,10.0,1.0,,,,,,,,,,,,,,,,,,,,,,,,,,,,,,,,,,,,,,,,,,,,10,,10,10
2018-07-30,17947,,11,3,9999.0,78116T10,RUBY,RUBIUS THERAPEUTICS INC,RUBY,,Q,A,R,56440,3,9999.0,,,,99.0,999.0,,,,,,,21.97,0.013844,77335.0,1.0,21.62,1699049.95,RUBY,,,,,,1,10.0,1.0,,,,,,,,,,,,,,,,,,,,,,,,,,,,,,,,,,,,,,,,,,,,10,,10,10
2018-07-31,17947,,11,3,9999.0,78116T10,RUBY,RUBIUS THERAPEUTICS INC,RUBY,,Q,A,R,56440,3,9999.0,,,,99.0,999.0,,,,,,,21.0,-0.044151,79043.0,1.0,22.44,1659903.0,RUBY,,,,,,1,10.0,1.0,,,,,,,,,,,,,,,,,,,,,,,,,,,,,,,,,,,,,,,,,,,,10,,10,10
2018-08-01,17947,,11,3,9999.0,78116T10,RUBY,RUBIUS THERAPEUTICS INC,RUBY,,Q,A,R,56440,3,9999.0,,,,99.0,999.0,,,,,,,20.45,-0.02619,79043.0,1.0,20.8,1616429.35,RUBY,,,,,,1,10.0,1.0,,,,,,,,,,,,,,,,,,,,,,,,,,,,,,,,,,,7.0,,,,,,,,3.0,10,,10,10
2018-08-02,17947,,11,3,9999.0,78116T10,RUBY,RUBIUS THERAPEUTICS INC,RUBY,,Q,A,R,56440,3,9999.0,,,,99.0,999.0,,,,,,,20.9,0.022005,79043.0,1.0,20.25,1651998.7,RUBY,,,,,,1,10.0,1.0,,,,,,,,,,,,,,,,,,,,,,,,,,,,,,,,,,,7.0,,,,,,,,3.0,10,,10,10
2018-08-03,17947,,11,3,9999.0,78116T10,RUBY,RUBIUS THERAPEUTICS INC,RUBY,,Q,A,R,56440,3,9999.0,,,,99.0,999.0,,,,,,,20.86,-0.001914,79043.0,1.0,20.78,1648836.98,RUBY,,,,,,1,10.0,1.0,,,,,,,,,,,,,,,,,,,,,,,,,,,,,,,,,,,7.0,,,,,,,,3.0,10,,10,10
2018-08-06,17947,,11,3,9999.0,78116T10,RUBY,RUBIUS THERAPEUTICS INC,RUBY,,Q,A,R,56440,3,9999.0,,,,99.0,999.0,,,,,,,21.11,0.011985,79043.0,1.0,20.98,1668597.73,RUBY,,,,,,1,10.0,1.0,,,,,,,,,,,,,,,,,,,,,,,,,,,,,,,,,,,7.0,,,,,,,,3.0,10,,10,10
2018-08-07,17947,,11,3,9999.0,78116T10,RUBY,RUBIUS THERAPEUTICS INC,RUBY,,Q,A,R,56440,3,9999.0,,,,99.0,999.0,,,,,,,21.77,0.031265,79043.0,1.0,21.1,1720766.11,RUBY,,,,,,1,10.0,1.0,,,,,,,,,,,,,,,,,,,,,,,,,,,,,,,,,,,7.0,,,,,,,,3.0,10,,10,10
2018-08-08,17947,,11,3,9999.0,78116T10,RUBY,RUBIUS THERAPEUTICS INC,RUBY,,Q,A,R,56440,3,9999.0,,,,99.0,999.0,,,,,,,22.05,0.012862,79043.0,1.0,21.84,1742898.15,RUBY,,,,,,1,10.0,1.0,,,,,,,,,,,,,,,,,,,,,,,,,,,,,,,,,,,7.0,,,,,,,,3.0,10,,10,10
2018-08-09,17947,,11,3,9999.0,78116T10,RUBY,RUBIUS THERAPEUTICS INC,RUBY,,Q,A,R,56440,3,9999.0,,,,99.0,999.0,,,,,,,21.93,-0.005442,79043.0,1.0,21.94,1733412.99,RUBY,,,,,,1,10.0,1.0,,,,,,,,,,,,,,,,,,,,,,,,,,,,,,,,,,,7.0,,,,,,,,3.0,10,,10,10
2018-08-10,17947,,11,3,9999.0,78116T10,RUBY,RUBIUS THERAPEUTICS INC,RUBY,,Q,A,R,56440,3,9999.0,,,,99.0,999.0,,,,,,,23.76,0.083447,79043.0,1.0,21.99,1878061.68,RUBY,,,,,,1,10.0,1.0,,,,,,,,,,,,,,,,,,,,,,,,,,,,,,,,,,,7.0,,,,,,,,3.0,10,,10,10
2018-08-13,17947,,11,3,9999.0,78116T10,RUBY,RUBIUS THERAPEUTICS INC,RUBY,,Q,A,R,56440,3,9999.0,,,,99.0,999.0,,,,,,,23.26,-0.021044,79043.0,1.0,23.75,1838540.18,RUBY,,,,,,1,10.0,1.0,,,,,,,,,,,,,,,,,,,,,,,,,,,,,,,,,,,7.0,,,,,,,,3.0,10,,10,10
2018-08-14,17947,,11,3,9999.0,78116T10,RUBY,RUBIUS THERAPEUTICS INC,RUBY,,Q,A,R,56440,3,9999.0,,,,99.0,999.0,,,,,,,22.32,-0.040413,79043.0,1.0,24.06,1764239.76,RUBY,,,,,,1,10.0,1.0,,,,,,,,,,,,,,,,,,,,,,,,,,,,,,,,,,,7.0,,,,,,,,3.0,10,,10,10
2018-08-15,17947,,11,3,9999.0,78116T10,RUBY,RUBIUS THERAPEUTICS INC,RUBY,,Q,A,R,56440,3,9999.0,,,,99.0,999.0,,,,,,,21.45,-0.038978,79043.0,1.0,22.29,1695472.35,RUBY,,,,,,1,10.0,1.0,,,,,,,,,,,,,,,,,,,,,,,,,,,,,,,,,,,7.0,,,,,,,,3.0,10,,10,10
2018-08-16,17947,,11,3,9999.0,78116T10,RUBY,RUBIUS THERAPEUTICS INC,RUBY,,Q,A,R,56440,3,9999.0,,,,99.0,999.0,,,,,,,21.49,0.001865,79043.0,1.0,21.45,1698634.07,RUBY,,,,,,1,10.0,1.0,,,,,,,,,,,,,,,,,,,,,,,,,,,,,,,,,,,7.0,,,,,,,,3.0,10,,10,10
2018-08-17,17947,,11,3,9999.0,78116T10,RUBY,RUBIUS THERAPEUTICS INC,RUBY,,Q,A,R,56440,3,9999.0,,,,99.0,999.0,,,,,,,21.3,-0.008841,79043.0,1.0,21.63,1683615.9,RUBY,,,,,,1,10.0,1.0,,,,,,,,,,,,,,,,,,,,,,,,,,,,,,,,,,,7.0,,,,,,,,3.0,10,,10,10
2018-08-20,17947,,11,3,9999.0,78116T10,RUBY,RUBIUS THERAPEUTICS INC,RUBY,,Q,A,R,56440,3,9999.0,,,,99.0,999.0,,,,,,,22.67,0.064319,79043.0,1.0,21.39,1791904.81,RUBY,,,,,,1,10.0,1.0,,,,,,,,,,,,,,,,,,,,,,,,,,,,,,,,,,,7.0,,,,,,,,3.0,10,,10,10
2018-08-21,17947,,11,3,9999.0,78116T10,RUBY,RUBIUS THERAPEUTICS INC,RUBY,,Q,A,R,56440,3,9999.0,,,,99.0,999.0,,,,,,,23.29,0.027349,79043.0,1.0,22.84,1840911.47,RUBY,,,,,,1,10.0,1.0,,,,,,,,,,,,,,,,,,,,,,,,,,,,,,,,,,,7.0,,,,,,,,3.0,10,,10,10
2018-08-22,17947,,11,3,9999.0,78116T10,RUBY,RUBIUS THERAPEUTICS INC,RUBY,,Q,A,R,56440,3,9999.0,,,,99.0,999.0,,,,,,,24.52,0.052812,79043.0,1.0,23.17,1938134.36,RUBY,,,,,,1,10.0,1.0,,,,,,,,,,,,,,,,,,,,,,,,,,,,,,,,,,,7.0,,,,,,,,3.0,10,,10,10
2018-08-23,17947,,11,3,9999.0,78116T10,RUBY,RUBIUS THERAPEUTICS INC,RUBY,,Q,A,R,56440,3,9999.0,,,,99.0,999.0,,,,,,,25.74,0.049755,79043.0,1.0,25.23,2034566.82,RUBY,,,,,,1,10.0,1.0,,,,,,,,,,,,,,,,,,,,,,,,,,,,,,,,,,,7.0,,,,,,,,3.0,10,,10,10
2018-08-24,17947,,11,3,9999.0,78116T10,RUBY,RUBIUS THERAPEUTICS INC,RUBY,,Q,A,R,56440,3,9999.0,,,,99.0,999.0,,,,,,,25.14,-0.02331,79043.0,1.0,26.1,1987141.02,RUBY,,,,,,1,10.0,1.0,,,,,,,,,,,,,,,,,,,,,,,,,,,,,,,,,,,7.0,,,,,,,,3.0,10,,10,10
2018-08-27,17947,,11,3,9999.0,78116T10,RUBY,RUBIUS THERAPEUTICS INC,RUBY,,Q,A,R,56440,3,9999.0,,,,99.0,999.0,,,,,,,24.65,-0.019491,79043.0,1.0,25.5,1948409.95,RUBY,,,,,,1,10.0,1.0,,,,,,,,,,,,,,,,,,,,,,,,,,,,,,,,,,,7.0,,,,,,,,3.0,10,,10,10
2018-08-28,17947,,11,3,9999.0,78116T10,RUBY,RUBIUS THERAPEUTICS INC,RUBY,,Q,A,R,56440,3,9999.0,,,,99.0,999.0,,,,,,,24.5,-0.006085,79043.0,1.0,25.0,1936553.5,RUBY,,,,,,1,10.0,1.0,,,,,,,,,,,,,,,,,,,,,,,,,,,,,,,,,,,7.0,,,,,,,,3.0,10,,10,10
2018-08-29,17947,,11,3,9999.0,78116T10,RUBY,RUBIUS THERAPEUTICS INC,RUBY,,Q,A,R,56440,3,9999.0,,,,99.0,999.0,,,,,,,24.87,0.015102,79043.0,1.0,24.62,1965799.41,RUBY,,,,,,1,10.0,1.0,,,,,,,,,,,,,,,,,,,,,,,,,,,,,,,,,,,7.0,,,,,,,,3.0,10,,10,10
2018-08-30,17947,,11,3,9999.0,78116T10,RUBY,RUBIUS THERAPEUTICS INC,RUBY,,Q,A,R,56440,3,9999.0,,,,99.0,999.0,,,,,,,25.0,0.005227,79043.0,1.0,24.91,1976075.0,RUBY,,,,,,1,10.0,1.0,,,,,,,,,,,,,,,,,,,,,,,,,,,,,,,,,,,7.0,,,,,,,,3.0,10,,10,10
2018-08-31,17947,,11,3,9999.0,78116T10,RUBY,RUBIUS THERAPEUTICS INC,RUBY,,Q,A,R,56440,3,9999.0,,,,99.0,999.0,,,,,,,25.12,0.0048,79043.0,1.0,24.77,1985560.16,RUBY,,,,,,1,10.0,1.0,,,,,,,,,,,,,,,,,,,,,,,,,,,,,,,,,,,7.0,,,,,,,,3.0,10,,10,10
2018-09-04,17947,,11,3,9999.0,78116T10,RUBY,RUBIUS THERAPEUTICS INC,RUBY,,Q,A,R,56440,3,9999.0,,,,99.0,999.0,,,,,,,24.65,-0.01871,79043.0,1.0,25.17,1948409.95,RUBY,,,,,,1,10.0,1.0,,,,,,,,,,,,,,,,,,,,,,,,,,,,,,,,,,1.0,1.0,,,,,,,,4.0,10,8.0,10,10
2018-09-05,17947,,11,3,9999.0,78116T10,RUBY,RUBIUS THERAPEUTICS INC,RUBY,,Q,A,R,56440,3,9999.0,,,,99.0,999.0,,,,,,,23.1,-0.06288,79043.0,1.0,24.72,1825893.3,RUBY,,,,,,1,10.0,1.0,,,,,,,,,,,,,,,,,,,,,,,,,,,,,,,,,,1.0,1.0,,,,,,,,4.0,10,8.0,10,10
2018-09-06,17947,,11,3,9999.0,78116T10,RUBY,RUBIUS THERAPEUTICS INC,RUBY,,Q,A,R,56440,3,9999.0,,,,99.0,999.0,,,,,,,21.83,-0.054978,79043.0,1.0,23.08,1725508.69,RUBY,,,,,,1,10.0,1.0,,,,,,,,,,,,,,,,,,,,,,,,,,,,,,,,,,1.0,1.0,,,,,,,,4.0,10,8.0,10,10
2018-09-07,17947,,11,3,9999.0,78116T10,RUBY,RUBIUS THERAPEUTICS INC,RUBY,,Q,A,R,56440,3,9999.0,,,,99.0,999.0,,,,,,,20.93,-0.041228,79043.0,1.0,21.75,1654369.99,RUBY,,,,,,1,10.0,1.0,,,,,,,,,,,,,,,,,,,,,,,,,,,,,,,,,,1.0,1.0,,,,,,,,4.0,10,8.0,10,10
2018-09-10,17947,,11,3,9999.0,78116T10,RUBY,RUBIUS THERAPEUTICS INC,RUBY,,Q,A,R,56440,3,9999.0,,,,99.0,999.0,,,,,,,22.21,0.061156,79043.0,1.0,20.9,1755545.03,RUBY,,,,,,1,10.0,1.0,,,,,,,,,,,,,,,,,,,,,,,,,,,,,,,,,,1.0,1.0,,,,,,,,4.0,10,8.0,10,10
2018-09-11,17947,,11,3,9999.0,78116T10,RUBY,RUBIUS THERAPEUTICS INC,RUBY,,Q,A,R,56440,3,9999.0,,,,99.0,999.0,,,,,,,20.62,-0.071589,79043.0,1.0,22.18,1629866.66,RUBY,,,,,,1,10.0,1.0,,,,,,,,,,,,,,,,,,,,,,,,,,,,,,,,,,1.0,1.0,,,,,,,,4.0,10,8.0,10,10
2018-09-12,17947,,11,3,9999.0,78116T10,RUBY,RUBIUS THERAPEUTICS INC,RUBY,,Q,A,R,56440,3,9999.0,,,,99.0,999.0,,,,,,,20.06,-0.027158,79043.0,1.0,20.51,1585602.58,RUBY,,,,,,1,10.0,1.0,,,,,,,,,,,,,,,,,,,,,,,,,,,,,,,,,,1.0,1.0,,,,,,,,4.0,10,8.0,10,10
2018-09-13,17947,,11,3,9999.0,78116T10,RUBY,RUBIUS THERAPEUTICS INC,RUBY,,Q,A,R,56440,3,9999.0,,,,99.0,999.0,,,,,,,20.15,0.004487,79043.0,1.0,20.11,1592716.45,RUBY,,,,,,1,10.0,1.0,,,,,,,,,,,,,,,,,,,,,,,,,,,,,,,,,,1.0,1.0,,,,,,,,4.0,10,8.0,10,10
2018-09-14,17947,,11,3,9999.0,78116T10,RUBY,RUBIUS THERAPEUTICS INC,RUBY,,Q,A,R,56440,3,9999.0,,,,99.0,999.0,,,,,,,22.19,0.101241,79043.0,1.0,20.15,1753964.17,RUBY,,,,,,1,10.0,1.0,,,,,,,,,,,,,,,,,,,,,,,,,,,,,,,,,,1.0,1.0,,,,,,,,4.0,10,8.0,10,10
2018-09-17,17947,,11,3,9999.0,78116T10,RUBY,RUBIUS THERAPEUTICS INC,RUBY,,Q,A,R,56440,3,9999.0,,,,99.0,999.0,,,,,,,21.61,-0.026138,79043.0,1.0,22.44,1708119.23,RUBY,,,,,,1,10.0,1.0,,,,,,,,,,,,,,,,,,,,,,,,,,,,,,,,,,1.0,1.0,,,,,,,,4.0,10,8.0,10,10
2018-09-18,17947,,11,3,9999.0,78116T10,RUBY,RUBIUS THERAPEUTICS INC,RUBY,,Q,A,R,56440,3,9999.0,,,,99.0,999.0,,,,,,,21.9,0.01342,79043.0,1.0,21.78,1731041.7,RUBY,,,,,,1,10.0,1.0,,,,,,,,,,,,,,,,,,,,,,,,,,,,,,,,,,1.0,1.0,,,,,,,,4.0,10,8.0,10,10
2018-09-19,17947,,11,3,9999.0,78116T10,RUBY,RUBIUS THERAPEUTICS INC,RUBY,,Q,A,R,56440,3,9999.0,,,,99.0,999.0,,,,,,,20.47,-0.065297,79043.0,1.0,21.9,1618010.21,RUBY,,,,,,1,10.0,1.0,,,,,,,,,,,,,,,,,,,,,,,,,,,,,,,,,,1.0,1.0,,,,,,,,4.0,10,8.0,10,10
2018-09-20,17947,,11,3,9999.0,78116T10,RUBY,RUBIUS THERAPEUTICS INC,RUBY,,Q,A,R,56440,3,9999.0,,,,99.0,999.0,,,,,,,20.99,0.025403,79043.0,1.0,20.69,1659112.57,RUBY,,,,,,1,10.0,1.0,,,,,,,,,,,,,,,,,,,,,,,,,,,,,,,,,,1.0,1.0,,,,,,,,4.0,10,8.0,10,10
2018-09-21,17947,,11,3,9999.0,78116T10,RUBY,RUBIUS THERAPEUTICS INC,RUBY,,Q,A,R,56440,3,9999.0,,,,99.0,999.0,,,,,,,22.82,0.087184,79043.0,1.0,20.91,1803761.26,RUBY,,,,,,1,10.0,1.0,,,,,,,,,,,,,,,,,,,,,,,,,,,,,,,,,,1.0,1.0,,,,,,,,4.0,10,8.0,10,10
2018-09-24,17947,,11,3,9999.0,78116T10,RUBY,RUBIUS THERAPEUTICS INC,RUBY,,Q,A,R,56440,3,9999.0,,,,99.0,999.0,,,,,,,23.15,0.014461,79043.0,1.0,22.72,1829845.45,RUBY,,,,,,1,10.0,1.0,,,,,,,,,,,,,,,,,,,,,,,,,,,,,,,,,,1.0,1.0,,,,,,,,4.0,10,8.0,10,10
2018-09-25,17947,,11,3,9999.0,78116T10,RUBY,RUBIUS THERAPEUTICS INC,RUBY,,Q,A,R,56440,3,9999.0,,,,99.0,999.0,,,,,,,23.37,0.009503,79043.0,1.0,23.11,1847234.91,RUBY,,,,,,1,10.0,1.0,,,,,,,,,,,,,,,,,,,,,,,,,,,,,,,,,,1.0,1.0,,,,,,,,4.0,10,8.0,10,10
2018-09-26,17947,,11,3,9999.0,78116T10,RUBY,RUBIUS THERAPEUTICS INC,RUBY,,Q,A,R,56440,3,9999.0,,,,99.0,999.0,,,,,,,23.39,0.000856,79043.0,1.0,23.41,1848815.77,RUBY,,,,,,1,10.0,1.0,,,,,,,,,,,,,,,,,,,,,,,,,,,,,,,,,,1.0,1.0,,,,,,,,4.0,10,8.0,10,10
2018-09-27,17947,,11,3,9999.0,78116T10,RUBY,RUBIUS THERAPEUTICS INC,RUBY,,Q,A,R,56440,3,9999.0,,,,99.0,999.0,,,,,,,23.82,0.018384,79043.0,1.0,23.49,1882804.26,RUBY,,,,,,1,10.0,1.0,,,,,,,,,,,,,,,,,,,,,,,,,,,,,,,,,,1.0,1.0,,,,,,,,4.0,10,8.0,10,10
2018-09-28,17947,,11,3,9999.0,78116T10,RUBY,RUBIUS THERAPEUTICS INC,RUBY,,Q,A,R,56440,3,9999.0,,,,99.0,999.0,,,,,,,24.0,0.007557,79043.0,1.0,23.68,1897032.0,RUBY,,,,,,1,10.0,1.0,,,,,,,,,,,,,,,,,,,,,,,,,,,,,,,,,,1.0,1.0,,,,,,,,4.0,10,8.0,10,10
2018-10-01,17947,,11,3,9999.0,78116T10,RUBY,RUBIUS THERAPEUTICS INC,RUBY,,Q,A,R,56440,3,9999.0,,,,99.0,999.0,,,,,,,22.96,-0.043333,79043.0,1.0,24.1,1814827.28,RUBY,,,,,,1,10.0,1.0,,,,,,,,,,,,,,,,,,,,,,,,,,,,,,,,,,,7.0,,,,,,,,4.0,10,9.0,10,10
2018-10-02,17947,,11,3,9999.0,78116T10,RUBY,RUBIUS THERAPEUTICS INC,RUBY,,Q,A,R,56440,3,9999.0,,,,99.0,999.0,,,,,,,22.19,-0.033537,79043.0,1.0,22.33,1753964.17,RUBY,,,,,,1,10.0,1.0,,,,,,,,,,,,,,,,,,,,,,,,,,,,,,,,,,,7.0,,,,,,,,4.0,10,9.0,10,10
2018-10-03,17947,,11,3,9999.0,78116T10,RUBY,RUBIUS THERAPEUTICS INC,RUBY,,Q,A,R,56440,3,9999.0,,,,99.0,999.0,,,,,,,21.76,-0.019378,79043.0,1.0,22.19,1719975.68,RUBY,,,,,,1,10.0,1.0,,,,,,,,,,,,,,,,,,,,,,,,,,,,,,,,,,,7.0,,,,,,,,4.0,10,9.0,10,10
2018-10-04,17947,,11,3,9999.0,78116T10,RUBY,RUBIUS THERAPEUTICS INC,RUBY,,Q,A,R,56440,3,9999.0,,,,99.0,999.0,,,,,,,19.91,-0.085018,79043.0,1.0,21.7,1573746.13,RUBY,,,,,,1,10.0,1.0,,,,,,,,,,,,,,,,,,,,,,,,,,,,,,,,,,,7.0,,,,,,,,4.0,10,9.0,10,10
2018-10-05,17947,,11,3,9999.0,78116T10,RUBY,RUBIUS THERAPEUTICS INC,RUBY,,Q,A,R,56440,3,9999.0,,,,99.0,999.0,,,,,,,17.96,-0.097941,79043.0,1.0,19.03,1419612.28,RUBY,,,,,,1,10.0,1.0,,,,,,,,,,,,,,,,,,,,,,,,,,,,,,,,,,,7.0,,,,,,,,4.0,10,9.0,10,10
2018-10-08,17947,,11,3,9999.0,78116T10,RUBY,RUBIUS THERAPEUTICS INC,RUBY,,Q,A,R,56440,3,9999.0,,,,99.0,999.0,,,,,,,17.01,-0.052895,79043.0,1.0,17.88,1344521.43,RUBY,,,,,,1,10.0,1.0,,,,,,,,,,,,,,,,,,,,,,,,,,,,,,,,,,,7.0,,,,,,,,4.0,10,9.0,10,10
2018-10-09,17947,,11,3,9999.0,78116T10,RUBY,RUBIUS THERAPEUTICS INC,RUBY,,Q,A,R,56440,3,9999.0,,,,99.0,999.0,,,,,,,16.53,-0.028219,79043.0,1.0,16.71,1306580.79,RUBY,,,,,,1,10.0,1.0,,,,,,,,,,,,,,,,,,,,,,,,,,,,,,,,,,,7.0,,,,,,,,4.0,10,9.0,10,10
2018-10-10,17947,,11,3,9999.0,78116T10,RUBY,RUBIUS THERAPEUTICS INC,RUBY,,Q,A,R,56440,3,9999.0,,,,99.0,999.0,,,,,,,16.2,-0.019964,79043.0,1.0,16.52,1280496.6,RUBY,,,,,,1,10.0,1.0,,,,,,,,,,,,,,,,,,,,,,,,,,,,,,,,,,,7.0,,,,,,,,4.0,10,9.0,10,10
2018-10-11,17947,,11,3,9999.0,78116T10,RUBY,RUBIUS THERAPEUTICS INC,RUBY,,Q,A,R,56440,3,9999.0,,,,99.0,999.0,,,,,,,17.02,0.050617,79043.0,1.0,16.16,1345311.86,RUBY,,,,,,1,10.0,1.0,,,,,,,,,,,,,,,,,,,,,,,,,,,,,,,,,,,7.0,,,,,,,,4.0,10,9.0,10,10
2018-10-12,17947,,11,3,9999.0,78116T10,RUBY,RUBIUS THERAPEUTICS INC,RUBY,,Q,A,R,56440,3,9999.0,,,,99.0,999.0,,,,,,,18.0,0.057579,79043.0,1.0,17.71,1422774.0,RUBY,,,,,,1,10.0,1.0,,,,,,,,,,,,,,,,,,,,,,,,,,,,,,,,,,,7.0,,,,,,,,4.0,10,9.0,10,10
2018-10-15,17947,,11,3,9999.0,78116T10,RUBY,RUBIUS THERAPEUTICS INC,RUBY,,Q,A,R,56440,3,9999.0,,,,99.0,999.0,,,,,,,17.27,-0.040556,79043.0,1.0,17.93,1365072.61,RUBY,,,,,,1,10.0,1.0,,,,,,,,,,,,,,,,,,,,,,,,,,,,,,,,,,,7.0,,,,,,,,4.0,10,9.0,10,10
2018-10-16,17947,,11,3,9999.0,78116T10,RUBY,RUBIUS THERAPEUTICS INC,RUBY,,Q,A,R,56440,3,9999.0,,,,99.0,999.0,,,,,,,18.56,0.074696,79043.0,1.0,17.26,1467038.08,RUBY,,,,,,1,10.0,1.0,,,,,,,,,,,,,,,,,,,,,,,,,,,,,,,,,,,7.0,,,,,,,,4.0,10,9.0,10,10
2018-10-17,17947,,11,3,9999.0,78116T10,RUBY,RUBIUS THERAPEUTICS INC,RUBY,,Q,A,R,56440,3,9999.0,,,,99.0,999.0,,,,,,,17.77,-0.042565,79043.0,1.0,18.55,1404594.11,RUBY,,,,,,1,10.0,1.0,,,,,,,,,,,,,,,,,,,,,,,,,,,,,,,,,,,7.0,,,,,,,,4.0,10,9.0,10,10
2018-10-18,17947,,11,3,9999.0,78116T10,RUBY,RUBIUS THERAPEUTICS INC,RUBY,,Q,A,R,56440,3,9999.0,,,,99.0,999.0,,,,,,,17.17,-0.033765,79043.0,1.0,17.66,1357168.31,RUBY,,,,,,1,10.0,1.0,,,,,,,,,,,,,,,,,,,,,,,,,,,,,,,,,,,7.0,,,,,,,,4.0,10,9.0,10,10
2018-10-19,17947,,11,3,9999.0,78116T10,RUBY,RUBIUS THERAPEUTICS INC,RUBY,,Q,A,R,56440,3,9999.0,,,,99.0,999.0,,,,,,,17.13,-0.00233,79043.0,1.0,17.03,1354006.59,RUBY,,,,,,1,10.0,1.0,,,,,,,,,,,,,,,,,,,,,,,,,,,,,,,,,,,7.0,,,,,,,,4.0,10,9.0,10,10
2018-10-22,17947,,11,3,9999.0,78116T10,RUBY,RUBIUS THERAPEUTICS INC,RUBY,,Q,A,R,56440,3,9999.0,,,,99.0,999.0,,,,,,,17.23,0.005838,79043.0,1.0,17.26,1361910.89,RUBY,,,,,,1,10.0,1.0,,,,,,,,,,,,,,,,,,,,,,,,,,,,,,,,,,,7.0,,,,,,,,4.0,10,9.0,10,10
2018-10-23,17947,,11,3,9999.0,78116T10,RUBY,RUBIUS THERAPEUTICS INC,RUBY,,Q,A,R,56440,3,9999.0,,,,99.0,999.0,,,,,,,16.13,-0.063842,79043.0,1.0,17.0,1274963.59,RUBY,,,,,,1,10.0,1.0,,,,,,,,,,,,,,,,,,,,,,,,,,,,,,,,,,,7.0,,,,,,,,4.0,10,9.0,10,10
2018-10-24,17947,,11,3,9999.0,78116T10,RUBY,RUBIUS THERAPEUTICS INC,RUBY,,Q,A,R,56440,3,9999.0,,,,99.0,999.0,,,,,,,15.93,-0.012399,79043.0,1.0,16.17,1259154.99,RUBY,,,,,,1,10.0,1.0,,,,,,,,,,,,,,,,,,,,,,,,,,,,,,,,,,,7.0,,,,,,,,4.0,10,9.0,10,10
2018-10-25,17947,,11,3,9999.0,78116T10,RUBY,RUBIUS THERAPEUTICS INC,RUBY,,Q,A,R,56440,3,9999.0,,,,99.0,999.0,,,,,,,16.56,0.039548,79043.0,1.0,16.04,1308952.08,RUBY,,,,,,1,10.0,1.0,,,,,,,,,,,,,,,,,,,,,,,,,,,,,,,,,,,7.0,,,,,,,,4.0,10,9.0,10,10
2018-10-26,17947,,11,3,9999.0,78116T10,RUBY,RUBIUS THERAPEUTICS INC,RUBY,,Q,A,R,56440,3,9999.0,,,,99.0,999.0,,,,,,,17.1,0.032609,79043.0,1.0,16.35,1351635.3,RUBY,,,,,,1,10.0,1.0,,,,,,,,,,,,,,,,,,,,,,,,,,,,,,,,,,,7.0,,,,,,,,4.0,10,9.0,10,10
2018-10-29,17947,,11,3,9999.0,78116T10,RUBY,RUBIUS THERAPEUTICS INC,RUBY,,Q,A,R,56440,3,9999.0,,,,99.0,999.0,,,,,,,16.72,-0.022222,79043.0,1.0,17.42,1321598.96,RUBY,,,,,,1,10.0,1.0,,,,,,,,,,,,,,,,,,,,,,,,,,,,,,,,,,,7.0,,,,,,,,4.0,10,9.0,10,10
2018-10-30,17947,,11,3,9999.0,78116T10,RUBY,RUBIUS THERAPEUTICS INC,RUBY,,Q,A,R,56440,3,9999.0,,,,99.0,999.0,,,,,,,16.6,-0.007177,79043.0,1.0,16.62,1312113.8,RUBY,,,,,,1,10.0,1.0,,,,,,,,,,,,,,,,,,,,,,,,,,,,,,,,,,,7.0,,,,,,,,4.0,10,9.0,10,10
2018-10-31,17947,,11,3,9999.0,78116T10,RUBY,RUBIUS THERAPEUTICS INC,RUBY,,Q,A,R,56440,3,9999.0,,,,99.0,999.0,,,,,,,16.43,-0.010241,79044.0,1.0,16.83,1298692.92,RUBY,,,,,,1,10.0,1.0,,,,,,,,,,,,,,,,,,,,,,,,,,,,,,,,,,,7.0,,,,,,,,4.0,10,9.0,10,10
2018-11-01,17947,,11,3,9999.0,78116T10,RUBY,RUBIUS THERAPEUTICS INC,RUBY,,Q,A,R,56440,3,9999.0,,,,99.0,999.0,,,,,,,18.35,0.116859,79044.0,1.0,16.52,1450457.4,RUBY,,,,,,1,10.0,1.0,,,,,,,,,,,,,,,,,,,,,,,,,,,,,,,,,2.0,1.0,10.0,1.0,,,,,,,3.0,10,10.0,10,10
2018-11-02,17947,,11,3,9999.0,78116T10,RUBY,RUBIUS THERAPEUTICS INC,RUBY,,Q,A,R,56440,3,9999.0,,,,99.0,999.0,,,,,,,18.09,-0.014169,79044.0,1.0,18.38,1429905.96,RUBY,,,,,,1,10.0,1.0,,,,,,,,,,,,,,,,,,,,,,,,,,,,,,,,,2.0,1.0,10.0,1.0,,,,,,,3.0,10,10.0,10,10
2018-11-05,17947,,11,3,9999.0,78116T10,RUBY,RUBIUS THERAPEUTICS INC,RUBY,,Q,A,R,56440,3,9999.0,,,,99.0,999.0,,,,,,,18.28,0.010503,79044.0,1.0,18.08,1444924.32,RUBY,,,,,,1,10.0,1.0,,,,,,,,,,,,,,,,,,,,,,,,,,,,,,,,,2.0,1.0,10.0,1.0,,,,,,,3.0,10,10.0,10,10
2018-11-06,17947,,11,3,9999.0,78116T10,RUBY,RUBIUS THERAPEUTICS INC,RUBY,,Q,A,R,56440,3,9999.0,,,,99.0,999.0,,,,,,,17.86,-0.022976,79044.0,1.0,18.19,1411725.84,RUBY,,,,,,1,10.0,1.0,,,,,,,,,,,,,,,,,,,,,,,,,,,,,,,,,2.0,1.0,10.0,1.0,,,,,,,3.0,10,10.0,10,10
2018-11-07,17947,,11,3,9999.0,78116T10,RUBY,RUBIUS THERAPEUTICS INC,RUBY,,Q,A,R,56440,3,9999.0,,,,99.0,999.0,,,,,,,17.18,-0.038074,79044.0,1.0,18.64,1357975.92,RUBY,,,,,,1,10.0,1.0,,,,,,,,,,,,,,,,,,,,,,,,,,,,,,,,,2.0,1.0,10.0,1.0,,,,,,,3.0,10,10.0,10,10
2018-11-08,17947,,11,3,9999.0,78116T10,RUBY,RUBIUS THERAPEUTICS INC,RUBY,,Q,A,R,56440,3,9999.0,,,,99.0,999.0,,,,,,,16.83,-0.020373,79044.0,1.0,16.98,1330310.52,RUBY,,,,,,1,10.0,1.0,,,,,,,,,,,,,,,,,,,,,,,,,,,,,,,,,2.0,1.0,10.0,1.0,,,,,,,3.0,10,10.0,10,10
2018-11-09,17947,,11,3,9999.0,78116T10,RUBY,RUBIUS THERAPEUTICS INC,RUBY,,Q,A,R,56440,3,9999.0,,,,99.0,999.0,,,,,,,15.69,-0.067736,79044.0,1.0,16.65,1240200.36,RUBY,,,,,,1,10.0,1.0,,,,,,,,,,,,,,,,,,,,,,,,,,,,,,,,,2.0,1.0,10.0,1.0,,,,,,,3.0,10,10.0,10,10
2018-11-12,17947,,11,3,9999.0,78116T10,RUBY,RUBIUS THERAPEUTICS INC,RUBY,,Q,A,R,56440,3,9999.0,,,,99.0,999.0,,,,,,,14.73,-0.061185,79044.0,1.0,15.68,1164318.12,RUBY,,,,,,1,10.0,1.0,,,,,,,,,,,,,,,,,,,,,,,,,,,,,,,,,2.0,1.0,10.0,1.0,,,,,,,3.0,10,10.0,10,10
2018-11-13,17947,,11,3,9999.0,78116T10,RUBY,RUBIUS THERAPEUTICS INC,RUBY,,Q,A,R,56440,3,9999.0,,,,99.0,999.0,,,,,,,17.58,0.193483,79044.0,1.0,14.63,1389593.52,RUBY,,,,,,1,10.0,1.0,,,,,,,,,,,,,,,,,,,,,,,,,,,,,,,,,2.0,1.0,10.0,1.0,,,,,,,3.0,10,10.0,10,10
2018-11-14,17947,,11,3,9999.0,78116T10,RUBY,RUBIUS THERAPEUTICS INC,RUBY,,Q,A,R,56440,3,9999.0,,,,99.0,999.0,,,,,,,18.47,0.050626,79044.0,1.0,17.6,1459942.68,RUBY,,,,,,1,10.0,1.0,,,,,,,,,,,,,,,,,,,,,,,,,,,,,,,,,2.0,1.0,10.0,1.0,,,,,,,3.0,10,10.0,10,10
2018-11-15,17947,,11,3,9999.0,78116T10,RUBY,RUBIUS THERAPEUTICS INC,RUBY,,Q,A,R,56440,3,9999.0,,,,99.0,999.0,,,,,,,20.35,0.101787,79044.0,1.0,18.38,1608545.4,RUBY,,,,,,1,10.0,1.0,,,,,,,,,,,,,,,,,,,,,,,,,,,,,,,,,2.0,1.0,10.0,1.0,,,,,,,3.0,10,10.0,10,10
2018-11-16,17947,,11,3,9999.0,78116T10,RUBY,RUBIUS THERAPEUTICS INC,RUBY,,Q,A,R,56440,3,9999.0,,,,99.0,999.0,,,,,,,20.23,-0.005897,79044.0,1.0,20.13,1599060.12,RUBY,,,,,,1,10.0,1.0,,,,,,,,,,,,,,,,,,,,,,,,,,,,,,,,,2.0,1.0,10.0,1.0,,,,,,,3.0,10,10.0,10,10
2018-11-19,17947,,11,3,9999.0,78116T10,RUBY,RUBIUS THERAPEUTICS INC,RUBY,,Q,A,R,56440,3,9999.0,,,,99.0,999.0,,,,,,,19.4,-0.041028,79044.0,1.0,20.23,1533453.6,RUBY,,,,,,1,10.0,1.0,,,,,,,,,,,,,,,,,,,,,,,,,,,,,,,,,2.0,1.0,10.0,1.0,,,,,,,3.0,10,10.0,10,10
2018-11-20,17947,,11,3,9999.0,78116T10,RUBY,RUBIUS THERAPEUTICS INC,RUBY,,Q,A,R,56440,3,9999.0,,,,99.0,999.0,,,,,,,19.03,-0.019072,79044.0,1.0,19.17,1504207.32,RUBY,,,,,,1,10.0,1.0,,,,,,,,,,,,,,,,,,,,,,,,,,,,,,,,,2.0,1.0,10.0,1.0,,,,,,,3.0,10,10.0,10,10
2018-11-21,17947,,11,3,9999.0,78116T10,RUBY,RUBIUS THERAPEUTICS INC,RUBY,,Q,A,R,56440,3,9999.0,,,,99.0,999.0,,,,,,,20.34,0.068839,79044.0,1.0,19.22,1607754.96,RUBY,,,,,,1,10.0,1.0,,,,,,,,,,,,,,,,,,,,,,,,,,,,,,,,,2.0,1.0,10.0,1.0,,,,,,,3.0,10,10.0,10,10
2018-11-23,17947,,11,3,9999.0,78116T10,RUBY,RUBIUS THERAPEUTICS INC,RUBY,,Q,A,R,56440,3,9999.0,,,,99.0,999.0,,,,,,,20.6,0.012783,79044.0,1.0,20.25,1628306.4,RUBY,,,,,,1,10.0,1.0,,,,,,,,,,,,,,,,,,,,,,,,,,,,,,,,,2.0,1.0,10.0,1.0,,,,,,,3.0,10,10.0,10,10
2018-11-26,17947,,11,3,9999.0,78116T10,RUBY,RUBIUS THERAPEUTICS INC,RUBY,,Q,A,R,56440,3,9999.0,,,,99.0,999.0,,,,,,,20.73,0.006311,79044.0,1.0,20.81,1638582.12,RUBY,,,,,,1,10.0,1.0,,,,,,,,,,,,,,,,,,,,,,,,,,,,,,,,,2.0,1.0,10.0,1.0,,,,,,,3.0,10,10.0,10,10
2018-11-27,17947,,11,3,9999.0,78116T10,RUBY,RUBIUS THERAPEUTICS INC,RUBY,,Q,A,R,56440,3,9999.0,,,,99.0,999.0,,,,,,,20.86,0.006271,79044.0,1.0,20.57,1648857.84,RUBY,,,,,,1,10.0,1.0,,,,,,,,,,,,,,,,,,,,,,,,,,,,,,,,,2.0,1.0,10.0,1.0,,,,,,,3.0,10,10.0,10,10
2018-11-28,17947,,11,3,9999.0,78116T10,RUBY,RUBIUS THERAPEUTICS INC,RUBY,,Q,A,R,56440,3,9999.0,,,,99.0,999.0,,,,,,,22.97,0.10115,79044.0,1.0,21.07,1815640.68,RUBY,,,,,,1,10.0,1.0,,,,,,,,,,,,,,,,,,,,,,,,,,,,,,,,,2.0,1.0,10.0,1.0,,,,,,,3.0,10,10.0,10,10
2018-11-29,17947,,11,3,9999.0,78116T10,RUBY,RUBIUS THERAPEUTICS INC,RUBY,,Q,A,R,56440,3,9999.0,,,,99.0,999.0,,,,,,,21.75,-0.053113,79044.0,1.0,23.51,1719207.0,RUBY,,,,,,1,10.0,1.0,,,,,,,,,,,,,,,,,,,,,,,,,,,,,,,,,2.0,1.0,10.0,1.0,,,,,,,3.0,10,10.0,10,10
2018-11-30,17947,,11,3,9999.0,78116T10,RUBY,RUBIUS THERAPEUTICS INC,RUBY,,Q,A,R,56440,3,9999.0,,,,99.0,999.0,,,,,,,21.38,-0.017012,79044.0,1.0,21.78,1689960.72,RUBY,,,,,,1,10.0,1.0,,,,,,,,,,,,,,,,,,,,,,,,,,,,,,,,,2.0,1.0,10.0,1.0,,,,,,,3.0,10,10.0,10,10
2018-12-03,17947,,11,3,9999.0,78116T10,RUBY,RUBIUS THERAPEUTICS INC,RUBY,,Q,A,R,56440,3,9999.0,,,,99.0,999.0,,,,,,,22.81,0.066885,79044.0,1.0,21.96,1802993.64,RUBY,,,,,,1,10.0,1.0,,,,,,,,,,,,,,,,,,,,,,,,,,,,,,,,,1.0,1.0,1.0,1.0,,,,,,,4.0,10,10.0,10,10
2018-12-04,17947,,11,3,9999.0,78116T10,RUBY,RUBIUS THERAPEUTICS INC,RUBY,,Q,A,R,56440,3,9999.0,,,,99.0,999.0,,,,,,,22.39,-0.018413,79044.0,1.0,22.86,1769795.16,RUBY,,,,,,1,10.0,1.0,,,,,,,,,,,,,,,,,,,,,,,,,,,,,,,,,1.0,1.0,1.0,1.0,,,,,,,4.0,10,10.0,10,10
2018-12-06,17947,,11,3,9999.0,78116T10,RUBY,RUBIUS THERAPEUTICS INC,RUBY,,Q,A,R,56440,3,9999.0,,,,99.0,999.0,,,,,,,21.23,-0.051809,79044.0,1.0,22.18,1678104.12,RUBY,,,,,,1,10.0,1.0,,,,,,,,,,,,,,,,,,,,,,,,,,,,,,,,,1.0,1.0,1.0,1.0,,,,,,,4.0,10,10.0,10,10
2018-12-07,17947,,11,3,9999.0,78116T10,RUBY,RUBIUS THERAPEUTICS INC,RUBY,,Q,A,R,56440,3,9999.0,,,,99.0,999.0,,,,,,,19.3,-0.090909,79044.0,1.0,21.04,1525549.2,RUBY,,,,,,1,10.0,1.0,,,,,,,,,,,,,,,,,,,,,,,,,,,,,,,,,1.0,1.0,1.0,1.0,,,,,,,4.0,10,10.0,10,10
2018-12-10,17947,,11,3,9999.0,78116T10,RUBY,RUBIUS THERAPEUTICS INC,RUBY,,Q,A,R,56440,3,9999.0,,,,99.0,999.0,,,,,,,19.18,-0.006218,79044.0,1.0,19.2,1516063.92,RUBY,,,,,,1,10.0,1.0,,,,,,,,,,,,,,,,,,,,,,,,,,,,,,,,,1.0,1.0,1.0,1.0,,,,,,,4.0,10,10.0,10,10
2018-12-11,17947,,11,3,9999.0,78116T10,RUBY,RUBIUS THERAPEUTICS INC,RUBY,,Q,A,R,56440,3,9999.0,,,,99.0,999.0,,,,,,,18.76,-0.021898,79044.0,1.0,19.13,1482865.44,RUBY,,,,,,1,10.0,1.0,,,,,,,,,,,,,,,,,,,,,,,,,,,,,,,,,1.0,1.0,1.0,1.0,,,,,,,4.0,10,10.0,10,10
2018-12-12,17947,,11,3,9999.0,78116T10,RUBY,RUBIUS THERAPEUTICS INC,RUBY,,Q,A,R,56440,3,9999.0,,,,99.0,999.0,,,,,,,19.81,0.05597,79044.0,1.0,19.04,1565861.64,RUBY,,,,,,1,10.0,1.0,,,,,,,,,,,,,,,,,,,,,,,,,,,,,,,,,1.0,1.0,1.0,1.0,,,,,,,4.0,10,10.0,10,10
2018-12-13,17947,,11,3,9999.0,78116T10,RUBY,RUBIUS THERAPEUTICS INC,RUBY,,Q,A,R,56440,3,9999.0,,,,99.0,999.0,,,,,,,17.06,-0.138819,79044.0,1.0,20.09,1348490.64,RUBY,,,,,,1,10.0,1.0,,,,,,,,,,,,,,,,,,,,,,,,,,,,,,,,,1.0,1.0,1.0,1.0,,,,,,,4.0,10,10.0,10,10
2018-12-14,17947,,11,3,9999.0,78116T10,RUBY,RUBIUS THERAPEUTICS INC,RUBY,,Q,A,R,56440,3,9999.0,,,,99.0,999.0,,,,,,,17.06,0.0,79044.0,1.0,17.06,1348490.64,RUBY,,,,,,1,10.0,1.0,,,,,,,,,,,,,,,,,,,,,,,,,,,,,,,,,1.0,1.0,1.0,1.0,,,,,,,4.0,10,10.0,10,10
2018-12-17,17947,,11,3,9999.0,78116T10,RUBY,RUBIUS THERAPEUTICS INC,RUBY,,Q,A,R,56440,3,9999.0,,,,99.0,999.0,,,,,,,17.63,0.033411,79044.0,1.0,17.05,1393545.72,RUBY,,,,,,1,10.0,1.0,,,,,,,,,,,,,,,,,,,,,,,,,,,,,,,,,1.0,1.0,1.0,1.0,,,,,,,4.0,10,10.0,10,10
2018-12-18,17947,,11,3,9999.0,78116T10,RUBY,RUBIUS THERAPEUTICS INC,RUBY,,Q,A,R,56440,3,9999.0,,,,99.0,999.0,,,,,,,17.06,-0.032331,79044.0,1.0,17.75,1348490.64,RUBY,,,,,,1,10.0,1.0,,,,,,,,,,,,,,,,,,,,,,,,,,,,,,,,,1.0,1.0,1.0,1.0,,,,,,,4.0,10,10.0,10,10
2018-12-19,17947,,11,3,9999.0,78116T10,RUBY,RUBIUS THERAPEUTICS INC,RUBY,,Q,A,R,56440,3,9999.0,,,,99.0,999.0,,,,,,,15.84,-0.071512,79044.0,1.0,17.16,1252056.96,RUBY,,,,,,1,10.0,1.0,,,,,,,,,,,,,,,,,,,,,,,,,,,,,,,,,1.0,1.0,1.0,1.0,,,,,,,4.0,10,10.0,10,10
2018-12-20,17947,,11,3,9999.0,78116T10,RUBY,RUBIUS THERAPEUTICS INC,RUBY,,Q,A,R,56440,3,9999.0,,,,99.0,999.0,,,,,,,16.11,0.017045,79044.0,1.0,15.92,1273398.84,RUBY,,,,,,1,10.0,1.0,,,,,,,,,,,,,,,,,,,,,,,,,,,,,,,,,1.0,1.0,1.0,1.0,,,,,,,4.0,10,10.0,10,10
2018-12-21,17947,,11,3,9999.0,78116T10,RUBY,RUBIUS THERAPEUTICS INC,RUBY,,Q,A,R,56440,3,9999.0,,,,99.0,999.0,,,,,,,15.84,-0.01676,79044.0,1.0,16.15,1252056.96,RUBY,,,,,,1,10.0,1.0,,,,,,,,,,,,,,,,,,,,,,,,,,,,,,,,,1.0,1.0,1.0,1.0,,,,,,,4.0,10,10.0,10,10
2018-12-24,17947,,11,3,9999.0,78116T10,RUBY,RUBIUS THERAPEUTICS INC,RUBY,,Q,A,R,56440,3,9999.0,,,,99.0,999.0,,,,,,,13.83,-0.126894,79044.0,1.0,15.42,1093178.52,RUBY,,,,,,1,10.0,1.0,,,,,,,,,,,,,,,,,,,,,,,,,,,,,,,,,1.0,1.0,1.0,1.0,,,,,,,4.0,10,10.0,10,10
2018-12-26,17947,,11,3,9999.0,78116T10,RUBY,RUBIUS THERAPEUTICS INC,RUBY,,Q,A,R,56440,3,9999.0,,,,99.0,999.0,,,,,,,15.74,0.138106,79044.0,1.0,14.07,1244152.56,RUBY,,,,,,1,10.0,1.0,,,,,,,,,,,,,,,,,,,,,,,,,,,,,,,,,1.0,1.0,1.0,1.0,,,,,,,4.0,10,10.0,10,10
2018-12-27,17947,,11,3,9999.0,78116T10,RUBY,RUBIUS THERAPEUTICS INC,RUBY,,Q,A,R,56440,3,9999.0,,,,99.0,999.0,,,,,,,15.76,0.001271,79044.0,1.0,15.43,1245733.44,RUBY,,,,,,1,10.0,1.0,,,,,,,,,,,,,,,,,,,,,,,,,,,,,,,,,1.0,1.0,1.0,1.0,,,,,,,4.0,10,10.0,10,10
2018-12-28,17947,,11,3,9999.0,78116T10,RUBY,RUBIUS THERAPEUTICS INC,RUBY,,Q,A,R,56440,3,9999.0,,,,99.0,999.0,,,,,,,16.29,0.033629,79044.0,1.0,15.84,1287626.76,RUBY,,,,,,1,10.0,1.0,,,,,,,,,,,,,,,,,,,,,,,,,,,,,,,,,1.0,1.0,1.0,1.0,,,,,,,4.0,10,10.0,10,10
2018-12-31,17947,,11,3,9999.0,78116T10,RUBY,RUBIUS THERAPEUTICS INC,RUBY,,Q,A,R,56440,3,9999.0,,,,99.0,999.0,,,,,,,16.08,-0.012891,79235.0,1.0,16.6,1274098.8,RUBY,,,,,,1,10.0,1.0,,,,,,,,,,,,,,,,,,,,,,,,,,,,,,,,,1.0,1.0,1.0,1.0,,,,,,,4.0,10,10.0,10,10
2019-01-02,17947,,11,3,9999.0,78116T10,RUBY,RUBIUS THERAPEUTICS INC,RUBY,,Q,A,R,56440,3,9999.0,,,,99.0,999.0,,,,,,,18.1,0.125622,79235.0,1.0,15.99,1434153.5,RUBY,,,,,,1,10.0,1.0,,,,,,,,,,,,,,,,,,,,,,,,,,,,,,,,,1.0,1.0,10.0,1.0,,,,,,,3.0,10,10.0,10,10
2019-01-03,17947,,11,3,9999.0,78116T10,RUBY,RUBIUS THERAPEUTICS INC,RUBY,,Q,A,R,56440,3,9999.0,,,,99.0,999.0,,,,,,,17.99,-0.006077,79235.0,1.0,18.04,1425437.65,RUBY,,,,,,1,10.0,1.0,,,,,,,,,,,,,,,,,,,,,,,,,,,,,,,,,1.0,1.0,10.0,1.0,,,,,,,3.0,10,10.0,10,10
2019-01-04,17947,,11,3,9999.0,78116T10,RUBY,RUBIUS THERAPEUTICS INC,RUBY,,Q,A,R,56440,3,9999.0,,,,99.0,999.0,,,,,,,18.51,0.028905,79235.0,1.0,18.37,1466639.85,RUBY,,,,,,1,10.0,1.0,,,,,,,,,,,,,,,,,,,,,,,,,,,,,,,,,1.0,1.0,10.0,1.0,,,,,,,3.0,10,10.0,10,10
2019-01-07,17947,,11,3,9999.0,78116T10,RUBY,RUBIUS THERAPEUTICS INC,RUBY,,Q,A,R,56440,3,9999.0,,,,99.0,999.0,,,,,,,17.02,-0.080497,79235.0,1.0,18.66,1348579.7,RUBY,,,,,,1,10.0,1.0,,,,,,,,,,,,,,,,,,,,,,,,,,,,,,,,,1.0,1.0,10.0,1.0,,,,,,,3.0,10,10.0,10,10
2019-01-08,17947,,11,3,9999.0,78116T10,RUBY,RUBIUS THERAPEUTICS INC,RUBY,,Q,A,R,56440,3,9999.0,,,,99.0,999.0,,,,,,,15.55,-0.086369,79235.0,1.0,17.27,1232104.25,RUBY,,,,,,1,10.0,1.0,,,,,,,,,,,,,,,,,,,,,,,,,,,,,,,,,1.0,1.0,10.0,1.0,,,,,,,3.0,10,10.0,10,10
2019-01-09,17947,,11,3,9999.0,78116T10,RUBY,RUBIUS THERAPEUTICS INC,RUBY,,Q,A,R,56440,3,9999.0,,,,99.0,999.0,,,,,,,15.44,-0.007074,79235.0,1.0,15.76,1223388.4,RUBY,,,,,,1,10.0,1.0,,,,,,,,,,,,,,,,,,,,,,,,,,,,,,,,,1.0,1.0,10.0,1.0,,,,,,,3.0,10,10.0,10,10
2019-01-10,17947,,11,3,9999.0,78116T10,RUBY,RUBIUS THERAPEUTICS INC,RUBY,,Q,A,R,56440,3,9999.0,,,,99.0,999.0,,,,,,,15.02,-0.027202,79235.0,1.0,15.38,1190109.7,RUBY,,,,,,1,10.0,1.0,,,,,,,,,,,,,,,,,,,,,,,,,,,,,,,,,1.0,1.0,10.0,1.0,,,,,,,3.0,10,10.0,10,10
2019-01-11,17947,,11,3,9999.0,78116T10,RUBY,RUBIUS THERAPEUTICS INC,RUBY,,Q,A,R,56440,3,9999.0,,,,99.0,999.0,,,,,,,15.47,0.02996,79235.0,1.0,14.96,1225765.45,RUBY,,,,,,1,10.0,1.0,,,,,,,,,,,,,,,,,,,,,,,,,,,,,,,,,1.0,1.0,10.0,1.0,,,,,,,3.0,10,10.0,10,10
2019-01-14,17947,,11,3,9999.0,78116T10,RUBY,RUBIUS THERAPEUTICS INC,RUBY,,Q,A,R,56440,3,9999.0,,,,99.0,999.0,,,,,,,14.51,-0.062056,79235.0,1.0,15.33,1149699.85,RUBY,,,,,,1,10.0,1.0,,,,,,,,,,,,,,,,,,,,,,,,,,,,,,,,,1.0,1.0,10.0,1.0,,,,,,,3.0,10,10.0,10,10
2019-01-15,17947,,11,3,9999.0,78116T10,RUBY,RUBIUS THERAPEUTICS INC,RUBY,,Q,A,R,56440,3,9999.0,,,,99.0,999.0,,,,,,,14.79,0.019297,79235.0,1.0,14.48,1171885.65,RUBY,,,,,,1,10.0,1.0,,,,,,,,,,,,,,,,,,,,,,,,,,,,,,,,,1.0,1.0,10.0,1.0,,,,,,,3.0,10,10.0,10,10
2019-01-16,17947,,11,3,9999.0,78116T10,RUBY,RUBIUS THERAPEUTICS INC,RUBY,,Q,A,R,56440,3,9999.0,,,,99.0,999.0,,,,,,,14.95,0.010818,79235.0,1.0,14.85,1184563.25,RUBY,,,,,,1,10.0,1.0,,,,,,,,,,,,,,,,,,,,,,,,,,,,,,,,,1.0,1.0,10.0,1.0,,,,,,,3.0,10,10.0,10,10
2019-01-17,17947,,11,3,9999.0,78116T10,RUBY,RUBIUS THERAPEUTICS INC,RUBY,,Q,A,R,56440,3,9999.0,,,,99.0,999.0,,,,,,,14.56,-0.026087,79235.0,1.0,14.85,1153661.6,RUBY,,,,,,1,10.0,1.0,,,,,,,,,,,,,,,,,,,,,,,,,,,,,,,,,1.0,1.0,10.0,1.0,,,,,,,3.0,10,10.0,10,10
2019-01-18,17947,,11,3,9999.0,78116T10,RUBY,RUBIUS THERAPEUTICS INC,RUBY,,Q,A,R,56440,3,9999.0,,,,99.0,999.0,,,,,,,13.97,-0.040522,79235.0,1.0,14.5,1106912.95,RUBY,,,,,,1,10.0,1.0,,,,,,,,,,,,,,,,,,,,,,,,,,,,,,,,,1.0,1.0,10.0,1.0,,,,,,,3.0,10,10.0,10,10
2019-01-22,17947,,11,3,9999.0,78116T10,RUBY,RUBIUS THERAPEUTICS INC,RUBY,,Q,A,R,56440,3,9999.0,,,,99.0,999.0,,,,,,,14.32,0.025054,79235.0,1.0,13.93,1134645.2,RUBY,,,,,,1,10.0,1.0,,,,,,,,,,,,,,,,,,,,,,,,,,,,,,,,,1.0,1.0,10.0,1.0,,,,,,,3.0,10,10.0,10,10
2019-01-23,17947,,11,3,9999.0,78116T10,RUBY,RUBIUS THERAPEUTICS INC,RUBY,,Q,A,R,56440,3,9999.0,,,,99.0,999.0,,,,,,,13.66,-0.046089,79235.0,1.0,14.37,1082350.1,RUBY,,,,,,1,10.0,1.0,,,,,,,,,,,,,,,,,,,,,,,,,,,,,,,,,1.0,1.0,10.0,1.0,,,,,,,3.0,10,10.0,10,10
2019-01-24,17947,,11,3,9999.0,78116T10,RUBY,RUBIUS THERAPEUTICS INC,RUBY,,Q,A,R,56440,3,9999.0,,,,99.0,999.0,,,,,,,13.67,0.000732,79235.0,1.0,13.7,1083142.45,RUBY,,,,,,1,10.0,1.0,,,,,,,,,,,,,,,,,,,,,,,,,,,,,,,,,1.0,1.0,10.0,1.0,,,,,,,3.0,10,10.0,10,10
2019-01-25,17947,,11,3,9999.0,78116T10,RUBY,RUBIUS THERAPEUTICS INC,RUBY,,Q,A,R,56440,3,9999.0,,,,99.0,999.0,,,,,,,14.04,0.027067,79235.0,1.0,13.29,1112459.4,RUBY,,,,,,1,10.0,1.0,,,,,,,,,,,,,,,,,,,,,,,,,,,,,,,,,1.0,1.0,10.0,1.0,,,,,,,3.0,10,10.0,10,10
2019-01-28,17947,,11,3,9999.0,78116T10,RUBY,RUBIUS THERAPEUTICS INC,RUBY,,Q,A,R,56440,3,9999.0,,,,99.0,999.0,,,,,,,13.92,-0.008547,79235.0,1.0,13.86,1102951.2,RUBY,,,,,,1,10.0,1.0,,,,,,,,,,,,,,,,,,,,,,,,,,,,,,,,,1.0,1.0,10.0,1.0,,,,,,,3.0,10,10.0,10,10
2019-01-29,17947,,11,3,9999.0,78116T10,RUBY,RUBIUS THERAPEUTICS INC,RUBY,,Q,A,R,56440,3,9999.0,,,,99.0,999.0,,,,,,,13.91,-0.000718,79235.0,1.0,14.02,1102158.85,RUBY,,,,,,1,10.0,1.0,,,,,,,,,,,,,,,,,,,,,,,,,,,,,,,,,1.0,1.0,10.0,1.0,,,,,,,3.0,10,10.0,10,10
2019-01-30,17947,,11,3,9999.0,78116T10,RUBY,RUBIUS THERAPEUTICS INC,RUBY,,Q,A,R,56440,3,9999.0,,,,99.0,999.0,,,,,,,13.6,-0.022286,79235.0,1.0,13.94,1077596.0,RUBY,,,,,,1,10.0,1.0,,,,,,,,,,,,,,,,,,,,,,,,,,,,,,,,,1.0,1.0,10.0,1.0,,,,,,,3.0,10,10.0,10,10
2019-01-31,17947,,11,3,9999.0,78116T10,RUBY,RUBIUS THERAPEUTICS INC,RUBY,,Q,A,R,56440,3,9999.0,,,,99.0,999.0,,,,,,,13.69,0.006618,79235.0,1.0,13.62,1084727.15,RUBY,,,,,,1,10.0,1.0,,,,,,,,,,,,,,,,,,,,,,,,,,,,,,,,,1.0,1.0,10.0,1.0,,,,,,,3.0,10,10.0,10,10
2019-02-01,17947,,11,3,9999.0,78116T10,RUBY,RUBIUS THERAPEUTICS INC,RUBY,,Q,A,R,56440,3,9999.0,,,,99.0,999.0,,,,,,,13.92,0.016801,79235.0,1.0,13.68,1102951.2,RUBY,,,,,,1,10.0,1.0,,,,,,,,,,,,,,,,,,,,,4.0,,,,,,,,,,,,1.0,1.0,10.0,1.0,,,,,,,3.0,10,10.0,10,10
2019-02-04,17947,,11,3,9999.0,78116T10,RUBY,RUBIUS THERAPEUTICS INC,RUBY,,Q,A,R,56440,3,9999.0,,,,99.0,999.0,,,,,,,13.84,-0.005747,79235.0,1.0,13.9,1096612.4,RUBY,,,,,,1,10.0,1.0,,,,,,,,,,,,,,,,,,,,,4.0,,,,,,,,,,,,1.0,1.0,10.0,1.0,,,,,,,3.0,10,10.0,10,10
2019-02-05,17947,,11,3,9999.0,78116T10,RUBY,RUBIUS THERAPEUTICS INC,RUBY,,Q,A,R,56440,3,9999.0,,,,99.0,999.0,,,,,,,14.22,0.027457,79235.0,1.0,13.86,1126721.7,RUBY,,,,,,1,10.0,1.0,,,,,,,,,,,,,,,,,,,,,4.0,,,,,,,,,,,,1.0,1.0,10.0,1.0,,,,,,,3.0,10,10.0,10,10
2019-02-06,17947,,11,3,9999.0,78116T10,RUBY,RUBIUS THERAPEUTICS INC,RUBY,,Q,A,R,56440,3,9999.0,,,,99.0,999.0,,,,,,,14.5,0.019691,79235.0,1.0,14.2,1148907.5,RUBY,,,,,,1,10.0,1.0,,,,,,,,,,,,,,,,,,,,,4.0,,,,,,,,,,,,1.0,1.0,10.0,1.0,,,,,,,3.0,10,10.0,10,10
2019-02-07,17947,,11,3,9999.0,78116T10,RUBY,RUBIUS THERAPEUTICS INC,RUBY,,Q,A,R,56440,3,9999.0,,,,99.0,999.0,,,,,,,13.96,-0.037241,79235.0,1.0,14.4,1106120.6,RUBY,,,,,,1,10.0,1.0,,,,,,,,,,,,,,,,,,,,,4.0,,,,,,,,,,,,1.0,1.0,10.0,1.0,,,,,,,3.0,10,10.0,10,10
2019-02-08,17947,,11,3,9999.0,78116T10,RUBY,RUBIUS THERAPEUTICS INC,RUBY,,Q,A,R,56440,3,9999.0,,,,99.0,999.0,,,,,,,13.3,-0.047278,79235.0,1.0,13.95,1053825.5,RUBY,,,,,,1,10.0,1.0,,,,,,,,,,,,,,,,,,,,,4.0,,,,,,,,,,,,1.0,1.0,10.0,1.0,,,,,,,3.0,10,10.0,10,10
2019-02-11,17947,,11,3,9999.0,78116T10,RUBY,RUBIUS THERAPEUTICS INC,RUBY,,Q,A,R,56440,3,9999.0,,,,99.0,999.0,,,,,,,13.83,0.03985,79235.0,1.0,13.46,1095820.05,RUBY,,,,,,1,10.0,1.0,,,,,,,,,,,,,,,,,,,,,4.0,,,,,,,,,,,,1.0,1.0,10.0,1.0,,,,,,,3.0,10,10.0,10,10
2019-02-12,17947,,11,3,9999.0,78116T10,RUBY,RUBIUS THERAPEUTICS INC,RUBY,,Q,A,R,56440,3,9999.0,,,,99.0,999.0,,,,,,,13.89,0.004338,79235.0,1.0,13.83,1100574.15,RUBY,,,,,,1,10.0,1.0,,,,,,,,,,,,,,,,,,,,,4.0,,,,,,,,,,,,1.0,1.0,10.0,1.0,,,,,,,3.0,10,10.0,10,10
2019-02-13,17947,,11,3,9999.0,78116T10,RUBY,RUBIUS THERAPEUTICS INC,RUBY,,Q,A,R,56440,3,9999.0,,,,99.0,999.0,,,,,,,13.78,-0.007919,79235.0,1.0,13.98,1091858.3,RUBY,,,,,,1,10.0,1.0,,,,,,,,,,,,,,,,,,,,,4.0,,,,,,,,,,,,1.0,1.0,10.0,1.0,,,,,,,3.0,10,10.0,10,10
2019-02-14,17947,,11,3,9999.0,78116T10,RUBY,RUBIUS THERAPEUTICS INC,RUBY,,Q,A,R,56440,3,9999.0,,,,99.0,999.0,,,,,,,13.7,-0.005806,79235.0,1.0,13.75,1085519.5,RUBY,,,,,,1,10.0,1.0,,,,,,,,,,,,,,,,,,,,,4.0,,,,,,,,,,,,1.0,1.0,10.0,1.0,,,,,,,3.0,10,10.0,10,10
2019-02-15,17947,,11,3,9999.0,78116T10,RUBY,RUBIUS THERAPEUTICS INC,RUBY,,Q,A,R,56440,3,9999.0,,,,99.0,999.0,,,,,,,13.97,0.019708,79235.0,1.0,13.73,1106912.95,RUBY,,,,,,1,10.0,1.0,,,,,,,,,,,,,,,,,,,,,4.0,,,,,,,,,,,,1.0,1.0,10.0,1.0,,,,,,,3.0,10,10.0,10,10
2019-02-19,17947,,11,3,9999.0,78116T10,RUBY,RUBIUS THERAPEUTICS INC,RUBY,,Q,A,R,56440,3,9999.0,,,,99.0,999.0,,,,,,,13.27,-0.050107,79235.0,1.0,14.0,1051448.45,RUBY,,,,,,1,10.0,1.0,,,,,,,,,,,,,,,,,,,,,4.0,,,,,,,,,,,,1.0,1.0,10.0,1.0,,,,,,,3.0,10,10.0,10,10
2019-02-20,17947,,11,3,9999.0,78116T10,RUBY,RUBIUS THERAPEUTICS INC,RUBY,,Q,A,R,56440,3,9999.0,,,,99.0,999.0,,,,,,,13.5,0.017332,79235.0,1.0,13.37,1069672.5,RUBY,,,,,,1,10.0,1.0,,,,,,,,,,,,,,,,,,,,,4.0,,,,,,,,,,,,1.0,1.0,10.0,1.0,,,,,,,3.0,10,10.0,10,10
2019-02-21,17947,,11,3,9999.0,78116T10,RUBY,RUBIUS THERAPEUTICS INC,RUBY,,Q,A,R,56440,3,9999.0,,,,99.0,999.0,,,,,,,13.35,-0.011111,79235.0,1.0,13.5,1057787.25,RUBY,,,,,,1,10.0,1.0,,,,,,,,,,,,,,,,,,,,,4.0,,,,,,,,,,,,1.0,1.0,10.0,1.0,,,,,,,3.0,10,10.0,10,10
2019-02-22,17947,,11,3,9999.0,78116T10,RUBY,RUBIUS THERAPEUTICS INC,RUBY,,Q,A,R,56440,3,9999.0,,,,99.0,999.0,,,,,,,14.45,0.082397,79235.0,1.0,13.47,1144945.75,RUBY,,,,,,1,10.0,1.0,,,,,,,,,,,,,,,,,,,,,4.0,,,,,,,,,,,,1.0,1.0,10.0,1.0,,,,,,,3.0,10,10.0,10,10
2019-02-25,17947,,11,3,9999.0,78116T10,RUBY,RUBIUS THERAPEUTICS INC,RUBY,,Q,A,R,56440,3,9999.0,,,,99.0,999.0,,,,,,,15.82,0.09481,79235.0,1.0,14.62,1253497.7,RUBY,,,,,,1,10.0,1.0,,,,,,,,,,,,,,,,,,,,,4.0,,,,,,,,,,,,1.0,1.0,10.0,1.0,,,,,,,3.0,10,10.0,10,10
2019-02-26,17947,,11,3,9999.0,78116T10,RUBY,RUBIUS THERAPEUTICS INC,RUBY,,Q,A,R,56440,3,9999.0,,,,99.0,999.0,,,,,,,16.73,0.057522,79235.0,1.0,15.67,1325601.55,RUBY,,,,,,1,10.0,1.0,,,,,,,,,,,,,,,,,,,,,4.0,,,,,,,,,,,,1.0,1.0,10.0,1.0,,,,,,,3.0,10,10.0,10,10
2019-02-27,17947,,11,3,9999.0,78116T10,RUBY,RUBIUS THERAPEUTICS INC,RUBY,,Q,A,R,56440,3,9999.0,,,,99.0,999.0,,,,,,,17.12,0.023311,79235.0,1.0,16.54,1356503.2,RUBY,,,,,,1,10.0,1.0,,,,,,,,,,,,,,,,,,,,,4.0,,,,,,,,,,,,1.0,1.0,10.0,1.0,,,,,,,3.0,10,10.0,10,10
2019-02-28,17947,,11,3,9999.0,78116T10,RUBY,RUBIUS THERAPEUTICS INC,RUBY,,Q,A,R,56440,3,9999.0,,,,99.0,999.0,,,,,,,15.88,-0.07243,79530.0,1.0,17.03,1262936.4,RUBY,,,,,,1,10.0,1.0,,,,,,,,,,,,,,,,,,,,,4.0,,,,,,,,,,,,1.0,1.0,10.0,1.0,,,,,,,3.0,10,10.0,10,10
2019-03-01,17947,,11,3,9999.0,78116T10,RUBY,RUBIUS THERAPEUTICS INC,RUBY,,Q,A,R,56440,3,9999.0,,,,99.0,999.0,,,,,,,16.65,0.048489,79530.0,1.0,15.9,1324174.5,RUBY,,,,,,1,10.0,1.0,,,,,,,,,,,,,,,,,,,,,1.0,,,,,,,,4.0,,,,,,1.0,1.0,,,,,,,3.0,10,10.0,10,10
2019-03-04,17947,,11,3,9999.0,78116T10,RUBY,RUBIUS THERAPEUTICS INC,RUBY,,Q,A,R,56440,3,9999.0,,,,99.0,999.0,,,,,,,17.42,0.046246,79530.0,1.0,16.82,1385412.6,RUBY,,,,,,1,10.0,1.0,,,,,,,,,,,,,,,,,,,,,1.0,,,,,,,,4.0,,,,,,1.0,1.0,,,,,,,3.0,10,10.0,10,10
2019-03-05,17947,,11,3,9999.0,78116T10,RUBY,RUBIUS THERAPEUTICS INC,RUBY,,Q,A,R,56440,3,9999.0,,,,99.0,999.0,,,,,,,16.48,-0.053961,79530.0,1.0,17.23,1310654.4,RUBY,,,,,,1,10.0,1.0,,,,,,,,,,,,,,,,,,,,,1.0,,,,,,,,4.0,,,,,,1.0,1.0,,,,,,,3.0,10,10.0,10,10
2019-03-06,17947,,11,3,9999.0,78116T10,RUBY,RUBIUS THERAPEUTICS INC,RUBY,,Q,A,R,56440,3,9999.0,,,,99.0,999.0,,,,,,,14.92,-0.09466,79530.0,1.0,16.5,1186587.6,RUBY,,,,,,1,10.0,1.0,,,,,,,,,,,,,,,,,,,,,1.0,,,,,,,,4.0,,,,,,1.0,1.0,,,,,,,3.0,10,10.0,10,10
2019-03-07,17947,,11,3,9999.0,78116T10,RUBY,RUBIUS THERAPEUTICS INC,RUBY,,Q,A,R,56440,3,9999.0,,,,99.0,999.0,,,,,,,14.93,0.00067,79530.0,1.0,14.93,1187382.9,RUBY,,,,,,1,10.0,1.0,,,,,,,,,,,,,,,,,,,,,1.0,,,,,,,,4.0,,,,,,1.0,1.0,,,,,,,3.0,10,10.0,10,10
2019-03-08,17947,,11,3,9999.0,78116T10,RUBY,RUBIUS THERAPEUTICS INC,RUBY,,Q,A,R,56440,3,9999.0,,,,99.0,999.0,,,,,,,14.95,0.00134,79530.0,1.0,14.9,1188973.5,RUBY,,,,,,1,10.0,1.0,,,,,,,,,,,,,,,,,,,,,1.0,,,,,,,,4.0,,,,,,1.0,1.0,,,,,,,3.0,10,10.0,10,10
2019-03-11,17947,,11,3,9999.0,78116T10,RUBY,RUBIUS THERAPEUTICS INC,RUBY,,Q,A,R,56440,3,9999.0,,,,99.0,999.0,,,,,,,15.02,0.004682,79530.0,1.0,15.12,1194540.6,RUBY,,,,,,1,10.0,1.0,,,,,,,,,,,,,,,,,,,,,1.0,,,,,,,,4.0,,,,,,1.0,1.0,,,,,,,3.0,10,10.0,10,10
2019-03-12,17947,,11,3,9999.0,78116T10,RUBY,RUBIUS THERAPEUTICS INC,RUBY,,Q,A,R,56440,3,9999.0,,,,99.0,999.0,,,,,,,15.61,0.039281,79530.0,1.0,15.26,1241463.3,RUBY,,,,,,1,10.0,1.0,,,,,,,,,,,,,,,,,,,,,1.0,,,,,,,,4.0,,,,,,1.0,1.0,,,,,,,3.0,10,10.0,10,10
2019-03-13,17947,,11,3,9999.0,78116T10,RUBY,RUBIUS THERAPEUTICS INC,RUBY,,Q,A,R,56440,3,9999.0,,,,99.0,999.0,,,,,,,15.53,-0.005125,79530.0,1.0,15.7,1235100.9,RUBY,,,,,,1,10.0,1.0,,,,,,,,,,,,,,,,,,,,,1.0,,,,,,,,4.0,,,,,,1.0,1.0,,,,,,,3.0,10,10.0,10,10
2019-03-14,17947,,11,3,9999.0,78116T10,RUBY,RUBIUS THERAPEUTICS INC,RUBY,,Q,A,R,56440,3,9999.0,,,,99.0,999.0,,,,,,,15.58,0.00322,79530.0,1.0,15.51,1239077.4,RUBY,,,,,,1,10.0,1.0,,,,,,,,,,,,,,,,,,,,,1.0,,,,,,,,4.0,,,,,,1.0,1.0,,,,,,,3.0,10,10.0,10,10
2019-03-15,17947,,11,3,9999.0,78116T10,RUBY,RUBIUS THERAPEUTICS INC,RUBY,,Q,A,R,56440,3,9999.0,,,,99.0,999.0,,,,,,,16.29,0.045571,79530.0,1.0,15.65,1295543.7,RUBY,,,,,,1,10.0,1.0,,,,,,,,,,,,,,,,,,,,,1.0,,,,,,,,4.0,,,,,,1.0,1.0,,,,,,,3.0,10,10.0,10,10
2019-03-18,17947,,11,3,9999.0,78116T10,RUBY,RUBIUS THERAPEUTICS INC,RUBY,,Q,A,R,56440,3,9999.0,,,,99.0,999.0,,,,,,,17.54,0.076734,79530.0,1.0,16.34,1394956.2,RUBY,,,,,,1,10.0,1.0,,,,,,,,,,,,,,,,,,,,,1.0,,,,,,,,4.0,,,,,,1.0,1.0,,,,,,,3.0,10,10.0,10,10
2019-03-19,17947,,11,3,9999.0,78116T10,RUBY,RUBIUS THERAPEUTICS INC,RUBY,,Q,A,R,56440,3,9999.0,,,,99.0,999.0,,,,,,,16.22,-0.075257,79530.0,1.0,17.52,1289976.6,RUBY,,,,,,1,10.0,1.0,,,,,,,,,,,,,,,,,,,,,1.0,,,,,,,,4.0,,,,,,1.0,1.0,,,,,,,3.0,10,10.0,10,10
2019-03-20,17947,,11,3,9999.0,78116T10,RUBY,RUBIUS THERAPEUTICS INC,RUBY,,Q,A,R,56440,3,9999.0,,,,99.0,999.0,,,,,,,16.52,0.018496,79530.0,1.0,16.21,1313835.6,RUBY,,,,,,1,10.0,1.0,,,,,,,,,,,,,,,,,,,,,1.0,,,,,,,,4.0,,,,,,1.0,1.0,,,,,,,3.0,10,10.0,10,10
2019-03-21,17947,,11,3,9999.0,78116T10,RUBY,RUBIUS THERAPEUTICS INC,RUBY,,Q,A,R,56440,3,9999.0,,,,99.0,999.0,,,,,,,17.44,0.05569,79530.0,1.0,16.77,1387003.2,RUBY,,,,,,1,10.0,1.0,,,,,,,,,,,,,,,,,,,,,1.0,,,,,,,,4.0,,,,,,1.0,1.0,,,,,,,3.0,10,10.0,10,10
2019-03-22,17947,,11,3,9999.0,78116T10,RUBY,RUBIUS THERAPEUTICS INC,RUBY,,Q,A,R,56440,3,9999.0,,,,99.0,999.0,,,,,,,16.31,-0.064794,79530.0,1.0,17.5,1297134.3,RUBY,,,,,,1,10.0,1.0,,,,,,,,,,,,,,,,,,,,,1.0,,,,,,,,4.0,,,,,,1.0,1.0,,,,,,,3.0,10,10.0,10,10
2019-03-25,17947,,11,3,9999.0,78116T10,RUBY,RUBIUS THERAPEUTICS INC,RUBY,,Q,A,R,56440,3,9999.0,,,,99.0,999.0,,,,,,,16.85,0.033109,79530.0,1.0,16.33,1340080.5,RUBY,,,,,,1,10.0,1.0,,,,,,,,,,,,,,,,,,,,,1.0,,,,,,,,4.0,,,,,,1.0,1.0,,,,,,,3.0,10,10.0,10,10
2019-03-26,17947,,11,3,9999.0,78116T10,RUBY,RUBIUS THERAPEUTICS INC,RUBY,,Q,A,R,56440,3,9999.0,,,,99.0,999.0,,,,,,,17.56,0.042136,79530.0,1.0,16.9,1396546.8,RUBY,,,,,,1,10.0,1.0,,,,,,,,,,,,,,,,,,,,,1.0,,,,,,,,4.0,,,,,,1.0,1.0,,,,,,,3.0,10,10.0,10,10
2019-03-27,17947,,11,3,9999.0,78116T10,RUBY,RUBIUS THERAPEUTICS INC,RUBY,,Q,A,R,56440,3,9999.0,,,,99.0,999.0,,,,,,,18.4,0.047836,79530.0,1.0,17.89,1463352.0,RUBY,,,,,,1,10.0,1.0,,,,,,,,,,,,,,,,,,,,,1.0,,,,,,,,4.0,,,,,,1.0,1.0,,,,,,,3.0,10,10.0,10,10
2019-03-28,17947,,11,3,9999.0,78116T10,RUBY,RUBIUS THERAPEUTICS INC,RUBY,,Q,A,R,56440,3,9999.0,,,,99.0,999.0,,,,,,,18.02,-0.020652,79530.0,1.0,18.02,1433130.6,RUBY,,,,,,1,10.0,1.0,,,,,,,,,,,,,,,,,,,,,1.0,,,,,,,,4.0,,,,,,1.0,1.0,,,,,,,3.0,10,10.0,10,10
2019-03-29,17947,,11,3,9999.0,78116T10,RUBY,RUBIUS THERAPEUTICS INC,RUBY,,Q,A,R,56440,3,9999.0,,,,99.0,999.0,,,,,,,18.1,0.00444,79854.0,1.0,17.95,1445357.4,RUBY,,,,,,1,10.0,1.0,,,,,,,,,,,,,,,,,,,,,1.0,,,,,,,,4.0,,,,,,1.0,1.0,,,,,,,3.0,10,10.0,10,10
2019-04-01,17947,,11,3,9999.0,78116T10,RUBY,RUBIUS THERAPEUTICS INC,RUBY,,Q,A,R,56440,3,9999.0,,,,99.0,999.0,,,,,,,18.42,0.01768,79854.0,1.0,18.21,1470910.68,RUBY,,,,,,1,10.0,1.0,,,,,,,,,,,,,,,,,,,,,1.0,,,,,,,,4.0,,,1.0,2.0,1.0,1.0,1.0,,,,,,,3.0,10,9.0,10,10
2019-04-02,17947,,11,3,9999.0,78116T10,RUBY,RUBIUS THERAPEUTICS INC,RUBY,,Q,A,R,56440,3,9999.0,,,,99.0,999.0,,,,,,,19.63,0.065689,79854.0,1.0,18.41,1567534.02,RUBY,,,,,,1,10.0,1.0,,,,,,,,,,,,,,,,,,,,,1.0,,,,,,,,4.0,,,1.0,2.0,1.0,1.0,1.0,,,,,,,3.0,10,9.0,10,10
2019-04-03,17947,,11,3,9999.0,78116T10,RUBY,RUBIUS THERAPEUTICS INC,RUBY,,Q,A,R,56440,3,9999.0,,,,99.0,999.0,,,,,,,19.62,-0.000509,79854.0,1.0,20.0,1566735.48,RUBY,,,,,,1,10.0,1.0,,,,,,,,,,,,,,,,,,,,,1.0,,,,,,,,4.0,,,1.0,2.0,1.0,1.0,1.0,,,,,,,3.0,10,9.0,10,10
2019-04-04,17947,,11,3,9999.0,78116T10,RUBY,RUBIUS THERAPEUTICS INC,RUBY,,Q,A,R,56440,3,9999.0,,,,99.0,999.0,,,,,,,19.44,-0.009174,79854.0,1.0,19.8,1552361.76,RUBY,,,,,,1,10.0,1.0,,,,,,,,,,,,,,,,,,,,,1.0,,,,,,,,4.0,,,1.0,2.0,1.0,1.0,1.0,,,,,,,3.0,10,9.0,10,10
2019-04-05,17947,,11,3,9999.0,78116T10,RUBY,RUBIUS THERAPEUTICS INC,RUBY,,Q,A,R,56440,3,9999.0,,,,99.0,999.0,,,,,,,19.94,0.02572,79854.0,1.0,19.63,1592288.76,RUBY,,,,,,1,10.0,1.0,,,,,,,,,,,,,,,,,,,,,1.0,,,,,,,,4.0,,,1.0,2.0,1.0,1.0,1.0,,,,,,,3.0,10,9.0,10,10
2019-04-08,17947,,11,3,9999.0,78116T10,RUBY,RUBIUS THERAPEUTICS INC,RUBY,,Q,A,R,56440,3,9999.0,,,,99.0,999.0,,,,,,,19.79,-0.007523,79854.0,1.0,19.97,1580310.66,RUBY,,,,,,1,10.0,1.0,,,,,,,,,,,,,,,,,,,,,1.0,,,,,,,,4.0,,,1.0,2.0,1.0,1.0,1.0,,,,,,,3.0,10,9.0,10,10
2019-04-09,17947,,11,3,9999.0,78116T10,RUBY,RUBIUS THERAPEUTICS INC,RUBY,,Q,A,R,56440,3,9999.0,,,,99.0,999.0,,,,,,,18.83,-0.048509,79854.0,1.0,19.78,1503650.82,RUBY,,,,,,1,10.0,1.0,,,,,,,,,,,,,,,,,,,,,1.0,,,,,,,,4.0,,,1.0,2.0,1.0,1.0,1.0,,,,,,,3.0,10,9.0,10,10
2019-04-10,17947,,11,3,9999.0,78116T10,RUBY,RUBIUS THERAPEUTICS INC,RUBY,,Q,A,R,56440,3,9999.0,,,,99.0,999.0,,,,,,,19.23,0.021243,79854.0,1.0,18.81,1535592.42,RUBY,,,,,,1,10.0,1.0,,,,,,,,,,,,,,,,,,,,,1.0,,,,,,,,4.0,,,1.0,2.0,1.0,1.0,1.0,,,,,,,3.0,10,9.0,10,10
2019-04-11,17947,,11,3,9999.0,78116T10,RUBY,RUBIUS THERAPEUTICS INC,RUBY,,Q,A,R,56440,3,9999.0,,,,99.0,999.0,,,,,,,18.21,-0.053042,79854.0,1.0,19.23,1454141.34,RUBY,,,,,,1,10.0,1.0,,,,,,,,,,,,,,,,,,,,,1.0,,,,,,,,4.0,,,1.0,2.0,1.0,1.0,1.0,,,,,,,3.0,10,9.0,10,10
2019-04-12,17947,,11,3,9999.0,78116T10,RUBY,RUBIUS THERAPEUTICS INC,RUBY,,Q,A,R,56440,3,9999.0,,,,99.0,999.0,,,,,,,18.06,-0.008237,79854.0,1.0,18.4,1442163.24,RUBY,,,,,,1,10.0,1.0,,,,,,,,,,,,,,,,,,,,,1.0,,,,,,,,4.0,,,1.0,2.0,1.0,1.0,1.0,,,,,,,3.0,10,9.0,10,10
2019-04-15,17947,,11,3,9999.0,78116T10,RUBY,RUBIUS THERAPEUTICS INC,RUBY,,Q,A,R,56440,3,9999.0,,,,99.0,999.0,,,,,,,18.36,0.016611,79854.0,1.0,18.05,1466119.44,RUBY,,,,,,1,10.0,1.0,,,,,,,,,,,,,,,,,,,,,1.0,,,,,,,,4.0,,,1.0,2.0,1.0,1.0,1.0,,,,,,,3.0,10,9.0,10,10
2019-04-16,17947,,11,3,9999.0,78116T10,RUBY,RUBIUS THERAPEUTICS INC,RUBY,,Q,A,R,56440,3,9999.0,,,,99.0,999.0,,,,,,,18.8,0.023965,79854.0,1.0,18.48,1501255.2,RUBY,,,,,,1,10.0,1.0,,,,,,,,,,,,,,,,,,,,,1.0,,,,,,,,4.0,,,1.0,2.0,1.0,1.0,1.0,,,,,,,3.0,10,9.0,10,10
2019-04-17,17947,,11,3,9999.0,78116T10,RUBY,RUBIUS THERAPEUTICS INC,RUBY,,Q,A,R,56440,3,9999.0,,,,99.0,999.0,,,,,,,17.74,-0.056383,79854.0,1.0,18.92,1416609.96,RUBY,,,,,,1,10.0,1.0,,,,,,,,,,,,,,,,,,,,,1.0,,,,,,,,4.0,,,1.0,2.0,1.0,1.0,1.0,,,,,,,3.0,10,9.0,10,10
2019-04-18,17947,,11,3,9999.0,78116T10,RUBY,RUBIUS THERAPEUTICS INC,RUBY,,Q,A,R,56440,3,9999.0,,,,99.0,999.0,,,,,,,17.04,-0.039459,79854.0,1.0,17.72,1360712.16,RUBY,,,,,,1,10.0,1.0,,,,,,,,,,,,,,,,,,,,,1.0,,,,,,,,4.0,,,1.0,2.0,1.0,1.0,1.0,,,,,,,3.0,10,9.0,10,10
2019-04-22,17947,,11,3,9999.0,78116T10,RUBY,RUBIUS THERAPEUTICS INC,RUBY,,Q,A,R,56440,3,9999.0,,,,99.0,999.0,,,,,,,15.96,-0.06338,79854.0,1.0,16.86,1274469.84,RUBY,,,,,,1,10.0,1.0,,,,,,,,,,,,,,,,,,,,,1.0,,,,,,,,4.0,,,1.0,2.0,1.0,1.0,1.0,,,,,,,3.0,10,9.0,10,10
2019-04-23,17947,,11,3,9999.0,78116T10,RUBY,RUBIUS THERAPEUTICS INC,RUBY,,Q,A,R,56440,3,9999.0,,,,99.0,999.0,,,,,,,15.87,-0.005639,79854.0,1.0,15.92,1267282.98,RUBY,,,,,,1,10.0,1.0,,,,,,,,,,,,,,,,,,,,,1.0,,,,,,,,4.0,,,1.0,2.0,1.0,1.0,1.0,,,,,,,3.0,10,9.0,10,10
2019-04-24,17947,,11,3,9999.0,78116T10,RUBY,RUBIUS THERAPEUTICS INC,RUBY,,Q,A,R,56440,3,9999.0,,,,99.0,999.0,,,,,,,16.53,0.041588,79854.0,1.0,15.99,1319986.62,RUBY,,,,,,1,10.0,1.0,,,,,,,,,,,,,,,,,,,,,1.0,,,,,,,,4.0,,,1.0,2.0,1.0,1.0,1.0,,,,,,,3.0,10,9.0,10,10
2019-04-25,17947,,11,3,9999.0,78116T10,RUBY,RUBIUS THERAPEUTICS INC,RUBY,,Q,A,R,56440,3,9999.0,,,,99.0,999.0,,,,,,,17.08,0.033273,79854.0,1.0,16.5,1363906.32,RUBY,,,,,,1,10.0,1.0,,,,,,,,,,,,,,,,,,,,,1.0,,,,,,,,4.0,,,1.0,2.0,1.0,1.0,1.0,,,,,,,3.0,10,9.0,10,10
2019-04-26,17947,,11,3,9999.0,78116T10,RUBY,RUBIUS THERAPEUTICS INC,RUBY,,Q,A,R,56440,3,9999.0,,,,99.0,999.0,,,,,,,17.47,0.022834,79854.0,1.0,17.14,1395049.38,RUBY,,,,,,1,10.0,1.0,,,,,,,,,,,,,,,,,,,,,1.0,,,,,,,,4.0,,,1.0,2.0,1.0,1.0,1.0,,,,,,,3.0,10,9.0,10,10
2019-04-29,17947,,11,3,9999.0,78116T10,RUBY,RUBIUS THERAPEUTICS INC,RUBY,,Q,A,R,56440,3,9999.0,,,,99.0,999.0,,,,,,,18.34,0.0498,79854.0,1.0,17.46,1464522.36,RUBY,,,,,,1,10.0,1.0,,,,,,,,,,,,,,,,,,,,,1.0,,,,,,,,4.0,,,1.0,2.0,1.0,1.0,1.0,,,,,,,3.0,10,9.0,10,10
2019-04-30,17947,,11,3,9999.0,78116T10,RUBY,RUBIUS THERAPEUTICS INC,RUBY,,Q,A,R,56440,3,9999.0,,,,99.0,999.0,,,,,,,17.49,-0.046347,79932.0,1.0,18.39,1398010.68,RUBY,,,,,,1,10.0,1.0,,,,,,,,,,,,,,,,,,,,,1.0,,,,,,,,4.0,,,1.0,2.0,1.0,1.0,1.0,,,,,,,3.0,10,9.0,10,10
2019-05-01,17947,,11,3,9999.0,78116T10,RUBY,RUBIUS THERAPEUTICS INC,RUBY,,Q,A,R,56440,3,9999.0,,,,99.0,999.0,,,,,,,16.45,-0.059462,79932.0,1.0,17.49,1314881.4,RUBY,,,,,,1,10.0,1.0,,,,,,,,,,,,,,,,,,,,,2.0,,,,,,,,4.0,,,1.0,2.0,1.0,9.0,1.0,,,,,,,3.0,10,9.0,10,10
2019-05-02,17947,,11,3,9999.0,78116T10,RUBY,RUBIUS THERAPEUTICS INC,RUBY,,Q,A,R,56440,3,9999.0,,,,99.0,999.0,,,,,,,15.78,-0.04073,79932.0,1.0,16.3,1261326.96,RUBY,,,,,,1,10.0,1.0,,,,,,,,,,,,,,,,,,,,,2.0,,,,,,,,4.0,,,1.0,2.0,1.0,9.0,1.0,,,,,,,3.0,10,9.0,10,10
2019-05-03,17947,,11,3,9999.0,78116T10,RUBY,RUBIUS THERAPEUTICS INC,RUBY,,Q,A,R,56440,3,9999.0,,,,99.0,999.0,,,,,,,15.55,-0.014575,79932.0,1.0,15.65,1242942.6,RUBY,,,,,,1,10.0,1.0,,,,,,,,,,,,,,,,,,,,,2.0,,,,,,,,4.0,,,1.0,2.0,1.0,9.0,1.0,,,,,,,3.0,10,9.0,10,10
2019-05-06,17947,,11,3,9999.0,78116T10,RUBY,RUBIUS THERAPEUTICS INC,RUBY,,Q,A,R,56440,3,9999.0,,,,99.0,999.0,,,,,,,16.0,0.028939,79932.0,1.0,15.14,1278912.0,RUBY,,,,,,1,10.0,1.0,,,,,,,,,,,,,,,,,,,,,2.0,,,,,,,,4.0,,,1.0,2.0,1.0,9.0,1.0,,,,,,,3.0,10,9.0,10,10
2019-05-07,17947,,11,3,9999.0,78116T10,RUBY,RUBIUS THERAPEUTICS INC,RUBY,,Q,A,R,56440,3,9999.0,,,,99.0,999.0,,,,,,,15.3,-0.04375,79932.0,1.0,15.69,1222959.6,RUBY,,,,,,1,10.0,1.0,,,,,,,,,,,,,,,,,,,,,2.0,,,,,,,,4.0,,,1.0,2.0,1.0,9.0,1.0,,,,,,,3.0,10,9.0,10,10
2019-05-08,17947,,11,3,9999.0,78116T10,RUBY,RUBIUS THERAPEUTICS INC,RUBY,,Q,A,R,56440,3,9999.0,,,,99.0,999.0,,,,,,,15.21,-0.005882,79932.0,1.0,15.3,1215765.72,RUBY,,,,,,1,10.0,1.0,,,,,,,,,,,,,,,,,,,,,2.0,,,,,,,,4.0,,,1.0,2.0,1.0,9.0,1.0,,,,,,,3.0,10,9.0,10,10
2019-05-09,17947,,11,3,9999.0,78116T10,RUBY,RUBIUS THERAPEUTICS INC,RUBY,,Q,A,R,56440,3,9999.0,,,,99.0,999.0,,,,,,,14.85,-0.023669,79932.0,1.0,14.64,1186990.2,RUBY,,,,,,1,10.0,1.0,,,,,,,,,,,,,,,,,,,,,2.0,,,,,,,,4.0,,,1.0,2.0,1.0,9.0,1.0,,,,,,,3.0,10,9.0,10,10
2019-05-10,17947,,11,3,9999.0,78116T10,RUBY,RUBIUS THERAPEUTICS INC,RUBY,,Q,A,R,56440,3,9999.0,,,,99.0,999.0,,,,,,,15.41,0.03771,79932.0,1.0,14.76,1231752.12,RUBY,,,,,,1,10.0,1.0,,,,,,,,,,,,,,,,,,,,,2.0,,,,,,,,4.0,,,1.0,2.0,1.0,9.0,1.0,,,,,,,3.0,10,9.0,10,10
2019-05-13,17947,,11,3,9999.0,78116T10,RUBY,RUBIUS THERAPEUTICS INC,RUBY,,Q,A,R,56440,3,9999.0,,,,99.0,999.0,,,,,,,15.0,-0.026606,79932.0,1.0,14.75,1198980.0,RUBY,,,,,,1,10.0,1.0,,,,,,,,,,,,,,,,,,,,,2.0,,,,,,,,4.0,,,1.0,2.0,1.0,9.0,1.0,,,,,,,3.0,10,9.0,10,10
2019-05-14,17947,,11,3,9999.0,78116T10,RUBY,RUBIUS THERAPEUTICS INC,RUBY,,Q,A,R,56440,3,9999.0,,,,99.0,999.0,,,,,,,15.5,0.033333,79932.0,1.0,14.92,1238946.0,RUBY,,,,,,1,10.0,1.0,,,,,,,,,,,,,,,,,,,,,2.0,,,,,,,,4.0,,,1.0,2.0,1.0,9.0,1.0,,,,,,,3.0,10,9.0,10,10
2019-05-15,17947,,11,3,9999.0,78116T10,RUBY,RUBIUS THERAPEUTICS INC,RUBY,,Q,A,R,56440,3,9999.0,,,,99.0,999.0,,,,,,,15.8,0.019355,79932.0,1.0,14.31,1262925.6,RUBY,,,,,,1,10.0,1.0,,,,,,,,,,,,,,,,,,,,,2.0,,,,,,,,4.0,,,1.0,2.0,1.0,9.0,1.0,,,,,,,3.0,10,9.0,10,10
2019-05-16,17947,,11,3,9999.0,78116T10,RUBY,RUBIUS THERAPEUTICS INC,RUBY,,Q,A,R,56440,3,9999.0,,,,99.0,999.0,,,,,,,16.35,0.03481,79932.0,1.0,15.82,1306888.2,RUBY,,,,,,1,10.0,1.0,,,,,,,,,,,,,,,,,,,,,2.0,,,,,,,,4.0,,,1.0,2.0,1.0,9.0,1.0,,,,,,,3.0,10,9.0,10,10
2019-05-17,17947,,11,3,9999.0,78116T10,RUBY,RUBIUS THERAPEUTICS INC,RUBY,,Q,A,R,56440,3,9999.0,,,,99.0,999.0,,,,,,,15.67,-0.04159,79932.0,1.0,16.1,1252534.44,RUBY,,,,,,1,10.0,1.0,,,,,,,,,,,,,,,,,,,,,2.0,,,,,,,,4.0,,,1.0,2.0,1.0,9.0,1.0,,,,,,,3.0,10,9.0,10,10
2019-05-20,17947,,11,3,9999.0,78116T10,RUBY,RUBIUS THERAPEUTICS INC,RUBY,,Q,A,R,56440,3,9999.0,,,,99.0,999.0,,,,,,,16.39,0.045948,79932.0,1.0,15.62,1310085.48,RUBY,,,,,,1,10.0,1.0,,,,,,,,,,,,,,,,,,,,,2.0,,,,,,,,4.0,,,1.0,2.0,1.0,9.0,1.0,,,,,,,3.0,10,9.0,10,10
2019-05-21,17947,,11,3,9999.0,78116T10,RUBY,RUBIUS THERAPEUTICS INC,RUBY,,Q,A,R,56440,3,9999.0,,,,99.0,999.0,,,,,,,16.78,0.023795,79932.0,1.0,16.55,1341258.96,RUBY,,,,,,1,10.0,1.0,,,,,,,,,,,,,,,,,,,,,2.0,,,,,,,,4.0,,,1.0,2.0,1.0,9.0,1.0,,,,,,,3.0,10,9.0,10,10
2019-05-22,17947,,11,3,9999.0,78116T10,RUBY,RUBIUS THERAPEUTICS INC,RUBY,,Q,A,R,56440,3,9999.0,,,,99.0,999.0,,,,,,,16.58,-0.011919,79932.0,1.0,16.8,1325272.56,RUBY,,,,,,1,10.0,1.0,,,,,,,,,,,,,,,,,,,,,2.0,,,,,,,,4.0,,,1.0,2.0,1.0,9.0,1.0,,,,,,,3.0,10,9.0,10,10
2019-05-23,17947,,11,3,9999.0,78116T10,RUBY,RUBIUS THERAPEUTICS INC,RUBY,,Q,A,R,56440,3,9999.0,,,,99.0,999.0,,,,,,,16.27,-0.018697,79932.0,1.0,16.29,1300493.64,RUBY,,,,,,1,10.0,1.0,,,,,,,,,,,,,,,,,,,,,2.0,,,,,,,,4.0,,,1.0,2.0,1.0,9.0,1.0,,,,,,,3.0,10,9.0,10,10
2019-05-24,17947,,11,3,9999.0,78116T10,RUBY,RUBIUS THERAPEUTICS INC,RUBY,,Q,A,R,56440,3,9999.0,,,,99.0,999.0,,,,,,,16.84,0.035034,79932.0,1.0,16.39,1346054.88,RUBY,,,,,,1,10.0,1.0,,,,,,,,,,,,,,,,,,,,,2.0,,,,,,,,4.0,,,1.0,2.0,1.0,9.0,1.0,,,,,,,3.0,10,9.0,10,10
2019-05-28,17947,,11,3,9999.0,78116T10,RUBY,RUBIUS THERAPEUTICS INC,RUBY,,Q,A,R,56440,3,9999.0,,,,99.0,999.0,,,,,,,16.66,-0.010689,79932.0,1.0,16.87,1331667.12,RUBY,,,,,,1,10.0,1.0,,,,,,,,,,,,,,,,,,,,,2.0,,,,,,,,4.0,,,1.0,2.0,1.0,9.0,1.0,,,,,,,3.0,10,9.0,10,10
2019-05-29,17947,,11,3,9999.0,78116T10,RUBY,RUBIUS THERAPEUTICS INC,RUBY,,Q,A,R,56440,3,9999.0,,,,99.0,999.0,,,,,,,16.11,-0.033013,79932.0,1.0,16.85,1287704.52,RUBY,,,,,,1,10.0,1.0,,,,,,,,,,,,,,,,,,,,,2.0,,,,,,,,4.0,,,1.0,2.0,1.0,9.0,1.0,,,,,,,3.0,10,9.0,10,10
2019-05-30,17947,,11,3,9999.0,78116T10,RUBY,RUBIUS THERAPEUTICS INC,RUBY,,Q,A,R,56440,3,9999.0,,,,99.0,999.0,,,,,,,15.81,-0.018622,79932.0,1.0,16.17,1263724.92,RUBY,,,,,,1,10.0,1.0,,,,,,,,,,,,,,,,,,,,,2.0,,,,,,,,4.0,,,1.0,2.0,1.0,9.0,1.0,,,,,,,3.0,10,9.0,10,10
2019-05-31,17947,,11,3,9999.0,78116T10,RUBY,RUBIUS THERAPEUTICS INC,RUBY,,Q,A,R,56440,3,9999.0,,,,99.0,999.0,,,,,,,14.46,-0.085389,79932.0,1.0,15.52,1155816.72,RUBY,,,,,,1,10.0,1.0,,,,,,,,,,,,,,,,,,,,,2.0,,,,,,,,4.0,,,1.0,2.0,1.0,9.0,1.0,,,,,,,3.0,10,9.0,10,10
2019-06-03,17947,,11,3,9999.0,78116T10,RUBY,RUBIUS THERAPEUTICS INC,RUBY,,Q,A,R,56440,3,9999.0,,,,99.0,999.0,,,,,,,14.42,-0.002766,79932.0,1.0,14.49,1152619.44,RUBY,,,,,,1,10.0,1.0,,,,,,,,,,,,,,,,,,,,,5.0,,,,,,,,,,,,2.0,,8.0,1.0,,,,,,,3.0,10,9.0,10,10
2019-06-04,17947,,11,3,9999.0,78116T10,RUBY,RUBIUS THERAPEUTICS INC,RUBY,,Q,A,R,56440,3,9999.0,,,,99.0,999.0,,,,,,,14.6,0.012483,79932.0,1.0,14.57,1167007.2,RUBY,,,,,,1,10.0,1.0,,,,,,,,,,,,,,,,,,,,,5.0,,,,,,,,,,,,2.0,,8.0,1.0,,,,,,,3.0,10,9.0,10,10
2019-06-05,17947,,11,3,9999.0,78116T10,RUBY,RUBIUS THERAPEUTICS INC,RUBY,,Q,A,R,56440,3,9999.0,,,,99.0,999.0,,,,,,,14.15,-0.030822,79932.0,1.0,14.69,1131037.8,RUBY,,,,,,1,10.0,1.0,,,,,,,,,,,,,,,,,,,,,5.0,,,,,,,,,,,,2.0,,8.0,1.0,,,,,,,3.0,10,9.0,10,10
2019-06-06,17947,,11,3,9999.0,78116T10,RUBY,RUBIUS THERAPEUTICS INC,RUBY,,Q,A,R,56440,3,9999.0,,,,99.0,999.0,,,,,,,13.5,-0.045936,79932.0,1.0,13.99,1079082.0,RUBY,,,,,,1,10.0,1.0,,,,,,,,,,,,,,,,,,,,,5.0,,,,,,,,,,,,2.0,,8.0,1.0,,,,,,,3.0,10,9.0,10,10
2019-06-07,17947,,11,3,9999.0,78116T10,RUBY,RUBIUS THERAPEUTICS INC,RUBY,,Q,A,R,56440,3,9999.0,,,,99.0,999.0,,,,,,,14.16,0.048889,79932.0,1.0,13.53,1131837.12,RUBY,,,,,,1,10.0,1.0,,,,,,,,,,,,,,,,,,,,,5.0,,,,,,,,,,,,2.0,,8.0,1.0,,,,,,,3.0,10,9.0,10,10
2019-06-10,17947,,11,3,9999.0,78116T10,RUBY,RUBIUS THERAPEUTICS INC,RUBY,,Q,A,R,56440,3,9999.0,,,,99.0,999.0,,,,,,,14.54,0.026836,79932.0,1.0,14.26,1162211.28,RUBY,,,,,,1,10.0,1.0,,,,,,,,,,,,,,,,,,,,,5.0,,,,,,,,,,,,2.0,,8.0,1.0,,,,,,,3.0,10,9.0,10,10
2019-06-11,17947,,11,3,9999.0,78116T10,RUBY,RUBIUS THERAPEUTICS INC,RUBY,,Q,A,R,56440,3,9999.0,,,,99.0,999.0,,,,,,,14.52,-0.001375,79932.0,1.0,14.66,1160612.64,RUBY,,,,,,1,10.0,1.0,,,,,,,,,,,,,,,,,,,,,5.0,,,,,,,,,,,,2.0,,8.0,1.0,,,,,,,3.0,10,9.0,10,10
2019-06-12,17947,,11,3,9999.0,78116T10,RUBY,RUBIUS THERAPEUTICS INC,RUBY,,Q,A,R,56440,3,9999.0,,,,99.0,999.0,,,,,,,14.27,-0.017218,79932.0,1.0,14.55,1140629.64,RUBY,,,,,,1,10.0,1.0,,,,,,,,,,,,,,,,,,,,,5.0,,,,,,,,,,,,2.0,,8.0,1.0,,,,,,,3.0,10,9.0,10,10
2019-06-13,17947,,11,3,9999.0,78116T10,RUBY,RUBIUS THERAPEUTICS INC,RUBY,,Q,A,R,56440,3,9999.0,,,,99.0,999.0,,,,,,,14.03,-0.016819,79932.0,1.0,14.34,1121445.96,RUBY,,,,,,1,10.0,1.0,,,,,,,,,,,,,,,,,,,,,5.0,,,,,,,,,,,,2.0,,8.0,1.0,,,,,,,3.0,10,9.0,10,10
2019-06-14,17947,,11,3,9999.0,78116T10,RUBY,RUBIUS THERAPEUTICS INC,RUBY,,Q,A,R,56440,3,9999.0,,,,99.0,999.0,,,,,,,13.85,-0.01283,79932.0,1.0,13.95,1107058.2,RUBY,,,,,,1,10.0,1.0,,,,,,,,,,,,,,,,,,,,,5.0,,,,,,,,,,,,2.0,,8.0,1.0,,,,,,,3.0,10,9.0,10,10
2019-06-17,17947,,11,3,9999.0,78116T10,RUBY,RUBIUS THERAPEUTICS INC,RUBY,,Q,A,R,56440,3,9999.0,,,,99.0,999.0,,,,,,,14.39,0.038989,79932.0,1.0,13.92,1150221.48,RUBY,,,,,,1,10.0,1.0,,,,,,,,,,,,,,,,,,,,,5.0,,,,,,,,,,,,2.0,,8.0,1.0,,,,,,,3.0,10,9.0,10,10
2019-06-18,17947,,11,3,9999.0,78116T10,RUBY,RUBIUS THERAPEUTICS INC,RUBY,,Q,A,R,56440,3,9999.0,,,,99.0,999.0,,,,,,,14.23,-0.011119,79932.0,1.0,14.46,1137432.36,RUBY,,,,,,1,10.0,1.0,,,,,,,,,,,,,,,,,,,,,5.0,,,,,,,,,,,,2.0,,8.0,1.0,,,,,,,3.0,10,9.0,10,10
2019-06-19,17947,,11,3,9999.0,78116T10,RUBY,RUBIUS THERAPEUTICS INC,RUBY,,Q,A,R,56440,3,9999.0,,,,99.0,999.0,,,,,,,13.79,-0.030921,79932.0,1.0,14.21,1102262.28,RUBY,,,,,,1,10.0,1.0,,,,,,,,,,,,,,,,,,,,,5.0,,,,,,,,,,,,2.0,,8.0,1.0,,,,,,,3.0,10,9.0,10,10
2019-06-20,17947,,11,3,9999.0,78116T10,RUBY,RUBIUS THERAPEUTICS INC,RUBY,,Q,A,R,56440,3,9999.0,,,,99.0,999.0,,,,,,,14.35,0.040609,79932.0,1.0,13.97,1147024.2,RUBY,,,,,,1,10.0,1.0,,,,,,,,,,,,,,,,,,,,,5.0,,,,,,,,,,,,2.0,,8.0,1.0,,,,,,,3.0,10,9.0,10,10
2019-06-21,17947,,11,3,9999.0,78116T10,RUBY,RUBIUS THERAPEUTICS INC,RUBY,,Q,A,R,56440,3,9999.0,,,,99.0,999.0,,,,,,,13.7,-0.045296,79932.0,1.0,14.25,1095068.4,RUBY,,,,,,1,10.0,1.0,,,,,,,,,,,,,,,,,,,,,5.0,,,,,,,,,,,,2.0,,8.0,1.0,,,,,,,3.0,10,9.0,10,10
2019-06-24,17947,,11,3,9999.0,78116T10,RUBY,RUBIUS THERAPEUTICS INC,RUBY,,Q,A,R,56440,3,9999.0,,,,99.0,999.0,,,,,,,13.71,0.00073,79932.0,1.0,13.84,1095867.72,RUBY,,,,,,1,10.0,1.0,,,,,,,,,,,,,,,,,,,,,5.0,,,,,,,,,,,,2.0,,8.0,1.0,,,,,,,3.0,10,9.0,10,10
2019-06-25,17947,,11,3,9999.0,78116T10,RUBY,RUBIUS THERAPEUTICS INC,RUBY,,Q,A,R,56440,3,9999.0,,,,99.0,999.0,,,,,,,14.6,0.064916,79932.0,1.0,13.71,1167007.2,RUBY,,,,,,1,10.0,1.0,,,,,,,,,,,,,,,,,,,,,5.0,,,,,,,,,,,,2.0,,8.0,1.0,,,,,,,3.0,10,9.0,10,10
2019-06-26,17947,,11,3,9999.0,78116T10,RUBY,RUBIUS THERAPEUTICS INC,RUBY,,Q,A,R,56440,3,9999.0,,,,99.0,999.0,,,,,,,14.37,-0.015753,79932.0,1.0,15.59,1148622.84,RUBY,,,,,,1,10.0,1.0,,,,,,,,,,,,,,,,,,,,,5.0,,,,,,,,,,,,2.0,,8.0,1.0,,,,,,,3.0,10,9.0,10,10
2019-06-27,17947,,11,3,9999.0,78116T10,RUBY,RUBIUS THERAPEUTICS INC,RUBY,,Q,A,R,56440,3,9999.0,,,,99.0,999.0,,,,,,,14.96,0.041058,79932.0,1.0,14.32,1195782.72,RUBY,,,,,,1,10.0,1.0,,,,,,,,,,,,,,,,,,,,,5.0,,,,,,,,,,,,2.0,,8.0,1.0,,,,,,,3.0,10,9.0,10,10
2019-06-28,17947,,11,3,9999.0,78116T10,RUBY,RUBIUS THERAPEUTICS INC,RUBY,,Q,A,R,56440,3,9999.0,,,,99.0,999.0,,,,,,,15.73,0.051471,80078.0,1.0,15.02,1259626.94,RUBY,,,,,,1,10.0,1.0,,,,,,,,,,,,,,,,,,,,,5.0,,,,,,,,,,,,2.0,,8.0,1.0,,,,,,,3.0,10,9.0,10,10
2019-07-01,17947,,11,3,9999.0,78116T10,RUBY,RUBIUS THERAPEUTICS INC,RUBY,,Q,A,R,56440,3,9999.0,,,,99.0,999.0,,,,,,,15.04,-0.043865,80078.0,1.0,15.97,1204373.12,RUBY,7.0,3.0,,,,1,1.0,1.0,1.0,,,,,,1.0,,,,4.0,,,1.0,1.0,1.0,1.0,,,,1.0,2.0,1.0,,2.0,3.0,,,4.0,,,1.0,2.0,1.0,5.0,2.0,,,4.0,,,,3.0,10,9.0,10,10
2019-07-02,17947,,11,3,9999.0,78116T10,RUBY,RUBIUS THERAPEUTICS INC,RUBY,,Q,A,R,56440,3,9999.0,,,,99.0,999.0,,,,,,,15.04,0.0,80078.0,1.0,15.12,1204373.12,RUBY,7.0,3.0,,,,1,1.0,1.0,1.0,,,,,,1.0,,,,4.0,,,1.0,1.0,1.0,1.0,,,,1.0,2.0,1.0,,2.0,3.0,,,4.0,,,1.0,2.0,1.0,5.0,2.0,,,4.0,,,,3.0,10,9.0,10,10
2019-07-03,17947,,11,3,9999.0,78116T10,RUBY,RUBIUS THERAPEUTICS INC,RUBY,,Q,A,R,56440,3,9999.0,,,,99.0,999.0,,,,,,,15.47,0.02859,80078.0,1.0,15.13,1238806.66,RUBY,7.0,3.0,,,,1,1.0,1.0,1.0,,,,,,1.0,,,,4.0,,,1.0,1.0,1.0,1.0,,,,1.0,2.0,1.0,,2.0,3.0,,,4.0,,,1.0,2.0,1.0,5.0,2.0,,,4.0,,,,3.0,10,9.0,10,10
2019-07-05,17947,,11,3,9999.0,78116T10,RUBY,RUBIUS THERAPEUTICS INC,RUBY,,Q,A,R,56440,3,9999.0,,,,99.0,999.0,,,,,,,15.22,-0.01616,80078.0,1.0,15.37,1218787.16,RUBY,7.0,3.0,,,,1,1.0,1.0,1.0,,,,,,1.0,,,,4.0,,,1.0,1.0,1.0,1.0,,,,1.0,2.0,1.0,,2.0,3.0,,,4.0,,,1.0,2.0,1.0,5.0,2.0,,,4.0,,,,3.0,10,9.0,10,10
2019-07-08,17947,,11,3,9999.0,78116T10,RUBY,RUBIUS THERAPEUTICS INC,RUBY,,Q,A,R,56440,3,9999.0,,,,99.0,999.0,,,,,,,14.64,-0.038108,80078.0,1.0,15.18,1172341.92,RUBY,7.0,3.0,,,,1,1.0,1.0,1.0,,,,,,1.0,,,,4.0,,,1.0,1.0,1.0,1.0,,,,1.0,2.0,1.0,,2.0,3.0,,,4.0,,,1.0,2.0,1.0,5.0,2.0,,,4.0,,,,3.0,10,9.0,10,10
2019-07-09,17947,,11,3,9999.0,78116T10,RUBY,RUBIUS THERAPEUTICS INC,RUBY,,Q,A,R,56440,3,9999.0,,,,99.0,999.0,,,,,,,15.13,0.03347,80078.0,1.0,14.66,1211580.14,RUBY,7.0,3.0,,,,1,1.0,1.0,1.0,,,,,,1.0,,,,4.0,,,1.0,1.0,1.0,1.0,,,,1.0,2.0,1.0,,2.0,3.0,,,4.0,,,1.0,2.0,1.0,5.0,2.0,,,4.0,,,,3.0,10,9.0,10,10
2019-07-10,17947,,11,3,9999.0,78116T10,RUBY,RUBIUS THERAPEUTICS INC,RUBY,,Q,A,R,56440,3,9999.0,,,,99.0,999.0,,,,,,,15.45,0.02115,80078.0,1.0,15.23,1237205.1,RUBY,7.0,3.0,,,,1,1.0,1.0,1.0,,,,,,1.0,,,,4.0,,,1.0,1.0,1.0,1.0,,,,1.0,2.0,1.0,,2.0,3.0,,,4.0,,,1.0,2.0,1.0,5.0,2.0,,,4.0,,,,3.0,10,9.0,10,10
2019-07-11,17947,,11,3,9999.0,78116T10,RUBY,RUBIUS THERAPEUTICS INC,RUBY,,Q,A,R,56440,3,9999.0,,,,99.0,999.0,,,,,,,15.75,0.019417,80078.0,1.0,15.49,1261228.5,RUBY,7.0,3.0,,,,1,1.0,1.0,1.0,,,,,,1.0,,,,4.0,,,1.0,1.0,1.0,1.0,,,,1.0,2.0,1.0,,2.0,3.0,,,4.0,,,1.0,2.0,1.0,5.0,2.0,,,4.0,,,,3.0,10,9.0,10,10
2019-07-12,17947,,11,3,9999.0,78116T10,RUBY,RUBIUS THERAPEUTICS INC,RUBY,,Q,A,R,56440,3,9999.0,,,,99.0,999.0,,,,,,,15.4,-0.022222,80078.0,1.0,15.75,1233201.2,RUBY,7.0,3.0,,,,1,1.0,1.0,1.0,,,,,,1.0,,,,4.0,,,1.0,1.0,1.0,1.0,,,,1.0,2.0,1.0,,2.0,3.0,,,4.0,,,1.0,2.0,1.0,5.0,2.0,,,4.0,,,,3.0,10,9.0,10,10
2019-07-15,17947,,11,3,9999.0,78116T10,RUBY,RUBIUS THERAPEUTICS INC,RUBY,,Q,A,R,56440,3,9999.0,,,,99.0,999.0,,,,,,,14.78,-0.04026,80078.0,1.0,15.42,1183552.84,RUBY,7.0,3.0,,,,1,1.0,1.0,1.0,,,,,,1.0,,,,4.0,,,1.0,1.0,1.0,1.0,,,,1.0,2.0,1.0,,2.0,3.0,,,4.0,,,1.0,2.0,1.0,5.0,2.0,,,4.0,,,,3.0,10,9.0,10,10
2019-07-16,17947,,11,3,9999.0,78116T10,RUBY,RUBIUS THERAPEUTICS INC,RUBY,,Q,A,R,56440,3,9999.0,,,,99.0,999.0,,,,,,,14.81,0.00203,80078.0,1.0,14.78,1185955.18,RUBY,7.0,3.0,,,,1,1.0,1.0,1.0,,,,,,1.0,,,,4.0,,,1.0,1.0,1.0,1.0,,,,1.0,2.0,1.0,,2.0,3.0,,,4.0,,,1.0,2.0,1.0,5.0,2.0,,,4.0,,,,3.0,10,9.0,10,10
2019-07-17,17947,,11,3,9999.0,78116T10,RUBY,RUBIUS THERAPEUTICS INC,RUBY,,Q,A,R,56440,3,9999.0,,,,99.0,999.0,,,,,,,14.92,0.007427,80078.0,1.0,14.72,1194763.76,RUBY,7.0,3.0,,,,1,1.0,1.0,1.0,,,,,,1.0,,,,4.0,,,1.0,1.0,1.0,1.0,,,,1.0,2.0,1.0,,2.0,3.0,,,4.0,,,1.0,2.0,1.0,5.0,2.0,,,4.0,,,,3.0,10,9.0,10,10
2019-07-18,17947,,11,3,9999.0,78116T10,RUBY,RUBIUS THERAPEUTICS INC,RUBY,,Q,A,R,56440,3,9999.0,,,,99.0,999.0,,,,,,,14.93,0.00067,80078.0,1.0,14.83,1195564.54,RUBY,7.0,3.0,,,,1,1.0,1.0,1.0,,,,,,1.0,,,,4.0,,,1.0,1.0,1.0,1.0,,,,1.0,2.0,1.0,,2.0,3.0,,,4.0,,,1.0,2.0,1.0,5.0,2.0,,,4.0,,,,3.0,10,9.0,10,10
2019-07-19,17947,,11,3,9999.0,78116T10,RUBY,RUBIUS THERAPEUTICS INC,RUBY,,Q,A,R,56440,3,9999.0,,,,99.0,999.0,,,,,,,15.08,0.010047,80078.0,1.0,14.88,1207576.24,RUBY,7.0,3.0,,,,1,1.0,1.0,1.0,,,,,,1.0,,,,4.0,,,1.0,1.0,1.0,1.0,,,,1.0,2.0,1.0,,2.0,3.0,,,4.0,,,1.0,2.0,1.0,5.0,2.0,,,4.0,,,,3.0,10,9.0,10,10
2019-07-22,17947,,11,3,9999.0,78116T10,RUBY,RUBIUS THERAPEUTICS INC,RUBY,,Q,A,R,56440,3,9999.0,,,,99.0,999.0,,,,,,,14.65,-0.028515,80078.0,1.0,15.14,1173142.7,RUBY,7.0,3.0,,,,1,1.0,1.0,1.0,,,,,,1.0,,,,4.0,,,1.0,1.0,1.0,1.0,,,,1.0,2.0,1.0,,2.0,3.0,,,4.0,,,1.0,2.0,1.0,5.0,2.0,,,4.0,,,,3.0,10,9.0,10,10
2019-07-23,17947,,11,3,9999.0,78116T10,RUBY,RUBIUS THERAPEUTICS INC,RUBY,,Q,A,R,56440,3,9999.0,,,,99.0,999.0,,,,,,,13.78,-0.059386,80078.0,1.0,14.68,1103474.84,RUBY,7.0,3.0,,,,1,1.0,1.0,1.0,,,,,,1.0,,,,4.0,,,1.0,1.0,1.0,1.0,,,,1.0,2.0,1.0,,2.0,3.0,,,4.0,,,1.0,2.0,1.0,5.0,2.0,,,4.0,,,,3.0,10,9.0,10,10
2019-07-24,17947,,11,3,9999.0,78116T10,RUBY,RUBIUS THERAPEUTICS INC,RUBY,,Q,A,R,56440,3,9999.0,,,,99.0,999.0,,,,,,,13.67,-0.007983,80078.0,1.0,13.74,1094666.26,RUBY,7.0,3.0,,,,1,1.0,1.0,1.0,,,,,,1.0,,,,4.0,,,1.0,1.0,1.0,1.0,,,,1.0,2.0,1.0,,2.0,3.0,,,4.0,,,1.0,2.0,1.0,5.0,2.0,,,4.0,,,,3.0,10,9.0,10,10
2019-07-25,17947,,11,3,9999.0,78116T10,RUBY,RUBIUS THERAPEUTICS INC,RUBY,,Q,A,R,56440,3,9999.0,,,,99.0,999.0,,,,,,,13.7,0.002195,80078.0,1.0,13.67,1097068.6,RUBY,7.0,3.0,,,,1,1.0,1.0,1.0,,,,,,1.0,,,,4.0,,,1.0,1.0,1.0,1.0,,,,1.0,2.0,1.0,,2.0,3.0,,,4.0,,,1.0,2.0,1.0,5.0,2.0,,,4.0,,,,3.0,10,9.0,10,10
2019-07-26,17947,,11,3,9999.0,78116T10,RUBY,RUBIUS THERAPEUTICS INC,RUBY,,Q,A,R,56440,3,9999.0,,,,99.0,999.0,,,,,,,14.31,0.044526,80078.0,1.0,13.71,1145916.18,RUBY,7.0,3.0,,,,1,1.0,1.0,1.0,,,,,,1.0,,,,4.0,,,1.0,1.0,1.0,1.0,,,,1.0,2.0,1.0,,2.0,3.0,,,4.0,,,1.0,2.0,1.0,5.0,2.0,,,4.0,,,,3.0,10,9.0,10,10
2019-07-29,17947,,11,3,9999.0,78116T10,RUBY,RUBIUS THERAPEUTICS INC,RUBY,,Q,A,R,56440,3,9999.0,,,,99.0,999.0,,,,,,,14.59,0.019567,80078.0,1.0,14.51,1168338.02,RUBY,7.0,3.0,,,,1,1.0,1.0,1.0,,,,,,1.0,,,,4.0,,,1.0,1.0,1.0,1.0,,,,1.0,2.0,1.0,,2.0,3.0,,,4.0,,,1.0,2.0,1.0,5.0,2.0,,,4.0,,,,3.0,10,9.0,10,10
2019-07-30,17947,,11,3,9999.0,78116T10,RUBY,RUBIUS THERAPEUTICS INC,RUBY,,Q,A,R,56440,3,9999.0,,,,99.0,999.0,,,,,,,14.32,-0.018506,80078.0,1.0,14.49,1146716.96,RUBY,7.0,3.0,,,,1,1.0,1.0,1.0,,,,,,1.0,,,,4.0,,,1.0,1.0,1.0,1.0,,,,1.0,2.0,1.0,,2.0,3.0,,,4.0,,,1.0,2.0,1.0,5.0,2.0,,,4.0,,,,3.0,10,9.0,10,10
2019-07-31,17947,,11,3,9999.0,78116T10,RUBY,RUBIUS THERAPEUTICS INC,RUBY,,Q,A,R,56440,3,9999.0,,,,99.0,999.0,,,,,,,13.3,-0.071229,79651.0,1.0,14.35,1059358.3,RUBY,7.0,3.0,,,,1,1.0,1.0,1.0,,,,,,1.0,,,,4.0,,,1.0,1.0,1.0,1.0,,,,1.0,2.0,1.0,,2.0,3.0,,,4.0,,,1.0,2.0,1.0,5.0,2.0,,,4.0,,,,3.0,10,9.0,10,10
2019-08-01,17947,,11,3,9999.0,78116T10,RUBY,RUBIUS THERAPEUTICS INC,RUBY,,Q,A,R,56440,3,9999.0,,,,99.0,999.0,,,,,,,12.9,-0.030075,79651.0,1.0,13.29,1027497.9,RUBY,7.0,3.0,,,,1,1.0,1.0,1.0,,,,,,1.0,,,,4.0,,,1.0,1.0,1.0,1.0,,,,2.0,2.0,1.0,,2.0,3.0,,,4.0,4.0,,1.0,2.0,1.0,10.0,2.0,,,10.0,,,,3.0,10,10.0,10,10
2019-08-02,17947,,11,3,9999.0,78116T10,RUBY,RUBIUS THERAPEUTICS INC,RUBY,,Q,A,R,56440,3,9999.0,,,,99.0,999.0,,,,,,,11.97,-0.072093,79651.0,1.0,12.86,953422.47,RUBY,7.0,3.0,,,,1,1.0,1.0,1.0,,,,,,1.0,,,,4.0,,,1.0,1.0,1.0,1.0,,,,2.0,2.0,1.0,,2.0,3.0,,,4.0,4.0,,1.0,2.0,1.0,10.0,2.0,,,10.0,,,,3.0,10,10.0,10,10
2019-08-05,17947,,11,3,9999.0,78116T10,RUBY,RUBIUS THERAPEUTICS INC,RUBY,,Q,A,R,56440,3,9999.0,,,,99.0,999.0,,,,,,,11.18,-0.065998,79651.0,1.0,11.72,890498.18,RUBY,7.0,3.0,,,,1,1.0,1.0,1.0,,,,,,1.0,,,,4.0,,,1.0,1.0,1.0,1.0,,,,2.0,2.0,1.0,,2.0,3.0,,,4.0,4.0,,1.0,2.0,1.0,10.0,2.0,,,10.0,,,,3.0,10,10.0,10,10
2019-08-06,17947,,11,3,9999.0,78116T10,RUBY,RUBIUS THERAPEUTICS INC,RUBY,,Q,A,R,56440,3,9999.0,,,,99.0,999.0,,,,,,,11.61,0.038461,79651.0,1.0,11.11,924748.11,RUBY,7.0,3.0,,,,1,1.0,1.0,1.0,,,,,,1.0,,,,4.0,,,1.0,1.0,1.0,1.0,,,,2.0,2.0,1.0,,2.0,3.0,,,4.0,4.0,,1.0,2.0,1.0,10.0,2.0,,,10.0,,,,3.0,10,10.0,10,10
2019-08-07,17947,,11,3,9999.0,78116T10,RUBY,RUBIUS THERAPEUTICS INC,RUBY,,Q,A,R,56440,3,9999.0,,,,99.0,999.0,,,,,,,11.63,0.001723,79651.0,1.0,11.44,926341.13,RUBY,7.0,3.0,,,,1,1.0,1.0,1.0,,,,,,1.0,,,,4.0,,,1.0,1.0,1.0,1.0,,,,2.0,2.0,1.0,,2.0,3.0,,,4.0,4.0,,1.0,2.0,1.0,10.0,2.0,,,10.0,,,,3.0,10,10.0,10,10
2019-08-08,17947,,11,3,9999.0,78116T10,RUBY,RUBIUS THERAPEUTICS INC,RUBY,,Q,A,R,56440,3,9999.0,,,,99.0,999.0,,,,,,,12.0,0.031814,79651.0,1.0,11.76,955812.0,RUBY,7.0,3.0,,,,1,1.0,1.0,1.0,,,,,,1.0,,,,4.0,,,1.0,1.0,1.0,1.0,,,,2.0,2.0,1.0,,2.0,3.0,,,4.0,4.0,,1.0,2.0,1.0,10.0,2.0,,,10.0,,,,3.0,10,10.0,10,10
2019-08-09,17947,,11,3,9999.0,78116T10,RUBY,RUBIUS THERAPEUTICS INC,RUBY,,Q,A,R,56440,3,9999.0,,,,99.0,999.0,,,,,,,11.76,-0.02,79651.0,1.0,11.97,936695.76,RUBY,7.0,3.0,,,,1,1.0,1.0,1.0,,,,,,1.0,,,,4.0,,,1.0,1.0,1.0,1.0,,,,2.0,2.0,1.0,,2.0,3.0,,,4.0,4.0,,1.0,2.0,1.0,10.0,2.0,,,10.0,,,,3.0,10,10.0,10,10
2019-08-12,17947,,11,3,9999.0,78116T10,RUBY,RUBIUS THERAPEUTICS INC,RUBY,,Q,A,R,56440,3,9999.0,,,,99.0,999.0,,,,,,,11.21,-0.046769,79651.0,1.0,11.66,892887.71,RUBY,7.0,3.0,,,,1,1.0,1.0,1.0,,,,,,1.0,,,,4.0,,,1.0,1.0,1.0,1.0,,,,2.0,2.0,1.0,,2.0,3.0,,,4.0,4.0,,1.0,2.0,1.0,10.0,2.0,,,10.0,,,,3.0,10,10.0,10,10
2019-08-13,17947,,11,3,9999.0,78116T10,RUBY,RUBIUS THERAPEUTICS INC,RUBY,,Q,A,R,56440,3,9999.0,,,,99.0,999.0,,,,,,,11.04,-0.015165,79651.0,1.0,10.95,879347.04,RUBY,7.0,3.0,,,,1,1.0,1.0,1.0,,,,,,1.0,,,,4.0,,,1.0,1.0,1.0,1.0,,,,2.0,2.0,1.0,,2.0,3.0,,,4.0,4.0,,1.0,2.0,1.0,10.0,2.0,,,10.0,,,,3.0,10,10.0,10,10
2019-08-14,17947,,11,3,9999.0,78116T10,RUBY,RUBIUS THERAPEUTICS INC,RUBY,,Q,A,R,56440,3,9999.0,,,,99.0,999.0,,,,,,,10.41,-0.057065,79651.0,1.0,10.91,829166.91,RUBY,7.0,3.0,,,,1,1.0,1.0,1.0,,,,,,1.0,,,,4.0,,,1.0,1.0,1.0,1.0,,,,2.0,2.0,1.0,,2.0,3.0,,,4.0,4.0,,1.0,2.0,1.0,10.0,2.0,,,10.0,,,,3.0,10,10.0,10,10
2019-08-15,17947,,11,3,9999.0,78116T10,RUBY,RUBIUS THERAPEUTICS INC,RUBY,,Q,A,R,56440,3,9999.0,,,,99.0,999.0,,,,,,,9.99,-0.040346,79651.0,1.0,10.38,795713.49,RUBY,7.0,3.0,,,,1,1.0,1.0,1.0,,,,,,1.0,,,,4.0,,,1.0,1.0,1.0,1.0,,,,2.0,2.0,1.0,,2.0,3.0,,,4.0,4.0,,1.0,2.0,1.0,10.0,2.0,,,10.0,,,,3.0,10,10.0,10,10
2019-08-16,17947,,11,3,9999.0,78116T10,RUBY,RUBIUS THERAPEUTICS INC,RUBY,,Q,A,R,56440,3,9999.0,,,,99.0,999.0,,,,,,,10.6,0.061061,79651.0,1.0,10.11,844300.6,RUBY,7.0,3.0,,,,1,1.0,1.0,1.0,,,,,,1.0,,,,4.0,,,1.0,1.0,1.0,1.0,,,,2.0,2.0,1.0,,2.0,3.0,,,4.0,4.0,,1.0,2.0,1.0,10.0,2.0,,,10.0,,,,3.0,10,10.0,10,10
2019-08-19,17947,,11,3,9999.0,78116T10,RUBY,RUBIUS THERAPEUTICS INC,RUBY,,Q,A,R,56440,3,9999.0,,,,99.0,999.0,,,,,,,11.02,0.039623,79651.0,1.0,10.73,877754.02,RUBY,7.0,3.0,,,,1,1.0,1.0,1.0,,,,,,1.0,,,,4.0,,,1.0,1.0,1.0,1.0,,,,2.0,2.0,1.0,,2.0,3.0,,,4.0,4.0,,1.0,2.0,1.0,10.0,2.0,,,10.0,,,,3.0,10,10.0,10,10
2019-08-20,17947,,11,3,9999.0,78116T10,RUBY,RUBIUS THERAPEUTICS INC,RUBY,,Q,A,R,56440,3,9999.0,,,,99.0,999.0,,,,,,,10.55,-0.04265,79651.0,1.0,10.98,840318.05,RUBY,7.0,3.0,,,,1,1.0,1.0,1.0,,,,,,1.0,,,,4.0,,,1.0,1.0,1.0,1.0,,,,2.0,2.0,1.0,,2.0,3.0,,,4.0,4.0,,1.0,2.0,1.0,10.0,2.0,,,10.0,,,,3.0,10,10.0,10,10
2019-08-21,17947,,11,3,9999.0,78116T10,RUBY,RUBIUS THERAPEUTICS INC,RUBY,,Q,A,R,56440,3,9999.0,,,,99.0,999.0,,,,,,,10.4,-0.014218,79651.0,1.0,10.66,828370.4,RUBY,7.0,3.0,,,,1,1.0,1.0,1.0,,,,,,1.0,,,,4.0,,,1.0,1.0,1.0,1.0,,,,2.0,2.0,1.0,,2.0,3.0,,,4.0,4.0,,1.0,2.0,1.0,10.0,2.0,,,10.0,,,,3.0,10,10.0,10,10
2019-08-22,17947,,11,3,9999.0,78116T10,RUBY,RUBIUS THERAPEUTICS INC,RUBY,,Q,A,R,56440,3,9999.0,,,,99.0,999.0,,,,,,,10.18,-0.021154,79651.0,1.0,10.43,810847.18,RUBY,7.0,3.0,,,,1,1.0,1.0,1.0,,,,,,1.0,,,,4.0,,,1.0,1.0,1.0,1.0,,,,2.0,2.0,1.0,,2.0,3.0,,,4.0,4.0,,1.0,2.0,1.0,10.0,2.0,,,10.0,,,,3.0,10,10.0,10,10
2019-08-23,17947,,11,3,9999.0,78116T10,RUBY,RUBIUS THERAPEUTICS INC,RUBY,,Q,A,R,56440,3,9999.0,,,,99.0,999.0,,,,,,,9.6,-0.056974,79651.0,1.0,10.13,764649.6,RUBY,7.0,3.0,,,,1,1.0,1.0,1.0,,,,,,1.0,,,,4.0,,,1.0,1.0,1.0,1.0,,,,2.0,2.0,1.0,,2.0,3.0,,,4.0,4.0,,1.0,2.0,1.0,10.0,2.0,,,10.0,,,,3.0,10,10.0,10,10
2019-08-26,17947,,11,3,9999.0,78116T10,RUBY,RUBIUS THERAPEUTICS INC,RUBY,,Q,A,R,56440,3,9999.0,,,,99.0,999.0,,,,,,,9.8,0.020833,79651.0,1.0,9.61,780579.8,RUBY,7.0,3.0,,,,1,1.0,1.0,1.0,,,,,,1.0,,,,4.0,,,1.0,1.0,1.0,1.0,,,,2.0,2.0,1.0,,2.0,3.0,,,4.0,4.0,,1.0,2.0,1.0,10.0,2.0,,,10.0,,,,3.0,10,10.0,10,10
2019-08-27,17947,,11,3,9999.0,78116T10,RUBY,RUBIUS THERAPEUTICS INC,RUBY,,Q,A,R,56440,3,9999.0,,,,99.0,999.0,,,,,,,9.32,-0.04898,79651.0,1.0,9.86,742347.32,RUBY,7.0,3.0,,,,1,1.0,1.0,1.0,,,,,,1.0,,,,4.0,,,1.0,1.0,1.0,1.0,,,,2.0,2.0,1.0,,2.0,3.0,,,4.0,4.0,,1.0,2.0,1.0,10.0,2.0,,,10.0,,,,3.0,10,10.0,10,10
2019-08-28,17947,,11,3,9999.0,78116T10,RUBY,RUBIUS THERAPEUTICS INC,RUBY,,Q,A,R,56440,3,9999.0,,,,99.0,999.0,,,,,,,9.5,0.019313,79651.0,1.0,9.26,756684.5,RUBY,7.0,3.0,,,,1,1.0,1.0,1.0,,,,,,1.0,,,,4.0,,,1.0,1.0,1.0,1.0,,,,2.0,2.0,1.0,,2.0,3.0,,,4.0,4.0,,1.0,2.0,1.0,10.0,2.0,,,10.0,,,,3.0,10,10.0,10,10
2019-08-29,17947,,11,3,9999.0,78116T10,RUBY,RUBIUS THERAPEUTICS INC,RUBY,,Q,A,R,56440,3,9999.0,,,,99.0,999.0,,,,,,,9.19,-0.032632,79651.0,1.0,9.54,731992.69,RUBY,7.0,3.0,,,,1,1.0,1.0,1.0,,,,,,1.0,,,,4.0,,,1.0,1.0,1.0,1.0,,,,2.0,2.0,1.0,,2.0,3.0,,,4.0,4.0,,1.0,2.0,1.0,10.0,2.0,,,10.0,,,,3.0,10,10.0,10,10
2019-08-30,17947,,11,3,9999.0,78116T10,RUBY,RUBIUS THERAPEUTICS INC,RUBY,,Q,A,R,56440,3,9999.0,,,,99.0,999.0,,,,,,,9.28,0.009793,79651.0,1.0,9.21,739161.28,RUBY,7.0,3.0,,,,1,1.0,1.0,1.0,,,,,,1.0,,,,4.0,,,1.0,1.0,1.0,1.0,,,,2.0,2.0,1.0,,2.0,3.0,,,4.0,4.0,,1.0,2.0,1.0,10.0,2.0,,,10.0,,,,3.0,10,10.0,10,10
2019-09-03,17947,,11,3,9999.0,78116T10,RUBY,RUBIUS THERAPEUTICS INC,RUBY,,Q,A,R,56440,3,9999.0,,,,99.0,999.0,,,,,,,8.79,-0.052802,79651.0,1.0,9.14,700132.29,RUBY,7.0,3.0,,,,1,1.0,1.0,1.0,,,,,,1.0,,,,4.0,,,1.0,1.0,1.0,1.0,,,,4.0,4.0,2.0,,2.0,2.0,,,5.0,4.0,,1.0,1.0,1.0,10.0,2.0,,,10.0,,,,2.0,10,10.0,10,10
2019-09-04,17947,,11,3,9999.0,78116T10,RUBY,RUBIUS THERAPEUTICS INC,RUBY,,Q,A,R,56440,3,9999.0,,,,99.0,999.0,,,,,,,8.84,0.005688,79651.0,1.0,8.93,704114.84,RUBY,7.0,3.0,,,,1,1.0,1.0,1.0,,,,,,1.0,,,,4.0,,,1.0,1.0,1.0,1.0,,,,4.0,4.0,2.0,,2.0,2.0,,,5.0,4.0,,1.0,1.0,1.0,10.0,2.0,,,10.0,,,,2.0,10,10.0,10,10
2019-09-05,17947,,11,3,9999.0,78116T10,RUBY,RUBIUS THERAPEUTICS INC,RUBY,,Q,A,R,56440,3,9999.0,,,,99.0,999.0,,,,,,,9.52,0.076923,79651.0,1.0,8.95,758277.52,RUBY,7.0,3.0,,,,1,1.0,1.0,1.0,,,,,,1.0,,,,4.0,,,1.0,1.0,1.0,1.0,,,,4.0,4.0,2.0,,2.0,2.0,,,5.0,4.0,,1.0,1.0,1.0,10.0,2.0,,,10.0,,,,2.0,10,10.0,10,10
2019-09-06,17947,,11,3,9999.0,78116T10,RUBY,RUBIUS THERAPEUTICS INC,RUBY,,Q,A,R,56440,3,9999.0,,,,99.0,999.0,,,,,,,9.41,-0.011555,79651.0,1.0,9.51,749515.91,RUBY,7.0,3.0,,,,1,1.0,1.0,1.0,,,,,,1.0,,,,4.0,,,1.0,1.0,1.0,1.0,,,,4.0,4.0,2.0,,2.0,2.0,,,5.0,4.0,,1.0,1.0,1.0,10.0,2.0,,,10.0,,,,2.0,10,10.0,10,10
2019-09-09,17947,,11,3,9999.0,78116T10,RUBY,RUBIUS THERAPEUTICS INC,RUBY,,Q,A,R,56440,3,9999.0,,,,99.0,999.0,,,,,,,9.49,0.008502,79651.0,1.0,9.47,755887.99,RUBY,7.0,3.0,,,,1,1.0,1.0,1.0,,,,,,1.0,,,,4.0,,,1.0,1.0,1.0,1.0,,,,4.0,4.0,2.0,,2.0,2.0,,,5.0,4.0,,1.0,1.0,1.0,10.0,2.0,,,10.0,,,,2.0,10,10.0,10,10
2019-09-10,17947,,11,3,9999.0,78116T10,RUBY,RUBIUS THERAPEUTICS INC,RUBY,,Q,A,R,56440,3,9999.0,,,,99.0,999.0,,,,,,,8.75,-0.077977,79651.0,1.0,9.03,696946.25,RUBY,7.0,3.0,,,,1,1.0,1.0,1.0,,,,,,1.0,,,,4.0,,,1.0,1.0,1.0,1.0,,,,4.0,4.0,2.0,,2.0,2.0,,,5.0,4.0,,1.0,1.0,1.0,10.0,2.0,,,10.0,,,,2.0,10,10.0,10,10
2019-09-11,17947,,11,3,9999.0,78116T10,RUBY,RUBIUS THERAPEUTICS INC,RUBY,,Q,A,R,56440,3,9999.0,,,,99.0,999.0,,,,,,,9.79,0.118857,79651.0,1.0,8.77,779783.29,RUBY,7.0,3.0,,,,1,1.0,1.0,1.0,,,,,,1.0,,,,4.0,,,1.0,1.0,1.0,1.0,,,,4.0,4.0,2.0,,2.0,2.0,,,5.0,4.0,,1.0,1.0,1.0,10.0,2.0,,,10.0,,,,2.0,10,10.0,10,10
2019-09-12,17947,,11,3,9999.0,78116T10,RUBY,RUBIUS THERAPEUTICS INC,RUBY,,Q,A,R,56440,3,9999.0,,,,99.0,999.0,,,,,,,9.36,-0.043922,79651.0,1.0,10.03,745533.36,RUBY,7.0,3.0,,,,1,1.0,1.0,1.0,,,,,,1.0,,,,4.0,,,1.0,1.0,1.0,1.0,,,,4.0,4.0,2.0,,2.0,2.0,,,5.0,4.0,,1.0,1.0,1.0,10.0,2.0,,,10.0,,,,2.0,10,10.0,10,10
2019-09-13,17947,,11,3,9999.0,78116T10,RUBY,RUBIUS THERAPEUTICS INC,RUBY,,Q,A,R,56440,3,9999.0,,,,99.0,999.0,,,,,,,9.53,0.018162,79651.0,1.0,9.45,759074.03,RUBY,7.0,3.0,,,,1,1.0,1.0,1.0,,,,,,1.0,,,,4.0,,,1.0,1.0,1.0,1.0,,,,4.0,4.0,2.0,,2.0,2.0,,,5.0,4.0,,1.0,1.0,1.0,10.0,2.0,,,10.0,,,,2.0,10,10.0,10,10
2019-09-16,17947,,11,3,9999.0,78116T10,RUBY,RUBIUS THERAPEUTICS INC,RUBY,,Q,A,R,56440,3,9999.0,,,,99.0,999.0,,,,,,,10.27,0.07765,79651.0,1.0,9.42,818015.77,RUBY,7.0,3.0,,,,1,1.0,1.0,1.0,,,,,,1.0,,,,4.0,,,1.0,1.0,1.0,1.0,,,,4.0,4.0,2.0,,2.0,2.0,,,5.0,4.0,,1.0,1.0,1.0,10.0,2.0,,,10.0,,,,2.0,10,10.0,10,10
2019-09-17,17947,,11,3,9999.0,78116T10,RUBY,RUBIUS THERAPEUTICS INC,RUBY,,Q,A,R,56440,3,9999.0,,,,99.0,999.0,,,,,,,9.95,-0.031159,79651.0,1.0,10.21,792527.45,RUBY,7.0,3.0,,,,1,1.0,1.0,1.0,,,,,,1.0,,,,4.0,,,1.0,1.0,1.0,1.0,,,,4.0,4.0,2.0,,2.0,2.0,,,5.0,4.0,,1.0,1.0,1.0,10.0,2.0,,,10.0,,,,2.0,10,10.0,10,10
2019-09-18,17947,,11,3,9999.0,78116T10,RUBY,RUBIUS THERAPEUTICS INC,RUBY,,Q,A,R,56440,3,9999.0,,,,99.0,999.0,,,,,,,10.2,0.025126,79651.0,1.0,10.18,812440.2,RUBY,7.0,3.0,,,,1,1.0,1.0,1.0,,,,,,1.0,,,,4.0,,,1.0,1.0,1.0,1.0,,,,4.0,4.0,2.0,,2.0,2.0,,,5.0,4.0,,1.0,1.0,1.0,10.0,2.0,,,10.0,,,,2.0,10,10.0,10,10
2019-09-19,17947,,11,3,9999.0,78116T10,RUBY,RUBIUS THERAPEUTICS INC,RUBY,,Q,A,R,56440,3,9999.0,,,,99.0,999.0,,,,,,,10.37,0.016667,79651.0,1.0,10.23,825980.87,RUBY,7.0,3.0,,,,1,1.0,1.0,1.0,,,,,,1.0,,,,4.0,,,1.0,1.0,1.0,1.0,,,,4.0,4.0,2.0,,2.0,2.0,,,5.0,4.0,,1.0,1.0,1.0,10.0,2.0,,,10.0,,,,2.0,10,10.0,10,10
2019-09-20,17947,,11,3,9999.0,78116T10,RUBY,RUBIUS THERAPEUTICS INC,RUBY,,Q,A,R,56440,3,9999.0,,,,99.0,999.0,,,,,,,10.32,-0.004822,79651.0,1.0,10.35,821998.32,RUBY,7.0,3.0,,,,1,1.0,1.0,1.0,,,,,,1.0,,,,4.0,,,1.0,1.0,1.0,1.0,,,,4.0,4.0,2.0,,2.0,2.0,,,5.0,4.0,,1.0,1.0,1.0,10.0,2.0,,,10.0,,,,2.0,10,10.0,10,10
2019-09-23,17947,,11,3,9999.0,78116T10,RUBY,RUBIUS THERAPEUTICS INC,RUBY,,Q,A,R,56440,3,9999.0,,,,99.0,999.0,,,,,,,9.92,-0.03876,79651.0,1.0,10.26,790137.92,RUBY,7.0,3.0,,,,1,1.0,1.0,1.0,,,,,,1.0,,,,4.0,,,1.0,1.0,1.0,1.0,,,,4.0,4.0,2.0,,2.0,2.0,,,5.0,4.0,,1.0,1.0,1.0,10.0,2.0,,,10.0,,,,2.0,10,10.0,10,10
2019-09-24,17947,,11,3,9999.0,78116T10,RUBY,RUBIUS THERAPEUTICS INC,RUBY,,Q,A,R,56440,3,9999.0,,,,99.0,999.0,,,,,,,9.1,-0.082661,79651.0,1.0,9.95,724824.1,RUBY,7.0,3.0,,,,1,1.0,1.0,1.0,,,,,,1.0,,,,4.0,,,1.0,1.0,1.0,1.0,,,,4.0,4.0,2.0,,2.0,2.0,,,5.0,4.0,,1.0,1.0,1.0,10.0,2.0,,,10.0,,,,2.0,10,10.0,10,10
2019-09-25,17947,,11,3,9999.0,78116T10,RUBY,RUBIUS THERAPEUTICS INC,RUBY,,Q,A,R,56440,3,9999.0,,,,99.0,999.0,,,,,,,8.81,-0.031868,79651.0,1.0,8.76,701725.31,RUBY,7.0,3.0,,,,1,1.0,1.0,1.0,,,,,,1.0,,,,4.0,,,1.0,1.0,1.0,1.0,,,,4.0,4.0,2.0,,2.0,2.0,,,5.0,4.0,,1.0,1.0,1.0,10.0,2.0,,,10.0,,,,2.0,10,10.0,10,10
2019-09-26,17947,,11,3,9999.0,78116T10,RUBY,RUBIUS THERAPEUTICS INC,RUBY,,Q,A,R,56440,3,9999.0,,,,99.0,999.0,,,,,,,8.43,-0.043133,79651.0,1.0,8.85,671457.93,RUBY,7.0,3.0,,,,1,1.0,1.0,1.0,,,,,,1.0,,,,4.0,,,1.0,1.0,1.0,1.0,,,,4.0,4.0,2.0,,2.0,2.0,,,5.0,4.0,,1.0,1.0,1.0,10.0,2.0,,,10.0,,,,2.0,10,10.0,10,10
2019-09-27,17947,,11,3,9999.0,78116T10,RUBY,RUBIUS THERAPEUTICS INC,RUBY,,Q,A,R,56440,3,9999.0,,,,99.0,999.0,,,,,,,7.97,-0.054567,79651.0,1.0,8.45,634818.47,RUBY,7.0,3.0,,,,1,1.0,1.0,1.0,,,,,,1.0,,,,4.0,,,1.0,1.0,1.0,1.0,,,,4.0,4.0,2.0,,2.0,2.0,,,5.0,4.0,,1.0,1.0,1.0,10.0,2.0,,,10.0,,,,2.0,10,10.0,10,10
2019-09-30,17947,,11,3,9999.0,78116T10,RUBY,RUBIUS THERAPEUTICS INC,RUBY,,Q,A,R,56440,3,9999.0,,,,99.0,999.0,,,,,,,7.85,-0.015056,79778.0,1.0,7.99,626257.3,RUBY,7.0,3.0,,,,1,1.0,1.0,1.0,,,,,,1.0,,,,4.0,,,1.0,1.0,1.0,1.0,,,,4.0,4.0,2.0,,2.0,2.0,,,5.0,4.0,,1.0,1.0,1.0,10.0,2.0,,,10.0,,,,2.0,10,10.0,10,10
2019-10-01,17947,,11,3,9999.0,78116T10,RUBY,RUBIUS THERAPEUTICS INC,RUBY,,Q,A,R,56440,3,9999.0,,,,99.0,999.0,,,,,,,7.51,-0.043312,79778.0,1.0,7.79,599132.78,RUBY,7.0,3.0,,,,1,1.0,1.0,1.0,,,,,,1.0,,,,4.0,,,1.0,1.0,1.0,1.0,,,,1.0,2.0,1.0,,2.0,1.0,,,6.0,3.0,,1.0,1.0,1.0,10.0,2.0,,,10.0,,,,2.0,10,10.0,10,10
2019-10-02,17947,,11,3,9999.0,78116T10,RUBY,RUBIUS THERAPEUTICS INC,RUBY,,Q,A,R,56440,3,9999.0,,,,99.0,999.0,,,,,,,7.8,0.038615,79778.0,1.0,7.16,622268.4,RUBY,7.0,3.0,,,,1,1.0,1.0,1.0,,,,,,1.0,,,,4.0,,,1.0,1.0,1.0,1.0,,,,1.0,2.0,1.0,,2.0,1.0,,,6.0,3.0,,1.0,1.0,1.0,10.0,2.0,,,10.0,,,,2.0,10,10.0,10,10
2019-10-03,17947,,11,3,9999.0,78116T10,RUBY,RUBIUS THERAPEUTICS INC,RUBY,,Q,A,R,56440,3,9999.0,,,,99.0,999.0,,,,,,,8.06,0.033333,79778.0,1.0,7.78,643010.68,RUBY,7.0,3.0,,,,1,1.0,1.0,1.0,,,,,,1.0,,,,4.0,,,1.0,1.0,1.0,1.0,,,,1.0,2.0,1.0,,2.0,1.0,,,6.0,3.0,,1.0,1.0,1.0,10.0,2.0,,,10.0,,,,2.0,10,10.0,10,10
2019-10-04,17947,,11,3,9999.0,78116T10,RUBY,RUBIUS THERAPEUTICS INC,RUBY,,Q,A,R,56440,3,9999.0,,,,99.0,999.0,,,,,,,8.32,0.032258,79778.0,1.0,8.06,663752.96,RUBY,7.0,3.0,,,,1,1.0,1.0,1.0,,,,,,1.0,,,,4.0,,,1.0,1.0,1.0,1.0,,,,1.0,2.0,1.0,,2.0,1.0,,,6.0,3.0,,1.0,1.0,1.0,10.0,2.0,,,10.0,,,,2.0,10,10.0,10,10
2019-10-07,17947,,11,3,9999.0,78116T10,RUBY,RUBIUS THERAPEUTICS INC,RUBY,,Q,A,R,56440,3,9999.0,,,,99.0,999.0,,,,,,,8.36,0.004808,79778.0,1.0,8.27,666944.08,RUBY,7.0,3.0,,,,1,1.0,1.0,1.0,,,,,,1.0,,,,4.0,,,1.0,1.0,1.0,1.0,,,,1.0,2.0,1.0,,2.0,1.0,,,6.0,3.0,,1.0,1.0,1.0,10.0,2.0,,,10.0,,,,2.0,10,10.0,10,10
2019-10-08,17947,,11,3,9999.0,78116T10,RUBY,RUBIUS THERAPEUTICS INC,RUBY,,Q,A,R,56440,3,9999.0,,,,99.0,999.0,,,,,,,8.4,0.004785,79778.0,1.0,8.34,670135.2,RUBY,7.0,3.0,,,,1,1.0,1.0,1.0,,,,,,1.0,,,,4.0,,,1.0,1.0,1.0,1.0,,,,1.0,2.0,1.0,,2.0,1.0,,,6.0,3.0,,1.0,1.0,1.0,10.0,2.0,,,10.0,,,,2.0,10,10.0,10,10
2019-10-09,17947,,11,3,9999.0,78116T10,RUBY,RUBIUS THERAPEUTICS INC,RUBY,,Q,A,R,56440,3,9999.0,,,,99.0,999.0,,,,,,,8.49,0.010714,79778.0,1.0,8.48,677315.22,RUBY,7.0,3.0,,,,1,1.0,1.0,1.0,,,,,,1.0,,,,4.0,,,1.0,1.0,1.0,1.0,,,,1.0,2.0,1.0,,2.0,1.0,,,6.0,3.0,,1.0,1.0,1.0,10.0,2.0,,,10.0,,,,2.0,10,10.0,10,10
2019-10-10,17947,,11,3,9999.0,78116T10,RUBY,RUBIUS THERAPEUTICS INC,RUBY,,Q,A,R,56440,3,9999.0,,,,99.0,999.0,,,,,,,8.425,-0.007656,79778.0,1.0,8.49,672129.65,RUBY,7.0,3.0,,,,1,1.0,1.0,1.0,,,,,,1.0,,,,4.0,,,1.0,1.0,1.0,1.0,,,,1.0,2.0,1.0,,2.0,1.0,,,6.0,3.0,,1.0,1.0,1.0,10.0,2.0,,,10.0,,,,2.0,10,10.0,10,10
2019-10-11,17947,,11,3,9999.0,78116T10,RUBY,RUBIUS THERAPEUTICS INC,RUBY,,Q,A,R,56440,3,9999.0,,,,99.0,999.0,,,,,,,8.54,0.01365,79778.0,1.0,8.5,681304.12,RUBY,7.0,3.0,,,,1,1.0,1.0,1.0,,,,,,1.0,,,,4.0,,,1.0,1.0,1.0,1.0,,,,1.0,2.0,1.0,,2.0,1.0,,,6.0,3.0,,1.0,1.0,1.0,10.0,2.0,,,10.0,,,,2.0,10,10.0,10,10
2019-10-14,17947,,11,3,9999.0,78116T10,RUBY,RUBIUS THERAPEUTICS INC,RUBY,,Q,A,R,56440,3,9999.0,,,,99.0,999.0,,,,,,,8.42,-0.014052,79778.0,1.0,8.52,671730.76,RUBY,7.0,3.0,,,,1,1.0,1.0,1.0,,,,,,1.0,,,,4.0,,,1.0,1.0,1.0,1.0,,,,1.0,2.0,1.0,,2.0,1.0,,,6.0,3.0,,1.0,1.0,1.0,10.0,2.0,,,10.0,,,,2.0,10,10.0,10,10
2019-10-15,17947,,11,3,9999.0,78116T10,RUBY,RUBIUS THERAPEUTICS INC,RUBY,,Q,A,R,56440,3,9999.0,,,,99.0,999.0,,,,,,,8.64,0.026128,79778.0,1.0,8.45,689281.92,RUBY,7.0,3.0,,,,1,1.0,1.0,1.0,,,,,,1.0,,,,4.0,,,1.0,1.0,1.0,1.0,,,,1.0,2.0,1.0,,2.0,1.0,,,6.0,3.0,,1.0,1.0,1.0,10.0,2.0,,,10.0,,,,2.0,10,10.0,10,10
2019-10-16,17947,,11,3,9999.0,78116T10,RUBY,RUBIUS THERAPEUTICS INC,RUBY,,Q,A,R,56440,3,9999.0,,,,99.0,999.0,,,,,,,9.15,0.059028,79778.0,1.0,8.63,729968.7,RUBY,7.0,3.0,,,,1,1.0,1.0,1.0,,,,,,1.0,,,,4.0,,,1.0,1.0,1.0,1.0,,,,1.0,2.0,1.0,,2.0,1.0,,,6.0,3.0,,1.0,1.0,1.0,10.0,2.0,,,10.0,,,,2.0,10,10.0,10,10
2019-10-17,17947,,11,3,9999.0,78116T10,RUBY,RUBIUS THERAPEUTICS INC,RUBY,,Q,A,R,56440,3,9999.0,,,,99.0,999.0,,,,,,,9.25,0.010929,79778.0,1.0,9.21,737946.5,RUBY,7.0,3.0,,,,1,1.0,1.0,1.0,,,,,,1.0,,,,4.0,,,1.0,1.0,1.0,1.0,,,,1.0,2.0,1.0,,2.0,1.0,,,6.0,3.0,,1.0,1.0,1.0,10.0,2.0,,,10.0,,,,2.0,10,10.0,10,10
2019-10-18,17947,,11,3,9999.0,78116T10,RUBY,RUBIUS THERAPEUTICS INC,RUBY,,Q,A,R,56440,3,9999.0,,,,99.0,999.0,,,,,,,8.9,-0.037838,79778.0,1.0,9.17,710024.2,RUBY,7.0,3.0,,,,1,1.0,1.0,1.0,,,,,,1.0,,,,4.0,,,1.0,1.0,1.0,1.0,,,,1.0,2.0,1.0,,2.0,1.0,,,6.0,3.0,,1.0,1.0,1.0,10.0,2.0,,,10.0,,,,2.0,10,10.0,10,10
2019-10-21,17947,,11,3,9999.0,78116T10,RUBY,RUBIUS THERAPEUTICS INC,RUBY,,Q,A,R,56440,3,9999.0,,,,99.0,999.0,,,,,,,9.38,0.053933,79778.0,1.0,9.04,748317.64,RUBY,7.0,3.0,,,,1,1.0,1.0,1.0,,,,,,1.0,,,,4.0,,,1.0,1.0,1.0,1.0,,,,1.0,2.0,1.0,,2.0,1.0,,,6.0,3.0,,1.0,1.0,1.0,10.0,2.0,,,10.0,,,,2.0,10,10.0,10,10
2019-10-22,17947,,11,3,9999.0,78116T10,RUBY,RUBIUS THERAPEUTICS INC,RUBY,,Q,A,R,56440,3,9999.0,,,,99.0,999.0,,,,,,,9.24,-0.014925,79778.0,1.0,9.44,737148.72,RUBY,7.0,3.0,,,,1,1.0,1.0,1.0,,,,,,1.0,,,,4.0,,,1.0,1.0,1.0,1.0,,,,1.0,2.0,1.0,,2.0,1.0,,,6.0,3.0,,1.0,1.0,1.0,10.0,2.0,,,10.0,,,,2.0,10,10.0,10,10
2019-10-23,17947,,11,3,9999.0,78116T10,RUBY,RUBIUS THERAPEUTICS INC,RUBY,,Q,A,R,56440,3,9999.0,,,,99.0,999.0,,,,,,,9.16,-0.008658,79778.0,1.0,9.14,730766.48,RUBY,7.0,3.0,,,,1,1.0,1.0,1.0,,,,,,1.0,,,,4.0,,,1.0,1.0,1.0,1.0,,,,1.0,2.0,1.0,,2.0,1.0,,,6.0,3.0,,1.0,1.0,1.0,10.0,2.0,,,10.0,,,,2.0,10,10.0,10,10
2019-10-24,17947,,11,3,9999.0,78116T10,RUBY,RUBIUS THERAPEUTICS INC,RUBY,,Q,A,R,56440,3,9999.0,,,,99.0,999.0,,,,,,,9.31,0.016376,79778.0,1.0,9.2,742733.18,RUBY,7.0,3.0,,,,1,1.0,1.0,1.0,,,,,,1.0,,,,4.0,,,1.0,1.0,1.0,1.0,,,,1.0,2.0,1.0,,2.0,1.0,,,6.0,3.0,,1.0,1.0,1.0,10.0,2.0,,,10.0,,,,2.0,10,10.0,10,10
2019-10-25,17947,,11,3,9999.0,78116T10,RUBY,RUBIUS THERAPEUTICS INC,RUBY,,Q,A,R,56440,3,9999.0,,,,99.0,999.0,,,,,,,9.46,0.016112,79778.0,1.0,9.28,754699.88,RUBY,7.0,3.0,,,,1,1.0,1.0,1.0,,,,,,1.0,,,,4.0,,,1.0,1.0,1.0,1.0,,,,1.0,2.0,1.0,,2.0,1.0,,,6.0,3.0,,1.0,1.0,1.0,10.0,2.0,,,10.0,,,,2.0,10,10.0,10,10
2019-10-28,17947,,11,3,9999.0,78116T10,RUBY,RUBIUS THERAPEUTICS INC,RUBY,,Q,A,R,56440,3,9999.0,,,,99.0,999.0,,,,,,,9.1,-0.038055,79778.0,1.0,9.47,725979.8,RUBY,7.0,3.0,,,,1,1.0,1.0,1.0,,,,,,1.0,,,,4.0,,,1.0,1.0,1.0,1.0,,,,1.0,2.0,1.0,,2.0,1.0,,,6.0,3.0,,1.0,1.0,1.0,10.0,2.0,,,10.0,,,,2.0,10,10.0,10,10
2019-10-29,17947,,11,3,9999.0,78116T10,RUBY,RUBIUS THERAPEUTICS INC,RUBY,,Q,A,R,56440,3,9999.0,,,,99.0,999.0,,,,,,,9.05,-0.005495,79778.0,1.0,9.09,721990.9,RUBY,7.0,3.0,,,,1,1.0,1.0,1.0,,,,,,1.0,,,,4.0,,,1.0,1.0,1.0,1.0,,,,1.0,2.0,1.0,,2.0,1.0,,,6.0,3.0,,1.0,1.0,1.0,10.0,2.0,,,10.0,,,,2.0,10,10.0,10,10
2019-10-30,17947,,11,3,9999.0,78116T10,RUBY,RUBIUS THERAPEUTICS INC,RUBY,,Q,A,R,56440,3,9999.0,,,,99.0,999.0,,,,,,,9.49,0.048619,79778.0,1.0,9.07,757093.22,RUBY,7.0,3.0,,,,1,1.0,1.0,1.0,,,,,,1.0,,,,4.0,,,1.0,1.0,1.0,1.0,,,,1.0,2.0,1.0,,2.0,1.0,,,6.0,3.0,,1.0,1.0,1.0,10.0,2.0,,,10.0,,,,2.0,10,10.0,10,10
2019-10-31,17947,,11,3,9999.0,78116T10,RUBY,RUBIUS THERAPEUTICS INC,RUBY,,Q,A,R,56440,3,9999.0,,,,99.0,999.0,,,,,,,8.84,-0.068493,79801.0,1.0,9.41,705440.84,RUBY,7.0,3.0,,,,1,1.0,1.0,1.0,,,,,,1.0,,,,4.0,,,1.0,1.0,1.0,1.0,,,,1.0,2.0,1.0,,2.0,1.0,,,6.0,3.0,,1.0,1.0,1.0,10.0,2.0,,,10.0,,,,2.0,10,10.0,10,10
2019-11-01,17947,,11,3,9999.0,78116T10,RUBY,RUBIUS THERAPEUTICS INC,RUBY,,Q,A,R,56440,3,9999.0,,,,99.0,999.0,,,,,,,9.86,0.115385,79801.0,1.0,8.92,786837.86,RUBY,7.0,3.0,,,,1,1.0,1.0,1.0,,,,,,1.0,,,,4.0,,,1.0,1.0,1.0,1.0,,,,1.0,6.0,1.0,,2.0,1.0,,,6.0,3.0,,1.0,1.0,1.0,1.0,2.0,,,2.0,,,,2.0,10,9.0,10,10
2019-11-04,17947,,11,3,9999.0,78116T10,RUBY,RUBIUS THERAPEUTICS INC,RUBY,,Q,A,R,56440,3,9999.0,,,,99.0,999.0,,,,,,,9.13,-0.074036,79801.0,1.0,10.29,728583.13,RUBY,7.0,3.0,,,,1,1.0,1.0,1.0,,,,,,1.0,,,,4.0,,,1.0,1.0,1.0,1.0,,,,1.0,6.0,1.0,,2.0,1.0,,,6.0,3.0,,1.0,1.0,1.0,1.0,2.0,,,2.0,,,,2.0,10,9.0,10,10
2019-11-05,17947,,11,3,9999.0,78116T10,RUBY,RUBIUS THERAPEUTICS INC,RUBY,,Q,A,R,56440,3,9999.0,,,,99.0,999.0,,,,,,,10.31,0.129244,79801.0,1.0,9.08,822748.31,RUBY,7.0,3.0,,,,1,1.0,1.0,1.0,,,,,,1.0,,,,4.0,,,1.0,1.0,1.0,1.0,,,,1.0,6.0,1.0,,2.0,1.0,,,6.0,3.0,,1.0,1.0,1.0,1.0,2.0,,,2.0,,,,2.0,10,9.0,10,10
2019-11-06,17947,,11,3,9999.0,78116T10,RUBY,RUBIUS THERAPEUTICS INC,RUBY,,Q,A,R,56440,3,9999.0,,,,99.0,999.0,,,,,,,10.21,-0.009699,79801.0,1.0,10.27,814768.21,RUBY,7.0,3.0,,,,1,1.0,1.0,1.0,,,,,,1.0,,,,4.0,,,1.0,1.0,1.0,1.0,,,,1.0,6.0,1.0,,2.0,1.0,,,6.0,3.0,,1.0,1.0,1.0,1.0,2.0,,,2.0,,,,2.0,10,9.0,10,10
2019-11-07,17947,,11,3,9999.0,78116T10,RUBY,RUBIUS THERAPEUTICS INC,RUBY,,Q,A,R,56440,3,9999.0,,,,99.0,999.0,,,,,,,10.65,0.043095,79801.0,1.0,10.31,849880.65,RUBY,7.0,3.0,,,,1,1.0,1.0,1.0,,,,,,1.0,,,,4.0,,,1.0,1.0,1.0,1.0,,,,1.0,6.0,1.0,,2.0,1.0,,,6.0,3.0,,1.0,1.0,1.0,1.0,2.0,,,2.0,,,,2.0,10,9.0,10,10
2019-11-08,17947,,11,3,9999.0,78116T10,RUBY,RUBIUS THERAPEUTICS INC,RUBY,,Q,A,R,56440,3,9999.0,,,,99.0,999.0,,,,,,,11.05,0.037559,79801.0,1.0,10.61,881801.05,RUBY,7.0,3.0,,,,1,1.0,1.0,1.0,,,,,,1.0,,,,4.0,,,1.0,1.0,1.0,1.0,,,,1.0,6.0,1.0,,2.0,1.0,,,6.0,3.0,,1.0,1.0,1.0,1.0,2.0,,,2.0,,,,2.0,10,9.0,10,10
2019-11-11,17947,,11,3,9999.0,78116T10,RUBY,RUBIUS THERAPEUTICS INC,RUBY,,Q,A,R,56440,3,9999.0,,,,99.0,999.0,,,,,,,10.95,-0.00905,79801.0,1.0,10.88,873820.95,RUBY,7.0,3.0,,,,1,1.0,1.0,1.0,,,,,,1.0,,,,4.0,,,1.0,1.0,1.0,1.0,,,,1.0,6.0,1.0,,2.0,1.0,,,6.0,3.0,,1.0,1.0,1.0,1.0,2.0,,,2.0,,,,2.0,10,9.0,10,10
2019-11-12,17947,,11,3,9999.0,78116T10,RUBY,RUBIUS THERAPEUTICS INC,RUBY,,Q,A,R,56440,3,9999.0,,,,99.0,999.0,,,,,,,10.06,-0.081278,79801.0,1.0,10.95,802798.06,RUBY,7.0,3.0,,,,1,1.0,1.0,1.0,,,,,,1.0,,,,4.0,,,1.0,1.0,1.0,1.0,,,,1.0,6.0,1.0,,2.0,1.0,,,6.0,3.0,,1.0,1.0,1.0,1.0,2.0,,,2.0,,,,2.0,10,9.0,10,10
2019-11-13,17947,,11,3,9999.0,78116T10,RUBY,RUBIUS THERAPEUTICS INC,RUBY,,Q,A,R,56440,3,9999.0,,,,99.0,999.0,,,,,,,9.84,-0.021869,79801.0,1.0,9.95,785241.84,RUBY,7.0,3.0,,,,1,1.0,1.0,1.0,,,,,,1.0,,,,4.0,,,1.0,1.0,1.0,1.0,,,,1.0,6.0,1.0,,2.0,1.0,,,6.0,3.0,,1.0,1.0,1.0,1.0,2.0,,,2.0,,,,2.0,10,9.0,10,10
2019-11-14,17947,,11,3,9999.0,78116T10,RUBY,RUBIUS THERAPEUTICS INC,RUBY,,Q,A,R,56440,3,9999.0,,,,99.0,999.0,,,,,,,7.88,-0.199187,79801.0,1.0,9.87,628831.88,RUBY,7.0,3.0,,,,1,1.0,1.0,1.0,,,,,,1.0,,,,4.0,,,1.0,1.0,1.0,1.0,,,,1.0,6.0,1.0,,2.0,1.0,,,6.0,3.0,,1.0,1.0,1.0,1.0,2.0,,,2.0,,,,2.0,10,9.0,10,10
2019-11-15,17947,,11,3,9999.0,78116T10,RUBY,RUBIUS THERAPEUTICS INC,RUBY,,Q,A,R,56440,3,9999.0,,,,99.0,999.0,,,,,,,7.36,-0.06599,79801.0,1.0,7.89,587335.36,RUBY,7.0,3.0,,,,1,1.0,1.0,1.0,,,,,,1.0,,,,4.0,,,1.0,1.0,1.0,1.0,,,,1.0,6.0,1.0,,2.0,1.0,,,6.0,3.0,,1.0,1.0,1.0,1.0,2.0,,,2.0,,,,2.0,10,9.0,10,10
2019-11-18,17947,,11,3,9999.0,78116T10,RUBY,RUBIUS THERAPEUTICS INC,RUBY,,Q,A,R,56440,3,9999.0,,,,99.0,999.0,,,,,,,7.6,0.032609,79801.0,1.0,7.38,606487.6,RUBY,7.0,3.0,,,,1,1.0,1.0,1.0,,,,,,1.0,,,,4.0,,,1.0,1.0,1.0,1.0,,,,1.0,6.0,1.0,,2.0,1.0,,,6.0,3.0,,1.0,1.0,1.0,1.0,2.0,,,2.0,,,,2.0,10,9.0,10,10
2019-11-19,17947,,11,3,9999.0,78116T10,RUBY,RUBIUS THERAPEUTICS INC,RUBY,,Q,A,R,56440,3,9999.0,,,,99.0,999.0,,,,,,,7.71,0.014474,79801.0,1.0,7.68,615265.71,RUBY,7.0,3.0,,,,1,1.0,1.0,1.0,,,,,,1.0,,,,4.0,,,1.0,1.0,1.0,1.0,,,,1.0,6.0,1.0,,2.0,1.0,,,6.0,3.0,,1.0,1.0,1.0,1.0,2.0,,,2.0,,,,2.0,10,9.0,10,10
2019-11-20,17947,,11,3,9999.0,78116T10,RUBY,RUBIUS THERAPEUTICS INC,RUBY,,Q,A,R,56440,3,9999.0,,,,99.0,999.0,,,,,,,7.945,0.03048,79801.0,1.0,7.77,634018.945,RUBY,7.0,3.0,,,,1,1.0,1.0,1.0,,,,,,1.0,,,,4.0,,,1.0,1.0,1.0,1.0,,,,1.0,6.0,1.0,,2.0,1.0,,,6.0,3.0,,1.0,1.0,1.0,1.0,2.0,,,2.0,,,,2.0,10,9.0,10,10
2019-11-21,17947,,11,3,9999.0,78116T10,RUBY,RUBIUS THERAPEUTICS INC,RUBY,,Q,A,R,56440,3,9999.0,,,,99.0,999.0,,,,,,,7.81,-0.016992,79801.0,1.0,7.84,623245.81,RUBY,7.0,3.0,,,,1,1.0,1.0,1.0,,,,,,1.0,,,,4.0,,,1.0,1.0,1.0,1.0,,,,1.0,6.0,1.0,,2.0,1.0,,,6.0,3.0,,1.0,1.0,1.0,1.0,2.0,,,2.0,,,,2.0,10,9.0,10,10
2019-11-22,17947,,11,3,9999.0,78116T10,RUBY,RUBIUS THERAPEUTICS INC,RUBY,,Q,A,R,56440,3,9999.0,,,,99.0,999.0,,,,,,,8.36,0.070423,79801.0,1.0,7.92,667136.36,RUBY,7.0,3.0,,,,1,1.0,1.0,1.0,,,,,,1.0,,,,4.0,,,1.0,1.0,1.0,1.0,,,,1.0,6.0,1.0,,2.0,1.0,,,6.0,3.0,,1.0,1.0,1.0,1.0,2.0,,,2.0,,,,2.0,10,9.0,10,10
2019-11-25,17947,,11,3,9999.0,78116T10,RUBY,RUBIUS THERAPEUTICS INC,RUBY,,Q,A,R,56440,3,9999.0,,,,99.0,999.0,,,,,,,8.13,-0.027512,79801.0,1.0,8.44,648782.13,RUBY,7.0,3.0,,,,1,1.0,1.0,1.0,,,,,,1.0,,,,4.0,,,1.0,1.0,1.0,1.0,,,,1.0,6.0,1.0,,2.0,1.0,,,6.0,3.0,,1.0,1.0,1.0,1.0,2.0,,,2.0,,,,2.0,10,9.0,10,10
2019-11-26,17947,,11,3,9999.0,78116T10,RUBY,RUBIUS THERAPEUTICS INC,RUBY,,Q,A,R,56440,3,9999.0,,,,99.0,999.0,,,,,,,7.62,-0.062731,79801.0,1.0,8.14,608083.62,RUBY,7.0,3.0,,,,1,1.0,1.0,1.0,,,,,,1.0,,,,4.0,,,1.0,1.0,1.0,1.0,,,,1.0,6.0,1.0,,2.0,1.0,,,6.0,3.0,,1.0,1.0,1.0,1.0,2.0,,,2.0,,,,2.0,10,9.0,10,10
2019-11-27,17947,,11,3,9999.0,78116T10,RUBY,RUBIUS THERAPEUTICS INC,RUBY,,Q,A,R,56440,3,9999.0,,,,99.0,999.0,,,,,,,7.46,-0.020997,79801.0,1.0,7.72,595315.46,RUBY,7.0,3.0,,,,1,1.0,1.0,1.0,,,,,,1.0,,,,4.0,,,1.0,1.0,1.0,1.0,,,,1.0,6.0,1.0,,2.0,1.0,,,6.0,3.0,,1.0,1.0,1.0,1.0,2.0,,,2.0,,,,2.0,10,9.0,10,10
2019-11-29,17947,,11,3,9999.0,78116T10,RUBY,RUBIUS THERAPEUTICS INC,RUBY,,Q,A,R,56440,3,9999.0,,,,99.0,999.0,,,,,,,7.7,0.032172,79801.0,1.0,7.43,614467.7,RUBY,7.0,3.0,,,,1,1.0,1.0,1.0,,,,,,1.0,,,,4.0,,,1.0,1.0,1.0,1.0,,,,1.0,6.0,1.0,,2.0,1.0,,,6.0,3.0,,1.0,1.0,1.0,1.0,2.0,,,2.0,,,,2.0,10,9.0,10,10
2019-12-02,17947,,11,3,9999.0,78116T10,RUBY,RUBIUS THERAPEUTICS INC,RUBY,,Q,A,R,56440,3,9999.0,,,,99.0,999.0,,,,,,,7.23,-0.061039,79801.0,1.0,7.75,576961.23,RUBY,7.0,3.0,,,,1,1.0,1.0,1.0,,,,,,1.0,,,,4.0,,,1.0,1.0,1.0,1.0,,,,1.0,5.0,1.0,,2.0,1.0,,,6.0,3.0,,1.0,1.0,1.0,10.0,1.0,,,10.0,,,,2.0,10,9.0,10,10
2019-12-03,17947,,11,3,9999.0,78116T10,RUBY,RUBIUS THERAPEUTICS INC,RUBY,,Q,A,R,56440,3,9999.0,,,,99.0,999.0,,,,,,,8.27,0.143845,79801.0,1.0,7.21,659954.27,RUBY,7.0,3.0,,,,1,1.0,1.0,1.0,,,,,,1.0,,,,4.0,,,1.0,1.0,1.0,1.0,,,,1.0,5.0,1.0,,2.0,1.0,,,6.0,3.0,,1.0,1.0,1.0,10.0,1.0,,,10.0,,,,2.0,10,9.0,10,10
2019-12-04,17947,,11,3,9999.0,78116T10,RUBY,RUBIUS THERAPEUTICS INC,RUBY,,Q,A,R,56440,3,9999.0,,,,99.0,999.0,,,,,,,9.35,0.130592,79801.0,1.0,8.3,746139.35,RUBY,7.0,3.0,,,,1,1.0,1.0,1.0,,,,,,1.0,,,,4.0,,,1.0,1.0,1.0,1.0,,,,1.0,5.0,1.0,,2.0,1.0,,,6.0,3.0,,1.0,1.0,1.0,10.0,1.0,,,10.0,,,,2.0,10,9.0,10,10
2019-12-05,17947,,11,3,9999.0,78116T10,RUBY,RUBIUS THERAPEUTICS INC,RUBY,,Q,A,R,56440,3,9999.0,,,,99.0,999.0,,,,,,,10.34,0.105882,79801.0,1.0,9.51,825142.34,RUBY,7.0,3.0,,,,1,1.0,1.0,1.0,,,,,,1.0,,,,4.0,,,1.0,1.0,1.0,1.0,,,,1.0,5.0,1.0,,2.0,1.0,,,6.0,3.0,,1.0,1.0,1.0,10.0,1.0,,,10.0,,,,2.0,10,9.0,10,10
2019-12-06,17947,,11,3,9999.0,78116T10,RUBY,RUBIUS THERAPEUTICS INC,RUBY,,Q,A,R,56440,3,9999.0,,,,99.0,999.0,,,,,,,10.62,0.027079,79801.0,1.0,10.19,847486.62,RUBY,7.0,3.0,,,,1,1.0,1.0,1.0,,,,,,1.0,,,,4.0,,,1.0,1.0,1.0,1.0,,,,1.0,5.0,1.0,,2.0,1.0,,,6.0,3.0,,1.0,1.0,1.0,10.0,1.0,,,10.0,,,,2.0,10,9.0,10,10
2019-12-09,17947,,11,3,9999.0,78116T10,RUBY,RUBIUS THERAPEUTICS INC,RUBY,,Q,A,R,56440,3,9999.0,,,,99.0,999.0,,,,,,,10.66,0.003766,79801.0,1.0,10.53,850678.66,RUBY,7.0,3.0,,,,1,1.0,1.0,1.0,,,,,,1.0,,,,4.0,,,1.0,1.0,1.0,1.0,,,,1.0,5.0,1.0,,2.0,1.0,,,6.0,3.0,,1.0,1.0,1.0,10.0,1.0,,,10.0,,,,2.0,10,9.0,10,10
2019-12-10,17947,20201231.0,11,3,9999.0,78116T10,RUBY,RUBIUS THERAPEUTICS INC,RUBY,325414.0,Q,A,R,56440,3,9999.0,,,,99.0,999.0,,,,,,,12.02,0.12758,79801.0,1.0,10.66,959208.02,RUBY,7.0,3.0,,,,1,1.0,1.0,1.0,,,,,,1.0,,,,4.0,,,1.0,1.0,1.0,1.0,,,,1.0,5.0,1.0,,2.0,1.0,,,6.0,3.0,,1.0,1.0,1.0,10.0,1.0,,,10.0,,,,2.0,10,9.0,10,10
2019-12-11,17947,,11,3,9999.0,78116T10,RUBY,RUBIUS THERAPEUTICS INC,RUBY,325414.0,Q,A,R,56440,3,9999.0,,,,99.0,999.0,,,,,,,12.84,0.06822,79801.0,1.0,12.26,1024644.84,RUBY,7.0,3.0,,,,1,1.0,1.0,1.0,,,,,,1.0,,,,4.0,,,1.0,1.0,1.0,1.0,,,,1.0,5.0,1.0,,2.0,1.0,,,6.0,3.0,,1.0,1.0,1.0,10.0,1.0,,,10.0,,,,2.0,10,9.0,10,10
2019-12-12,17947,,11,3,9999.0,78116T10,RUBY,RUBIUS THERAPEUTICS INC,RUBY,325414.0,Q,A,R,56440,3,9999.0,,,,99.0,999.0,,,,,,,12.95,0.008567,79801.0,1.0,12.53,1033422.95,RUBY,7.0,3.0,,,,1,1.0,1.0,1.0,,,,,,1.0,,,,4.0,,,1.0,1.0,1.0,1.0,,,,1.0,5.0,1.0,,2.0,1.0,,,6.0,3.0,,1.0,1.0,1.0,10.0,1.0,,,10.0,,,,2.0,10,9.0,10,10
2019-12-13,17947,,11,3,9999.0,78116T10,RUBY,RUBIUS THERAPEUTICS INC,RUBY,325414.0,Q,A,R,56440,3,9999.0,,,,99.0,999.0,,,,,,,13.11,0.012355,79801.0,1.0,12.96,1046191.11,RUBY,7.0,3.0,,,,1,1.0,1.0,1.0,,,,,,1.0,,,,4.0,,,1.0,1.0,1.0,1.0,,,,1.0,5.0,1.0,,2.0,1.0,,,6.0,3.0,,1.0,1.0,1.0,10.0,1.0,,,10.0,,,,2.0,10,9.0,10,10
2019-12-16,17947,,11,3,9999.0,78116T10,RUBY,RUBIUS THERAPEUTICS INC,RUBY,325414.0,Q,A,R,56440,3,9999.0,,,,99.0,999.0,,,,,,,13.71,0.045767,79801.0,1.0,13.09,1094071.71,RUBY,7.0,3.0,,,,1,1.0,1.0,1.0,,,,,,1.0,,,,4.0,,,1.0,1.0,1.0,1.0,,,,1.0,5.0,1.0,,2.0,1.0,,,6.0,3.0,,1.0,1.0,1.0,10.0,1.0,,,10.0,,,,2.0,10,9.0,10,10
2019-12-17,17947,,11,3,9999.0,78116T10,RUBY,RUBIUS THERAPEUTICS INC,RUBY,325414.0,Q,A,R,56440,3,9999.0,,,,99.0,999.0,,,,,,,13.59,-0.008753,79801.0,1.0,13.69,1084495.59,RUBY,7.0,3.0,,,,1,1.0,1.0,1.0,,,,,,1.0,,,,4.0,,,1.0,1.0,1.0,1.0,,,,1.0,5.0,1.0,,2.0,1.0,,,6.0,3.0,,1.0,1.0,1.0,10.0,1.0,,,10.0,,,,2.0,10,9.0,10,10
2019-12-18,17947,,11,3,9999.0,78116T10,RUBY,RUBIUS THERAPEUTICS INC,RUBY,325414.0,Q,A,R,56440,3,9999.0,,,,99.0,999.0,,,,,,,14.12,0.038999,79801.0,1.0,13.69,1126790.12,RUBY,7.0,3.0,,,,1,1.0,1.0,1.0,,,,,,1.0,,,,4.0,,,1.0,1.0,1.0,1.0,,,,1.0,5.0,1.0,,2.0,1.0,,,6.0,3.0,,1.0,1.0,1.0,10.0,1.0,,,10.0,,,,2.0,10,9.0,10,10
2019-12-19,17947,,11,3,9999.0,78116T10,RUBY,RUBIUS THERAPEUTICS INC,RUBY,325414.0,Q,A,R,56440,3,9999.0,,,,99.0,999.0,,,,,,,11.78,-0.165722,79801.0,1.0,14.14,940055.78,RUBY,7.0,3.0,,,,1,1.0,1.0,1.0,,,,,,1.0,,,,4.0,,,1.0,1.0,1.0,1.0,,,,1.0,5.0,1.0,,2.0,1.0,,,6.0,3.0,,1.0,1.0,1.0,10.0,1.0,,,10.0,,,,2.0,10,9.0,10,10
2019-12-20,17947,,11,3,9999.0,78116T10,RUBY,RUBIUS THERAPEUTICS INC,RUBY,325414.0,Q,A,R,56440,3,9999.0,,,,99.0,999.0,,,,,,,11.32,-0.039049,79801.0,1.0,11.8,903347.32,RUBY,7.0,3.0,,,,1,1.0,1.0,1.0,,,,,,1.0,,,,4.0,,,1.0,1.0,1.0,1.0,,,,1.0,5.0,1.0,,2.0,1.0,,,6.0,3.0,,1.0,1.0,1.0,10.0,1.0,,,10.0,,,,2.0,10,9.0,10,10
2019-12-23,17947,,11,3,9999.0,78116T10,RUBY,RUBIUS THERAPEUTICS INC,RUBY,325414.0,Q,A,R,56440,3,9999.0,,,,99.0,999.0,,,,,,,12.48,0.102473,79801.0,1.0,11.05,995916.48,RUBY,7.0,3.0,,,,1,1.0,1.0,1.0,,,,,,1.0,,,,4.0,,,1.0,1.0,1.0,1.0,,,,1.0,5.0,1.0,,2.0,1.0,,,6.0,3.0,,1.0,1.0,1.0,10.0,1.0,,,10.0,,,,2.0,10,9.0,10,10
2019-12-24,17947,,11,3,9999.0,78116T10,RUBY,RUBIUS THERAPEUTICS INC,RUBY,325414.0,Q,A,R,56440,3,9999.0,,,,99.0,999.0,,,,,,,12.95,0.03766,79801.0,1.0,12.55,1033422.95,RUBY,7.0,3.0,,,,1,1.0,1.0,1.0,,,,,,1.0,,,,4.0,,,1.0,1.0,1.0,1.0,,,,1.0,5.0,1.0,,2.0,1.0,,,6.0,3.0,,1.0,1.0,1.0,10.0,1.0,,,10.0,,,,2.0,10,9.0,10,10
2019-12-26,17947,,11,3,9999.0,78116T10,RUBY,RUBIUS THERAPEUTICS INC,RUBY,325414.0,Q,A,R,56440,3,9999.0,,,,99.0,999.0,,,,,,,11.81,-0.088031,79801.0,1.0,12.83,942449.81,RUBY,7.0,3.0,,,,1,1.0,1.0,1.0,,,,,,1.0,,,,4.0,,,1.0,1.0,1.0,1.0,,,,1.0,5.0,1.0,,2.0,1.0,,,6.0,3.0,,1.0,1.0,1.0,10.0,1.0,,,10.0,,,,2.0,10,9.0,10,10
2019-12-27,17947,,11,3,9999.0,78116T10,RUBY,RUBIUS THERAPEUTICS INC,RUBY,325414.0,Q,A,R,56440,3,9999.0,,,,99.0,999.0,,,,,,,11.54,-0.022862,79801.0,1.0,11.79,920903.54,RUBY,7.0,3.0,,,,1,1.0,1.0,1.0,,,,,,1.0,,,,4.0,,,1.0,1.0,1.0,1.0,,,,1.0,5.0,1.0,,2.0,1.0,,,6.0,3.0,,1.0,1.0,1.0,10.0,1.0,,,10.0,,,,2.0,10,9.0,10,10
2019-12-30,17947,,11,3,9999.0,78116T10,RUBY,RUBIUS THERAPEUTICS INC,RUBY,325414.0,Q,A,R,56440,3,9999.0,,,,99.0,999.0,,,,,,,9.97,-0.136048,79801.0,1.0,11.53,795615.97,RUBY,7.0,3.0,,,,1,1.0,1.0,1.0,,,,,,1.0,,,,4.0,,,1.0,1.0,1.0,1.0,,,,1.0,5.0,1.0,,2.0,1.0,,,6.0,3.0,,1.0,1.0,1.0,10.0,1.0,,,10.0,,,,2.0,10,9.0,10,10
2019-12-31,17947,,11,3,9999.0,78116T10,RUBY,RUBIUS THERAPEUTICS INC,RUBY,325414.0,Q,A,R,56440,3,9999.0,,,,99.0,999.0,,,,,,,9.5,-0.047141,80016.0,1.0,10.01,760152.0,RUBY,7.0,3.0,,,,1,1.0,1.0,1.0,,,,,,1.0,,,,4.0,,,1.0,1.0,1.0,1.0,,,,1.0,5.0,1.0,,2.0,1.0,,,6.0,3.0,,1.0,1.0,1.0,10.0,1.0,,,10.0,,,,2.0,10,9.0,10,10
2020-01-02,17947,,11,3,9999.0,78116T10,RUBY,RUBIUS THERAPEUTICS INC,RUBY,325414.0,Q,A,R,56440,3,9999.0,,,,99.0,999.0,,,,,,,8.88,-0.065263,80016.0,1.0,9.51,710542.08,RUBY,7.0,3.0,,,,1,1.0,1.0,1.0,,,,,,1.0,,,,4.0,,,1.0,1.0,1.0,1.0,,,,1.0,5.0,1.0,,2.0,1.0,,,6.0,3.0,,1.0,1.0,1.0,10.0,1.0,,,10.0,,,,2.0,10,9.0,10,10
2020-01-03,17947,,11,3,9999.0,78116T10,RUBY,RUBIUS THERAPEUTICS INC,RUBY,325414.0,Q,A,R,56440,3,9999.0,,,,99.0,999.0,,,,,,,8.735,-0.016329,80016.0,1.0,8.8,698939.76,RUBY,7.0,3.0,,,,1,1.0,1.0,1.0,,,,,,1.0,,,,4.0,,,1.0,1.0,1.0,1.0,,,,1.0,5.0,1.0,,2.0,1.0,,,6.0,3.0,,1.0,1.0,1.0,10.0,1.0,,,10.0,,,,2.0,10,9.0,10,10
2020-01-06,17947,,11,3,9999.0,78116T10,RUBY,RUBIUS THERAPEUTICS INC,RUBY,325414.0,Q,A,R,56440,3,9999.0,,,,99.0,999.0,,,,,,,8.76,0.002862,80016.0,1.0,8.7,700940.16,RUBY,7.0,3.0,,,,1,1.0,1.0,1.0,,,,,,1.0,,,,4.0,,,1.0,1.0,1.0,1.0,,,,1.0,5.0,1.0,,2.0,1.0,,,6.0,3.0,,1.0,1.0,1.0,10.0,1.0,,,10.0,,,,2.0,10,9.0,10,10
2020-01-07,17947,,11,3,9999.0,78116T10,RUBY,RUBIUS THERAPEUTICS INC,RUBY,325414.0,Q,A,R,56440,3,9999.0,,,,99.0,999.0,,,,,,,8.81,0.005708,80016.0,1.0,8.7,704940.96,RUBY,7.0,3.0,,,,1,1.0,1.0,1.0,,,,,,1.0,,,,4.0,,,1.0,1.0,1.0,1.0,,,,1.0,5.0,1.0,,2.0,1.0,,,6.0,3.0,,1.0,1.0,1.0,10.0,1.0,,,10.0,,,,2.0,10,9.0,10,10
2020-01-08,17947,,11,3,9999.0,78116T10,RUBY,RUBIUS THERAPEUTICS INC,RUBY,325414.0,Q,A,R,56440,3,9999.0,,,,99.0,999.0,,,,,,,9.27,0.052213,80016.0,1.0,8.82,741748.32,RUBY,7.0,3.0,,,,1,1.0,1.0,1.0,,,,,,1.0,,,,4.0,,,1.0,1.0,1.0,1.0,,,,1.0,5.0,1.0,,2.0,1.0,,,6.0,3.0,,1.0,1.0,1.0,10.0,1.0,,,10.0,,,,2.0,10,9.0,10,10
2020-01-09,17947,,11,3,9999.0,78116T10,RUBY,RUBIUS THERAPEUTICS INC,RUBY,325414.0,Q,A,R,56440,3,9999.0,,,,99.0,999.0,,,,,,,9.62,0.037756,80016.0,1.0,9.39,769753.92,RUBY,7.0,3.0,,,,1,1.0,1.0,1.0,,,,,,1.0,,,,4.0,,,1.0,1.0,1.0,1.0,,,,1.0,5.0,1.0,,2.0,1.0,,,6.0,3.0,,1.0,1.0,1.0,10.0,1.0,,,10.0,,,,2.0,10,9.0,10,10
2020-01-10,17947,,11,3,9999.0,78116T10,RUBY,RUBIUS THERAPEUTICS INC,RUBY,325414.0,Q,A,R,56440,3,9999.0,,,,99.0,999.0,,,,,,,9.34,-0.029106,80016.0,1.0,9.68,747349.44,RUBY,7.0,3.0,,,,1,1.0,1.0,1.0,,,,,,1.0,,,,4.0,,,1.0,1.0,1.0,1.0,,,,1.0,5.0,1.0,,2.0,1.0,,,6.0,3.0,,1.0,1.0,1.0,10.0,1.0,,,10.0,,,,2.0,10,9.0,10,10
2020-01-13,17947,,11,3,9999.0,78116T10,RUBY,RUBIUS THERAPEUTICS INC,RUBY,325414.0,Q,A,R,56440,3,9999.0,,,,99.0,999.0,,,,,,,8.82,-0.055675,80016.0,1.0,9.05,705741.12,RUBY,7.0,3.0,,,,1,1.0,1.0,1.0,,,,,,1.0,,,,4.0,,,1.0,1.0,1.0,1.0,,,,1.0,5.0,1.0,,2.0,1.0,,,6.0,3.0,,1.0,1.0,1.0,10.0,1.0,,,10.0,,,,2.0,10,9.0,10,10
2020-01-14,17947,,11,3,9999.0,78116T10,RUBY,RUBIUS THERAPEUTICS INC,RUBY,325414.0,Q,A,R,56440,3,9999.0,,,,99.0,999.0,,,,,,,8.97,0.017007,80016.0,1.0,8.77,717743.52,RUBY,7.0,3.0,,,,1,1.0,1.0,1.0,,,,,,1.0,,,,4.0,,,1.0,1.0,1.0,1.0,,,,1.0,5.0,1.0,,2.0,1.0,,,6.0,3.0,,1.0,1.0,1.0,10.0,1.0,,,10.0,,,,2.0,10,9.0,10,10
2020-01-15,17947,,11,3,9999.0,78116T10,RUBY,RUBIUS THERAPEUTICS INC,RUBY,325414.0,Q,A,R,56440,3,9999.0,,,,99.0,999.0,,,,,,,9.39,0.046823,80016.0,1.0,9.08,751350.24,RUBY,7.0,3.0,,,,1,1.0,1.0,1.0,,,,,,1.0,,,,4.0,,,1.0,1.0,1.0,1.0,,,,1.0,5.0,1.0,,2.0,1.0,,,6.0,3.0,,1.0,1.0,1.0,10.0,1.0,,,10.0,,,,2.0,10,9.0,10,10
2020-01-16,17947,,11,3,9999.0,78116T10,RUBY,RUBIUS THERAPEUTICS INC,RUBY,325414.0,Q,A,R,56440,3,9999.0,,,,99.0,999.0,,,,,,,9.84,0.047923,80016.0,1.0,9.47,787357.44,RUBY,7.0,3.0,,,,1,1.0,1.0,1.0,,,,,,1.0,,,,4.0,,,1.0,1.0,1.0,1.0,,,,1.0,5.0,1.0,,2.0,1.0,,,6.0,3.0,,1.0,1.0,1.0,10.0,1.0,,,10.0,,,,2.0,10,9.0,10,10
2020-01-17,17947,,11,3,9999.0,78116T10,RUBY,RUBIUS THERAPEUTICS INC,RUBY,325414.0,Q,A,R,56440,3,9999.0,,,,99.0,999.0,,,,,,,8.92,-0.093496,80016.0,1.0,9.9,713742.72,RUBY,7.0,3.0,,,,1,1.0,1.0,1.0,,,,,,1.0,,,,4.0,,,1.0,1.0,1.0,1.0,,,,1.0,5.0,1.0,,2.0,1.0,,,6.0,3.0,,1.0,1.0,1.0,10.0,1.0,,,10.0,,,,2.0,10,9.0,10,10
2020-01-21,17947,,11,3,9999.0,78116T10,RUBY,RUBIUS THERAPEUTICS INC,RUBY,325414.0,Q,A,R,56440,3,9999.0,,,,99.0,999.0,,,,,,,8.5,-0.047085,80016.0,1.0,8.91,680136.0,RUBY,7.0,3.0,,,,1,1.0,1.0,1.0,,,,,,1.0,,,,4.0,,,1.0,1.0,1.0,1.0,,,,1.0,5.0,1.0,,2.0,1.0,,,6.0,3.0,,1.0,1.0,1.0,10.0,1.0,,,10.0,,,,2.0,10,9.0,10,10
2020-01-22,17947,,11,3,9999.0,78116T10,RUBY,RUBIUS THERAPEUTICS INC,RUBY,325414.0,Q,A,R,56440,3,9999.0,,,,99.0,999.0,,,,,,,8.55,0.005882,80016.0,1.0,8.42,684136.8,RUBY,7.0,3.0,,,,1,1.0,1.0,1.0,,,,,,1.0,,,,4.0,,,1.0,1.0,1.0,1.0,,,,1.0,5.0,1.0,,2.0,1.0,,,6.0,3.0,,1.0,1.0,1.0,10.0,1.0,,,10.0,,,,2.0,10,9.0,10,10
2020-01-23,17947,,11,3,9999.0,78116T10,RUBY,RUBIUS THERAPEUTICS INC,RUBY,325414.0,Q,A,R,56440,3,9999.0,,,,99.0,999.0,,,,,,,8.46,-0.010526,80016.0,1.0,8.41,676935.36,RUBY,7.0,3.0,,,,1,1.0,1.0,1.0,,,,,,1.0,,,,4.0,,,1.0,1.0,1.0,1.0,,,,1.0,5.0,1.0,,2.0,1.0,,,6.0,3.0,,1.0,1.0,1.0,10.0,1.0,,,10.0,,,,2.0,10,9.0,10,10
2020-01-24,17947,,11,3,9999.0,78116T10,RUBY,RUBIUS THERAPEUTICS INC,RUBY,325414.0,Q,A,R,56440,3,9999.0,,,,99.0,999.0,,,,,,,8.05,-0.048463,80016.0,1.0,8.5,644128.8,RUBY,7.0,3.0,,,,1,1.0,1.0,1.0,,,,,,1.0,,,,4.0,,,1.0,1.0,1.0,1.0,,,,1.0,5.0,1.0,,2.0,1.0,,,6.0,3.0,,1.0,1.0,1.0,10.0,1.0,,,10.0,,,,2.0,10,9.0,10,10
2020-01-27,17947,,11,3,9999.0,78116T10,RUBY,RUBIUS THERAPEUTICS INC,RUBY,325414.0,Q,A,R,56440,3,9999.0,,,,99.0,999.0,,,,,,,7.97,-0.009938,80016.0,1.0,7.86,637727.52,RUBY,7.0,3.0,,,,1,1.0,1.0,1.0,,,,,,1.0,,,,4.0,,,1.0,1.0,1.0,1.0,,,,1.0,5.0,1.0,,2.0,1.0,,,6.0,3.0,,1.0,1.0,1.0,10.0,1.0,,,10.0,,,,2.0,10,9.0,10,10
2020-01-28,17947,,11,3,9999.0,78116T10,RUBY,RUBIUS THERAPEUTICS INC,RUBY,325414.0,Q,A,R,56440,3,9999.0,,,,99.0,999.0,,,,,,,8.07,0.012547,80016.0,1.0,8.03,645729.12,RUBY,7.0,3.0,,,,1,1.0,1.0,1.0,,,,,,1.0,,,,4.0,,,1.0,1.0,1.0,1.0,,,,1.0,5.0,1.0,,2.0,1.0,,,6.0,3.0,,1.0,1.0,1.0,10.0,1.0,,,10.0,,,,2.0,10,9.0,10,10
2020-01-29,17947,,11,3,9999.0,78116T10,RUBY,RUBIUS THERAPEUTICS INC,RUBY,325414.0,Q,A,R,56440,3,9999.0,,,,99.0,999.0,,,,,,,8.05,-0.002478,80016.0,1.0,8.1,644128.8,RUBY,7.0,3.0,,,,1,1.0,1.0,1.0,,,,,,1.0,,,,4.0,,,1.0,1.0,1.0,1.0,,,,1.0,5.0,1.0,,2.0,1.0,,,6.0,3.0,,1.0,1.0,1.0,10.0,1.0,,,10.0,,,,2.0,10,9.0,10,10
2020-01-30,17947,,11,3,9999.0,78116T10,RUBY,RUBIUS THERAPEUTICS INC,RUBY,325414.0,Q,A,R,56440,3,9999.0,,,,99.0,999.0,,,,,,,7.7,-0.043478,80016.0,1.0,7.95,616123.2,RUBY,7.0,3.0,,,,1,1.0,1.0,1.0,,,,,,1.0,,,,4.0,,,1.0,1.0,1.0,1.0,,,,1.0,5.0,1.0,,2.0,1.0,,,6.0,3.0,,1.0,1.0,1.0,10.0,1.0,,,10.0,,,,2.0,10,9.0,10,10
2020-01-31,17947,,11,3,9999.0,78116T10,RUBY,RUBIUS THERAPEUTICS INC,RUBY,325414.0,Q,A,R,56440,3,9999.0,,,,99.0,999.0,,,,,,,7.8,0.012987,80016.0,1.0,7.28,624124.8,RUBY,7.0,3.0,,,,1,1.0,1.0,1.0,,,,,,1.0,,,,4.0,,,1.0,1.0,1.0,1.0,,,,1.0,5.0,1.0,,2.0,1.0,,,6.0,3.0,,1.0,1.0,1.0,10.0,1.0,,,10.0,,,,2.0,10,9.0,10,10
2020-02-03,17947,,11,3,9999.0,78116T10,RUBY,RUBIUS THERAPEUTICS INC,RUBY,325414.0,Q,A,R,56440,3,9999.0,,,,99.0,999.0,,,,,,,7.865,0.008333,80016.0,1.0,7.85,629325.84,RUBY,7.0,3.0,,,,1,1.0,1.0,1.0,,,,,,1.0,,,,4.0,,,1.0,1.0,1.0,1.0,,,,1.0,5.0,1.0,,2.0,1.0,,,6.0,3.0,,1.0,1.0,1.0,10.0,1.0,,,10.0,,,,2.0,10,9.0,10,10
2020-02-04,17947,,11,3,9999.0,78116T10,RUBY,RUBIUS THERAPEUTICS INC,RUBY,325414.0,Q,A,R,56440,3,9999.0,,,,99.0,999.0,,,,,,,8.39,0.066752,80016.0,1.0,8.07,671334.24,RUBY,7.0,3.0,,,,1,1.0,1.0,1.0,,,,,,1.0,,,,4.0,,,1.0,1.0,1.0,1.0,,,,1.0,5.0,1.0,,2.0,1.0,,,6.0,3.0,,1.0,1.0,1.0,10.0,1.0,,,10.0,,,,2.0,10,9.0,10,10
2020-02-05,17947,,11,3,9999.0,78116T10,RUBY,RUBIUS THERAPEUTICS INC,RUBY,325414.0,Q,A,R,56440,3,9999.0,,,,99.0,999.0,,,,,,,8.22,-0.020262,80016.0,1.0,8.5,657731.52,RUBY,7.0,3.0,,,,1,1.0,1.0,1.0,,,,,,1.0,,,,4.0,,,1.0,1.0,1.0,1.0,,,,1.0,5.0,1.0,,2.0,1.0,,,6.0,3.0,,1.0,1.0,1.0,10.0,1.0,,,10.0,,,,2.0,10,9.0,10,10
2020-02-06,17947,,11,3,9999.0,78116T10,RUBY,RUBIUS THERAPEUTICS INC,RUBY,325414.0,Q,A,R,56440,3,9999.0,,,,99.0,999.0,,,,,,,8.23,0.001216,80016.0,1.0,8.27,658531.68,RUBY,7.0,3.0,,,,1,1.0,1.0,1.0,,,,,,1.0,,,,4.0,,,1.0,1.0,1.0,1.0,,,,1.0,5.0,1.0,,2.0,1.0,,,6.0,3.0,,1.0,1.0,1.0,10.0,1.0,,,10.0,,,,2.0,10,9.0,10,10
2020-02-07,17947,,11,3,9999.0,78116T10,RUBY,RUBIUS THERAPEUTICS INC,RUBY,325414.0,Q,A,R,56440,3,9999.0,,,,99.0,999.0,,,,,,,8.21,-0.00243,80016.0,1.0,8.23,656931.36,RUBY,7.0,3.0,,,,1,1.0,1.0,1.0,,,,,,1.0,,,,4.0,,,1.0,1.0,1.0,1.0,,,,1.0,5.0,1.0,,2.0,1.0,,,6.0,3.0,,1.0,1.0,1.0,10.0,1.0,,,10.0,,,,2.0,10,9.0,10,10
2020-02-10,17947,,11,3,9999.0,78116T10,RUBY,RUBIUS THERAPEUTICS INC,RUBY,325414.0,Q,A,R,56440,3,9999.0,,,,99.0,999.0,,,,,,,8.23,0.002436,80016.0,1.0,8.18,658531.68,RUBY,7.0,3.0,,,,1,1.0,1.0,1.0,,,,,,1.0,,,,4.0,,,1.0,1.0,1.0,1.0,,,,1.0,5.0,1.0,,2.0,1.0,,,6.0,3.0,,1.0,1.0,1.0,10.0,1.0,,,10.0,,,,2.0,10,9.0,10,10
2020-02-11,17947,,11,3,9999.0,78116T10,RUBY,RUBIUS THERAPEUTICS INC,RUBY,325414.0,Q,A,R,56440,3,9999.0,,,,99.0,999.0,,,,,,,8.34,0.013366,80016.0,1.0,8.28,667333.44,RUBY,7.0,3.0,,,,1,1.0,1.0,1.0,,,,,,1.0,,,,4.0,,,1.0,1.0,1.0,1.0,,,,1.0,5.0,1.0,,2.0,1.0,,,6.0,3.0,,1.0,1.0,1.0,10.0,1.0,,,10.0,,,,2.0,10,9.0,10,10
2020-02-12,17947,,11,3,9999.0,78116T10,RUBY,RUBIUS THERAPEUTICS INC,RUBY,325414.0,Q,A,R,56440,3,9999.0,,,,99.0,999.0,,,,,,,9.02,0.081535,80016.0,1.0,8.49,721744.32,RUBY,7.0,3.0,,,,1,1.0,1.0,1.0,,,,,,1.0,,,,4.0,,,1.0,1.0,1.0,1.0,,,,1.0,5.0,1.0,,2.0,1.0,,,6.0,3.0,,1.0,1.0,1.0,10.0,1.0,,,10.0,,,,2.0,10,9.0,10,10
2020-02-13,17947,,11,3,9999.0,78116T10,RUBY,RUBIUS THERAPEUTICS INC,RUBY,325414.0,Q,A,R,56440,3,9999.0,,,,99.0,999.0,,,,,,,8.62,-0.044346,80016.0,1.0,9.04,689737.92,RUBY,7.0,3.0,,,,1,1.0,1.0,1.0,,,,,,1.0,,,,4.0,,,1.0,1.0,1.0,1.0,,,,1.0,5.0,1.0,,2.0,1.0,,,6.0,3.0,,1.0,1.0,1.0,10.0,1.0,,,10.0,,,,2.0,10,9.0,10,10
2020-02-14,17947,,11,3,9999.0,78116T10,RUBY,RUBIUS THERAPEUTICS INC,RUBY,325414.0,Q,A,R,56440,3,9999.0,,,,99.0,999.0,,,,,,,8.62,0.0,80016.0,1.0,8.55,689737.92,RUBY,7.0,3.0,,,,1,1.0,1.0,1.0,,,,,,1.0,,,,4.0,,,1.0,1.0,1.0,1.0,,,,1.0,5.0,1.0,,2.0,1.0,,,6.0,3.0,,1.0,1.0,1.0,10.0,1.0,,,10.0,,,,2.0,10,9.0,10,10
2020-02-18,17947,,11,3,9999.0,78116T10,RUBY,RUBIUS THERAPEUTICS INC,RUBY,325414.0,Q,A,R,56440,3,9999.0,,,,99.0,999.0,,,,,,,8.52,-0.011601,80016.0,1.0,8.57,681736.32,RUBY,7.0,3.0,,,,1,1.0,1.0,1.0,,,,,,1.0,,,,4.0,,,1.0,1.0,1.0,1.0,,,,1.0,5.0,1.0,,2.0,1.0,,,6.0,3.0,,1.0,1.0,1.0,10.0,1.0,,,10.0,,,,2.0,10,9.0,10,10
2020-02-19,17947,,11,3,9999.0,78116T10,RUBY,RUBIUS THERAPEUTICS INC,RUBY,325414.0,Q,A,R,56440,3,9999.0,,,,99.0,999.0,,,,,,,8.46,-0.007042,80016.0,1.0,8.63,676935.36,RUBY,7.0,3.0,,,,1,1.0,1.0,1.0,,,,,,1.0,,,,4.0,,,1.0,1.0,1.0,1.0,,,,1.0,5.0,1.0,,2.0,1.0,,,6.0,3.0,,1.0,1.0,1.0,10.0,1.0,,,10.0,,,,2.0,10,9.0,10,10
2020-02-20,17947,,11,3,9999.0,78116T10,RUBY,RUBIUS THERAPEUTICS INC,RUBY,325414.0,Q,A,R,56440,3,9999.0,,,,99.0,999.0,,,,,,,8.46,0.0,80016.0,1.0,8.42,676935.36,RUBY,7.0,3.0,,,,1,1.0,1.0,1.0,,,,,,1.0,,,,4.0,,,1.0,1.0,1.0,1.0,,,,1.0,5.0,1.0,,2.0,1.0,,,6.0,3.0,,1.0,1.0,1.0,10.0,1.0,,,10.0,,,,2.0,10,9.0,10,10
2020-02-21,17947,,11,3,9999.0,78116T10,RUBY,RUBIUS THERAPEUTICS INC,RUBY,325414.0,Q,A,R,56440,3,9999.0,,,,99.0,999.0,,,,,,,8.68,0.026005,80016.0,1.0,8.46,694538.88,RUBY,7.0,3.0,,,,1,1.0,1.0,1.0,,,,,,1.0,,,,4.0,,,1.0,1.0,1.0,1.0,,,,1.0,5.0,1.0,,2.0,1.0,,,6.0,3.0,,1.0,1.0,1.0,10.0,1.0,,,10.0,,,,2.0,10,9.0,10,10
2020-02-24,17947,,11,3,9999.0,78116T10,RUBY,RUBIUS THERAPEUTICS INC,RUBY,325414.0,Q,A,R,56440,3,9999.0,,,,99.0,999.0,,,,,,,8.5,-0.020737,80016.0,1.0,8.31,680136.0,RUBY,7.0,3.0,,,,1,1.0,1.0,1.0,,,,,,1.0,,,,4.0,,,1.0,1.0,1.0,1.0,,,,1.0,5.0,1.0,,2.0,1.0,,,6.0,3.0,,1.0,1.0,1.0,10.0,1.0,,,10.0,,,,2.0,10,9.0,10,10
2020-02-25,17947,,11,3,9999.0,78116T10,RUBY,RUBIUS THERAPEUTICS INC,RUBY,325414.0,Q,A,R,56440,3,9999.0,,,,99.0,999.0,,,,,,,8.24,-0.030588,80016.0,1.0,8.56,659331.84,RUBY,7.0,3.0,,,,1,1.0,1.0,1.0,,,,,,1.0,,,,4.0,,,1.0,1.0,1.0,1.0,,,,1.0,5.0,1.0,,2.0,1.0,,,6.0,3.0,,1.0,1.0,1.0,10.0,1.0,,,10.0,,,,2.0,10,9.0,10,10
2020-02-26,17947,,11,3,9999.0,78116T10,RUBY,RUBIUS THERAPEUTICS INC,RUBY,325414.0,Q,A,R,56440,3,9999.0,,,,99.0,999.0,,,,,,,8.11,-0.015777,80016.0,1.0,8.08,648929.76,RUBY,7.0,3.0,,,,1,1.0,1.0,1.0,,,,,,1.0,,,,4.0,,,1.0,1.0,1.0,1.0,,,,1.0,5.0,1.0,,2.0,1.0,,,6.0,3.0,,1.0,1.0,1.0,10.0,1.0,,,10.0,,,,2.0,10,9.0,10,10
2020-02-27,17947,,11,3,9999.0,78116T10,RUBY,RUBIUS THERAPEUTICS INC,RUBY,325414.0,Q,A,R,56440,3,9999.0,,,,99.0,999.0,,,,,,,8.06,-0.006165,80016.0,1.0,7.95,644928.96,RUBY,7.0,3.0,,,,1,1.0,1.0,1.0,,,,,,1.0,,,,4.0,,,1.0,1.0,1.0,1.0,,,,1.0,5.0,1.0,,2.0,1.0,,,6.0,3.0,,1.0,1.0,1.0,10.0,1.0,,,10.0,,,,2.0,10,9.0,10,10
2020-02-28,17947,,11,3,9999.0,78116T10,RUBY,RUBIUS THERAPEUTICS INC,RUBY,325414.0,Q,A,R,56440,3,9999.0,,,,99.0,999.0,,,,,,,8.37,0.038461,80322.0,1.0,7.81,672295.14,RUBY,7.0,3.0,,,,1,1.0,1.0,1.0,,,,,,1.0,,,,4.0,,,1.0,1.0,1.0,1.0,,,,1.0,5.0,1.0,,2.0,1.0,,,6.0,3.0,,1.0,1.0,1.0,10.0,1.0,,,10.0,,,,2.0,10,9.0,10,10
2020-03-02,17947,,11,3,9999.0,78116T10,RUBY,RUBIUS THERAPEUTICS INC,RUBY,325414.0,Q,A,R,56440,3,9999.0,,,,99.0,999.0,,,,,,,7.82,-0.065711,80322.0,1.0,8.44,628118.04,RUBY,7.0,3.0,,,,1,1.0,1.0,1.0,,,,,,1.0,,,,4.0,,,1.0,1.0,1.0,1.0,,,,1.0,5.0,1.0,,2.0,1.0,,,6.0,3.0,,1.0,1.0,1.0,10.0,1.0,,,10.0,,,,2.0,10,9.0,10,10
2020-03-03,17947,,11,3,9999.0,78116T10,RUBY,RUBIUS THERAPEUTICS INC,RUBY,325414.0,Q,A,R,56440,3,9999.0,,,,99.0,999.0,,,,,,,8.03,0.026854,80322.0,1.0,7.88,644985.66,RUBY,7.0,3.0,,,,1,1.0,1.0,1.0,,,,,,1.0,,,,4.0,,,1.0,1.0,1.0,1.0,,,,1.0,5.0,1.0,,2.0,1.0,,,6.0,3.0,,1.0,1.0,1.0,10.0,1.0,,,10.0,,,,2.0,10,9.0,10,10
2020-03-04,17947,,11,3,9999.0,78116T10,RUBY,RUBIUS THERAPEUTICS INC,RUBY,325414.0,Q,A,R,56440,3,9999.0,,,,99.0,999.0,,,,,,,8.19,0.019925,80322.0,1.0,8.09,657837.18,RUBY,7.0,3.0,,,,1,1.0,1.0,1.0,,,,,,1.0,,,,4.0,,,1.0,1.0,1.0,1.0,,,,1.0,5.0,1.0,,2.0,1.0,,,6.0,3.0,,1.0,1.0,1.0,10.0,1.0,,,10.0,,,,2.0,10,9.0,10,10
2020-03-05,17947,,11,3,9999.0,78116T10,RUBY,RUBIUS THERAPEUTICS INC,RUBY,325414.0,Q,A,R,56440,3,9999.0,,,,99.0,999.0,,,,,,,7.99,-0.02442,80322.0,1.0,8.04,641772.78,RUBY,7.0,3.0,,,,1,1.0,1.0,1.0,,,,,,1.0,,,,4.0,,,1.0,1.0,1.0,1.0,,,,1.0,5.0,1.0,,2.0,1.0,,,6.0,3.0,,1.0,1.0,1.0,10.0,1.0,,,10.0,,,,2.0,10,9.0,10,10
2020-03-06,17947,,11,3,9999.0,78116T10,RUBY,RUBIUS THERAPEUTICS INC,RUBY,325414.0,Q,A,R,56440,3,9999.0,,,,99.0,999.0,,,,,,,7.79,-0.025031,80322.0,1.0,7.76,625708.38,RUBY,7.0,3.0,,,,1,1.0,1.0,1.0,,,,,,1.0,,,,4.0,,,1.0,1.0,1.0,1.0,,,,1.0,5.0,1.0,,2.0,1.0,,,6.0,3.0,,1.0,1.0,1.0,10.0,1.0,,,10.0,,,,2.0,10,9.0,10,10
2020-03-09,17947,,11,3,9999.0,78116T10,RUBY,RUBIUS THERAPEUTICS INC,RUBY,325414.0,Q,A,R,56440,3,9999.0,,,,99.0,999.0,,,,,,,7.09,-0.089859,80322.0,1.0,7.39,569482.98,RUBY,7.0,3.0,,,,1,1.0,1.0,1.0,,,,,,1.0,,,,4.0,,,1.0,1.0,1.0,1.0,,,,1.0,5.0,1.0,,2.0,1.0,,,6.0,3.0,,1.0,1.0,1.0,10.0,1.0,,,10.0,,,,2.0,10,9.0,10,10
2020-03-10,17947,,11,3,9999.0,78116T10,RUBY,RUBIUS THERAPEUTICS INC,RUBY,325414.0,Q,A,R,56440,3,9999.0,,,,99.0,999.0,,,,,,,7.13,0.005642,80322.0,1.0,7.26,572695.86,RUBY,7.0,3.0,,,,1,1.0,1.0,1.0,,,,,,1.0,,,,4.0,,,1.0,1.0,1.0,1.0,,,,1.0,5.0,1.0,,2.0,1.0,,,6.0,3.0,,1.0,1.0,1.0,10.0,1.0,,,10.0,,,,2.0,10,9.0,10,10
2020-03-11,17947,,11,3,9999.0,78116T10,RUBY,RUBIUS THERAPEUTICS INC,RUBY,325414.0,Q,A,R,56440,3,9999.0,,,,99.0,999.0,,,,,,,6.55,-0.081346,80322.0,1.0,6.95,526109.1,RUBY,7.0,3.0,,,,1,1.0,1.0,1.0,,,,,,1.0,,,,4.0,,,1.0,1.0,1.0,1.0,,,,1.0,5.0,1.0,,2.0,1.0,,,6.0,3.0,,1.0,1.0,1.0,10.0,1.0,,,10.0,,,,2.0,10,9.0,10,10
2020-03-12,17947,,11,3,9999.0,78116T10,RUBY,RUBIUS THERAPEUTICS INC,RUBY,325414.0,Q,A,R,56440,3,9999.0,,,,99.0,999.0,,,,,,,3.99,-0.39084,80322.0,1.0,6.01,320484.78,RUBY,7.0,3.0,,,,1,1.0,1.0,1.0,,,,,,1.0,,,,4.0,,,1.0,1.0,1.0,1.0,,,,1.0,5.0,1.0,,2.0,1.0,,,6.0,3.0,,1.0,1.0,1.0,10.0,1.0,,,10.0,,,,2.0,10,9.0,10,10
2020-03-13,17947,,11,3,9999.0,78116T10,RUBY,RUBIUS THERAPEUTICS INC,RUBY,325414.0,Q,A,R,56440,3,9999.0,,,,99.0,999.0,,,,,,,3.82,-0.042607,80322.0,1.0,4.0,306830.04,RUBY,7.0,3.0,,,,1,1.0,1.0,1.0,,,,,,1.0,,,,4.0,,,1.0,1.0,1.0,1.0,,,,1.0,5.0,1.0,,2.0,1.0,,,6.0,3.0,,1.0,1.0,1.0,10.0,1.0,,,10.0,,,,2.0,10,9.0,10,10
2020-03-16,17947,,11,3,9999.0,78116T10,RUBY,RUBIUS THERAPEUTICS INC,RUBY,325414.0,Q,A,R,56440,3,9999.0,,,,99.0,999.0,,,,,,,4.44,0.162304,80322.0,1.0,3.53,356629.68,RUBY,7.0,3.0,,,,1,1.0,1.0,1.0,,,,,,1.0,,,,4.0,,,1.0,1.0,1.0,1.0,,,,1.0,5.0,1.0,,2.0,1.0,,,6.0,3.0,,1.0,1.0,1.0,10.0,1.0,,,10.0,,,,2.0,10,9.0,10,10
2020-03-17,17947,,11,3,9999.0,78116T10,RUBY,RUBIUS THERAPEUTICS INC,RUBY,325414.0,Q,A,R,56440,3,9999.0,,,,99.0,999.0,,,,,,,3.75,-0.155405,80322.0,1.0,4.46,301207.5,RUBY,7.0,3.0,,,,1,1.0,1.0,1.0,,,,,,1.0,,,,4.0,,,1.0,1.0,1.0,1.0,,,,1.0,5.0,1.0,,2.0,1.0,,,6.0,3.0,,1.0,1.0,1.0,10.0,1.0,,,10.0,,,,2.0,10,9.0,10,10
2020-03-18,17947,,11,3,9999.0,78116T10,RUBY,RUBIUS THERAPEUTICS INC,RUBY,325414.0,Q,A,R,56440,3,9999.0,,,,99.0,999.0,,,,,,,3.74,-0.002667,80322.0,1.0,3.6,300404.28,RUBY,7.0,3.0,,,,1,1.0,1.0,1.0,,,,,,1.0,,,,4.0,,,1.0,1.0,1.0,1.0,,,,1.0,5.0,1.0,,2.0,1.0,,,6.0,3.0,,1.0,1.0,1.0,10.0,1.0,,,10.0,,,,2.0,10,9.0,10,10
2020-03-19,17947,,11,3,9999.0,78116T10,RUBY,RUBIUS THERAPEUTICS INC,RUBY,325414.0,Q,A,R,56440,3,9999.0,,,,99.0,999.0,,,,,,,4.2,0.122995,80322.0,1.0,3.67,337352.4,RUBY,7.0,3.0,,,,1,1.0,1.0,1.0,,,,,,1.0,,,,4.0,,,1.0,1.0,1.0,1.0,,,,1.0,5.0,1.0,,2.0,1.0,,,6.0,3.0,,1.0,1.0,1.0,10.0,1.0,,,10.0,,,,2.0,10,9.0,10,10
2020-03-20,17947,,11,3,9999.0,78116T10,RUBY,RUBIUS THERAPEUTICS INC,RUBY,325414.0,Q,A,R,56440,3,9999.0,,,,99.0,999.0,,,,,,,4.05,-0.035714,80322.0,1.0,4.26,325304.1,RUBY,7.0,3.0,,,,1,1.0,1.0,1.0,,,,,,1.0,,,,4.0,,,1.0,1.0,1.0,1.0,,,,1.0,5.0,1.0,,2.0,1.0,,,6.0,3.0,,1.0,1.0,1.0,10.0,1.0,,,10.0,,,,2.0,10,9.0,10,10
2020-03-23,17947,,11,3,9999.0,78116T10,RUBY,RUBIUS THERAPEUTICS INC,RUBY,325414.0,Q,A,R,56440,3,9999.0,,,,99.0,999.0,,,,,,,4.02,-0.007407,80322.0,1.0,3.99,322894.44,RUBY,7.0,3.0,,,,1,1.0,1.0,1.0,,,,,,1.0,,,,4.0,,,1.0,1.0,1.0,1.0,,,,1.0,5.0,1.0,,2.0,1.0,,,6.0,3.0,,1.0,1.0,1.0,10.0,1.0,,,10.0,,,,2.0,10,9.0,10,10
2020-03-24,17947,,11,3,9999.0,78116T10,RUBY,RUBIUS THERAPEUTICS INC,RUBY,325414.0,Q,A,R,56440,3,9999.0,,,,99.0,999.0,,,,,,,4.37,0.087065,80322.0,1.0,4.13,351007.14,RUBY,7.0,3.0,,,,1,1.0,1.0,1.0,,,,,,1.0,,,,4.0,,,1.0,1.0,1.0,1.0,,,,1.0,5.0,1.0,,2.0,1.0,,,6.0,3.0,,1.0,1.0,1.0,10.0,1.0,,,10.0,,,,2.0,10,9.0,10,10
2020-03-25,17947,,11,3,9999.0,78116T10,RUBY,RUBIUS THERAPEUTICS INC,RUBY,325414.0,Q,A,R,56440,3,9999.0,,,,99.0,999.0,,,,,,,4.29,-0.018307,80322.0,1.0,4.39,344581.38,RUBY,7.0,3.0,,,,1,1.0,1.0,1.0,,,,,,1.0,,,,4.0,,,1.0,1.0,1.0,1.0,,,,1.0,5.0,1.0,,2.0,1.0,,,6.0,3.0,,1.0,1.0,1.0,10.0,1.0,,,10.0,,,,2.0,10,9.0,10,10
2020-03-26,17947,,11,3,9999.0,78116T10,RUBY,RUBIUS THERAPEUTICS INC,RUBY,325414.0,Q,A,R,56440,3,9999.0,,,,99.0,999.0,,,,,,,4.28,-0.002331,80322.0,1.0,4.39,343778.16,RUBY,7.0,3.0,,,,1,1.0,1.0,1.0,,,,,,1.0,,,,4.0,,,1.0,1.0,1.0,1.0,,,,1.0,5.0,1.0,,2.0,1.0,,,6.0,3.0,,1.0,1.0,1.0,10.0,1.0,,,10.0,,,,2.0,10,9.0,10,10
2020-03-27,17947,,11,3,9999.0,78116T10,RUBY,RUBIUS THERAPEUTICS INC,RUBY,325414.0,Q,A,R,56440,3,9999.0,,,,99.0,999.0,,,,,,,4.29,0.002336,80322.0,1.0,4.16,344581.38,RUBY,7.0,3.0,,,,1,1.0,1.0,1.0,,,,,,1.0,,,,4.0,,,1.0,1.0,1.0,1.0,,,,1.0,5.0,1.0,,2.0,1.0,,,6.0,3.0,,1.0,1.0,1.0,10.0,1.0,,,10.0,,,,2.0,10,9.0,10,10
2020-03-30,17947,,11,3,9999.0,78116T10,RUBY,RUBIUS THERAPEUTICS INC,RUBY,325414.0,Q,A,R,56440,3,9999.0,,,,99.0,999.0,,,,,,,4.49,0.04662,80322.0,1.0,4.24,360645.78,RUBY,7.0,3.0,,,,1,1.0,1.0,1.0,,,,,,1.0,,,,4.0,,,1.0,1.0,1.0,1.0,,,,1.0,5.0,1.0,,2.0,1.0,,,6.0,3.0,,1.0,1.0,1.0,10.0,1.0,,,10.0,,,,2.0,10,9.0,10,10
2020-03-31,17947,,11,3,9999.0,78116T10,RUBY,RUBIUS THERAPEUTICS INC,RUBY,325414.0,Q,A,R,56440,3,9999.0,,,,99.0,999.0,,,,,,,4.45,-0.008909,80430.0,1.0,4.43,357913.5,RUBY,7.0,3.0,,,,1,1.0,1.0,1.0,,,,,,1.0,,,,4.0,,,1.0,1.0,1.0,1.0,,,,1.0,5.0,1.0,,2.0,1.0,,,6.0,3.0,,1.0,1.0,1.0,10.0,1.0,,,10.0,,,,2.0,10,9.0,10,10
2020-04-01,17947,,11,3,9999.0,78116T10,RUBY,RUBIUS THERAPEUTICS INC,RUBY,325414.0,Q,A,R,56440,3,9999.0,,,,99.0,999.0,,,,,,,4.01,-0.098876,80430.0,1.0,4.38,322524.3,RUBY,7.0,3.0,,,,1,1.0,1.0,1.0,,,,,,1.0,,,,4.0,,,1.0,1.0,1.0,1.0,,,,1.0,5.0,1.0,,2.0,1.0,,,6.0,3.0,,1.0,1.0,1.0,10.0,1.0,,,10.0,,,,2.0,10,9.0,10,10
2020-04-02,17947,,11,3,9999.0,78116T10,RUBY,RUBIUS THERAPEUTICS INC,RUBY,325414.0,Q,A,R,56440,3,9999.0,,,,99.0,999.0,,,,,,,4.25,0.05985,80430.0,1.0,3.9,341827.5,RUBY,7.0,3.0,,,,1,1.0,1.0,1.0,,,,,,1.0,,,,4.0,,,1.0,1.0,1.0,1.0,,,,1.0,5.0,1.0,,2.0,1.0,,,6.0,3.0,,1.0,1.0,1.0,10.0,1.0,,,10.0,,,,2.0,10,9.0,10,10
2020-04-03,17947,,11,3,9999.0,78116T10,RUBY,RUBIUS THERAPEUTICS INC,RUBY,325414.0,Q,A,R,56440,3,9999.0,,,,99.0,999.0,,,,,,,4.35,0.023529,80430.0,1.0,4.2,349870.5,RUBY,7.0,3.0,,,,1,1.0,1.0,1.0,,,,,,1.0,,,,4.0,,,1.0,1.0,1.0,1.0,,,,1.0,5.0,1.0,,2.0,1.0,,,6.0,3.0,,1.0,1.0,1.0,10.0,1.0,,,10.0,,,,2.0,10,9.0,10,10
2020-04-06,17947,,11,3,9999.0,78116T10,RUBY,RUBIUS THERAPEUTICS INC,RUBY,325414.0,Q,A,R,56440,3,9999.0,,,,99.0,999.0,,,,,,,4.41,0.013793,80430.0,1.0,4.47,354696.3,RUBY,7.0,3.0,,,,1,1.0,1.0,1.0,,,,,,1.0,,,,4.0,,,1.0,1.0,1.0,1.0,,,,1.0,5.0,1.0,,2.0,1.0,,,6.0,3.0,,1.0,1.0,1.0,10.0,1.0,,,10.0,,,,2.0,10,9.0,10,10
2020-04-07,17947,,11,3,9999.0,78116T10,RUBY,RUBIUS THERAPEUTICS INC,RUBY,325414.0,Q,A,R,56440,3,9999.0,,,,99.0,999.0,,,,,,,4.32,-0.020408,80430.0,1.0,4.49,347457.6,RUBY,7.0,3.0,,,,1,1.0,1.0,1.0,,,,,,1.0,,,,4.0,,,1.0,1.0,1.0,1.0,,,,1.0,5.0,1.0,,2.0,1.0,,,6.0,3.0,,1.0,1.0,1.0,10.0,1.0,,,10.0,,,,2.0,10,9.0,10,10
2020-04-08,17947,,11,3,9999.0,78116T10,RUBY,RUBIUS THERAPEUTICS INC,RUBY,325414.0,Q,A,R,56440,3,9999.0,,,,99.0,999.0,,,,,,,4.54,0.050926,80430.0,1.0,4.38,365152.2,RUBY,7.0,3.0,,,,1,1.0,1.0,1.0,,,,,,1.0,,,,4.0,,,1.0,1.0,1.0,1.0,,,,1.0,5.0,1.0,,2.0,1.0,,,6.0,3.0,,1.0,1.0,1.0,10.0,1.0,,,10.0,,,,2.0,10,9.0,10,10
2020-04-09,17947,,11,3,9999.0,78116T10,RUBY,RUBIUS THERAPEUTICS INC,RUBY,325414.0,Q,A,R,56440,3,9999.0,,,,99.0,999.0,,,,,,,4.78,0.052863,80430.0,1.0,4.62,384455.4,RUBY,7.0,3.0,,,,1,1.0,1.0,1.0,,,,,,1.0,,,,4.0,,,1.0,1.0,1.0,1.0,,,,1.0,5.0,1.0,,2.0,1.0,,,6.0,3.0,,1.0,1.0,1.0,10.0,1.0,,,10.0,,,,2.0,10,9.0,10,10
2020-04-13,17947,,11,3,9999.0,78116T10,RUBY,RUBIUS THERAPEUTICS INC,RUBY,325414.0,Q,A,R,56440,3,9999.0,,,,99.0,999.0,,,,,,,4.64,-0.029289,80430.0,1.0,4.71,373195.2,RUBY,7.0,3.0,,,,1,1.0,1.0,1.0,,,,,,1.0,,,,4.0,,,1.0,1.0,1.0,1.0,,,,1.0,5.0,1.0,,2.0,1.0,,,6.0,3.0,,1.0,1.0,1.0,10.0,1.0,,,10.0,,,,2.0,10,9.0,10,10
2020-04-14,17947,,11,3,9999.0,78116T10,RUBY,RUBIUS THERAPEUTICS INC,RUBY,325414.0,Q,A,R,56440,3,9999.0,,,,99.0,999.0,,,,,,,4.595,-0.009698,80430.0,1.0,4.75,369575.85,RUBY,7.0,3.0,,,,1,1.0,1.0,1.0,,,,,,1.0,,,,4.0,,,1.0,1.0,1.0,1.0,,,,1.0,5.0,1.0,,2.0,1.0,,,6.0,3.0,,1.0,1.0,1.0,10.0,1.0,,,10.0,,,,2.0,10,9.0,10,10
2020-04-15,17947,,11,3,9999.0,78116T10,RUBY,RUBIUS THERAPEUTICS INC,RUBY,325414.0,Q,A,R,56440,3,9999.0,,,,99.0,999.0,,,,,,,4.48,-0.025027,80430.0,1.0,4.5,360326.4,RUBY,7.0,3.0,,,,1,1.0,1.0,1.0,,,,,,1.0,,,,4.0,,,1.0,1.0,1.0,1.0,,,,1.0,5.0,1.0,,2.0,1.0,,,6.0,3.0,,1.0,1.0,1.0,10.0,1.0,,,10.0,,,,2.0,10,9.0,10,10
2020-04-16,17947,,11,3,9999.0,78116T10,RUBY,RUBIUS THERAPEUTICS INC,RUBY,325414.0,Q,A,R,56440,3,9999.0,,,,99.0,999.0,,,,,,,4.75,0.060268,80430.0,1.0,4.83,382042.5,RUBY,7.0,3.0,,,,1,1.0,1.0,1.0,,,,,,1.0,,,,4.0,,,1.0,1.0,1.0,1.0,,,,1.0,5.0,1.0,,2.0,1.0,,,6.0,3.0,,1.0,1.0,1.0,10.0,1.0,,,10.0,,,,2.0,10,9.0,10,10
2020-04-17,17947,,11,3,9999.0,78116T10,RUBY,RUBIUS THERAPEUTICS INC,RUBY,325414.0,Q,A,R,56440,3,9999.0,,,,99.0,999.0,,,,,,,5.35,0.126316,80430.0,1.0,4.87,430300.5,RUBY,7.0,3.0,,,,1,1.0,1.0,1.0,,,,,,1.0,,,,4.0,,,1.0,1.0,1.0,1.0,,,,1.0,5.0,1.0,,2.0,1.0,,,6.0,3.0,,1.0,1.0,1.0,10.0,1.0,,,10.0,,,,2.0,10,9.0,10,10
2020-04-20,17947,,11,3,9999.0,78116T10,RUBY,RUBIUS THERAPEUTICS INC,RUBY,325414.0,Q,A,R,56440,3,9999.0,,,,99.0,999.0,,,,,,,5.36,0.001869,80430.0,1.0,5.32,431104.8,RUBY,7.0,3.0,,,,1,1.0,1.0,1.0,,,,,,1.0,,,,4.0,,,1.0,1.0,1.0,1.0,,,,1.0,5.0,1.0,,2.0,1.0,,,6.0,3.0,,1.0,1.0,1.0,10.0,1.0,,,10.0,,,,2.0,10,9.0,10,10
2020-04-21,17947,,11,3,9999.0,78116T10,RUBY,RUBIUS THERAPEUTICS INC,RUBY,325414.0,Q,A,R,56440,3,9999.0,,,,99.0,999.0,,,,,,,5.56,0.037313,80430.0,1.0,5.25,447190.8,RUBY,7.0,3.0,,,,1,1.0,1.0,1.0,,,,,,1.0,,,,4.0,,,1.0,1.0,1.0,1.0,,,,1.0,5.0,1.0,,2.0,1.0,,,6.0,3.0,,1.0,1.0,1.0,10.0,1.0,,,10.0,,,,2.0,10,9.0,10,10
2020-04-22,17947,,11,3,9999.0,78116T10,RUBY,RUBIUS THERAPEUTICS INC,RUBY,325414.0,Q,A,R,56440,3,9999.0,,,,99.0,999.0,,,,,,,5.46,-0.017986,80430.0,1.0,5.71,439147.8,RUBY,7.0,3.0,,,,1,1.0,1.0,1.0,,,,,,1.0,,,,4.0,,,1.0,1.0,1.0,1.0,,,,1.0,5.0,1.0,,2.0,1.0,,,6.0,3.0,,1.0,1.0,1.0,10.0,1.0,,,10.0,,,,2.0,10,9.0,10,10
2020-04-23,17947,,11,3,9999.0,78116T10,RUBY,RUBIUS THERAPEUTICS INC,RUBY,325414.0,Q,A,R,56440,3,9999.0,,,,99.0,999.0,,,,,,,5.52,0.010989,80430.0,1.0,5.5,443973.6,RUBY,7.0,3.0,,,,1,1.0,1.0,1.0,,,,,,1.0,,,,4.0,,,1.0,1.0,1.0,1.0,,,,1.0,5.0,1.0,,2.0,1.0,,,6.0,3.0,,1.0,1.0,1.0,10.0,1.0,,,10.0,,,,2.0,10,9.0,10,10
2020-04-24,17947,,11,3,9999.0,78116T10,RUBY,RUBIUS THERAPEUTICS INC,RUBY,325414.0,Q,A,R,56440,3,9999.0,,,,99.0,999.0,,,,,,,6.19,0.121377,80430.0,1.0,5.38,497861.7,RUBY,7.0,3.0,,,,1,1.0,1.0,1.0,,,,,,1.0,,,,4.0,,,1.0,1.0,1.0,1.0,,,,1.0,5.0,1.0,,2.0,1.0,,,6.0,3.0,,1.0,1.0,1.0,10.0,1.0,,,10.0,,,,2.0,10,9.0,10,10
2020-04-27,17947,,11,3,9999.0,78116T10,RUBY,RUBIUS THERAPEUTICS INC,RUBY,325414.0,Q,A,R,56440,3,9999.0,,,,99.0,999.0,,,,,,,6.85,0.106624,80430.0,1.0,6.48,550945.5,RUBY,7.0,3.0,,,,1,1.0,1.0,1.0,,,,,,1.0,,,,4.0,,,1.0,1.0,1.0,1.0,,,,1.0,5.0,1.0,,2.0,1.0,,,6.0,3.0,,1.0,1.0,1.0,10.0,1.0,,,10.0,,,,2.0,10,9.0,10,10
2020-04-28,17947,,11,3,9999.0,78116T10,RUBY,RUBIUS THERAPEUTICS INC,RUBY,325414.0,Q,A,R,56440,3,9999.0,,,,99.0,999.0,,,,,,,6.23,-0.090511,80430.0,1.0,7.01,501078.9,RUBY,7.0,3.0,,,,1,1.0,1.0,1.0,,,,,,1.0,,,,4.0,,,1.0,1.0,1.0,1.0,,,,1.0,5.0,1.0,,2.0,1.0,,,6.0,3.0,,1.0,1.0,1.0,10.0,1.0,,,10.0,,,,2.0,10,9.0,10,10
2020-04-29,17947,,11,3,9999.0,78116T10,RUBY,RUBIUS THERAPEUTICS INC,RUBY,325414.0,Q,A,R,56440,3,9999.0,,,,99.0,999.0,,,,,,,6.65,0.067416,80430.0,1.0,6.28,534859.5,RUBY,7.0,3.0,,,,1,1.0,1.0,1.0,,,,,,1.0,,,,4.0,,,1.0,1.0,1.0,1.0,,,,1.0,5.0,1.0,,2.0,1.0,,,6.0,3.0,,1.0,1.0,1.0,10.0,1.0,,,10.0,,,,2.0,10,9.0,10,10
2020-04-30,17947,,11,3,9999.0,78116T10,RUBY,RUBIUS THERAPEUTICS INC,RUBY,325414.0,Q,A,R,56440,3,9999.0,,,,99.0,999.0,,,,,,,6.05,-0.090226,80476.0,1.0,6.51,486879.8,RUBY,7.0,3.0,,,,1,1.0,1.0,1.0,,,,,,1.0,,,,4.0,,,1.0,1.0,1.0,1.0,,,,1.0,5.0,1.0,,2.0,1.0,,,6.0,3.0,,1.0,1.0,1.0,10.0,1.0,,,10.0,,,,2.0,10,9.0,10,10
2020-05-01,17947,,11,3,9999.0,78116T10,RUBY,RUBIUS THERAPEUTICS INC,RUBY,325414.0,Q,A,R,56440,3,9999.0,,,,99.0,999.0,,,,,,,5.53,-0.08595,80476.0,1.0,5.92,445032.28,RUBY,7.0,3.0,,,,1,1.0,1.0,1.0,,,,,,1.0,,,,4.0,,,1.0,1.0,1.0,1.0,,,,1.0,5.0,1.0,,2.0,1.0,,,6.0,3.0,,1.0,1.0,1.0,10.0,1.0,,,10.0,,,,2.0,10,9.0,10,10
2020-05-04,17947,,11,3,9999.0,78116T10,RUBY,RUBIUS THERAPEUTICS INC,RUBY,325414.0,Q,A,R,56440,3,9999.0,,,,99.0,999.0,,,,,,,5.61,0.014467,80476.0,1.0,5.48,451470.36,RUBY,7.0,3.0,,,,1,1.0,1.0,1.0,,,,,,1.0,,,,4.0,,,1.0,1.0,1.0,1.0,,,,1.0,5.0,1.0,,2.0,1.0,,,6.0,3.0,,1.0,1.0,1.0,10.0,1.0,,,10.0,,,,2.0,10,9.0,10,10
2020-05-05,17947,,11,3,9999.0,78116T10,RUBY,RUBIUS THERAPEUTICS INC,RUBY,325414.0,Q,A,R,56440,3,9999.0,,,,99.0,999.0,,,,,,,5.64,0.005348,80476.0,1.0,5.74,453884.64,RUBY,7.0,3.0,,,,1,1.0,1.0,1.0,,,,,,1.0,,,,4.0,,,1.0,1.0,1.0,1.0,,,,1.0,5.0,1.0,,2.0,1.0,,,6.0,3.0,,1.0,1.0,1.0,10.0,1.0,,,10.0,,,,2.0,10,9.0,10,10
2020-05-06,17947,,11,3,9999.0,78116T10,RUBY,RUBIUS THERAPEUTICS INC,RUBY,325414.0,Q,A,R,56440,3,9999.0,,,,99.0,999.0,,,,,,,5.99,0.062057,80476.0,1.0,5.7,482051.24,RUBY,7.0,3.0,,,,1,1.0,1.0,1.0,,,,,,1.0,,,,4.0,,,1.0,1.0,1.0,1.0,,,,1.0,5.0,1.0,,2.0,1.0,,,6.0,3.0,,1.0,1.0,1.0,10.0,1.0,,,10.0,,,,2.0,10,9.0,10,10
2020-05-07,17947,,11,3,9999.0,78116T10,RUBY,RUBIUS THERAPEUTICS INC,RUBY,325414.0,Q,A,R,56440,3,9999.0,,,,99.0,999.0,,,,,,,5.84,-0.025042,80476.0,1.0,6.07,469979.84,RUBY,7.0,3.0,,,,1,1.0,1.0,1.0,,,,,,1.0,,,,4.0,,,1.0,1.0,1.0,1.0,,,,1.0,5.0,1.0,,2.0,1.0,,,6.0,3.0,,1.0,1.0,1.0,10.0,1.0,,,10.0,,,,2.0,10,9.0,10,10
2020-05-08,17947,,11,3,9999.0,78116T10,RUBY,RUBIUS THERAPEUTICS INC,RUBY,325414.0,Q,A,R,56440,3,9999.0,,,,99.0,999.0,,,,,,,6.22,0.065068,80476.0,1.0,5.92,500560.72,RUBY,7.0,3.0,,,,1,1.0,1.0,1.0,,,,,,1.0,,,,4.0,,,1.0,1.0,1.0,1.0,,,,1.0,5.0,1.0,,2.0,1.0,,,6.0,3.0,,1.0,1.0,1.0,10.0,1.0,,,10.0,,,,2.0,10,9.0,10,10
2020-05-11,17947,,11,3,9999.0,78116T10,RUBY,RUBIUS THERAPEUTICS INC,RUBY,325414.0,Q,A,R,56440,3,9999.0,,,,99.0,999.0,,,,,,,6.41,0.030547,80476.0,1.0,5.9,515851.16,RUBY,7.0,3.0,,,,1,1.0,1.0,1.0,,,,,,1.0,,,,4.0,,,1.0,1.0,1.0,1.0,,,,1.0,5.0,1.0,,2.0,1.0,,,6.0,3.0,,1.0,1.0,1.0,10.0,1.0,,,10.0,,,,2.0,10,9.0,10,10
2020-05-12,17947,,11,3,9999.0,78116T10,RUBY,RUBIUS THERAPEUTICS INC,RUBY,325414.0,Q,A,R,56440,3,9999.0,,,,99.0,999.0,,,,,,,6.58,0.026521,80476.0,1.0,6.48,529532.08,RUBY,7.0,3.0,,,,1,1.0,1.0,1.0,,,,,,1.0,,,,4.0,,,1.0,1.0,1.0,1.0,,,,1.0,5.0,1.0,,2.0,1.0,,,6.0,3.0,,1.0,1.0,1.0,10.0,1.0,,,10.0,,,,2.0,10,9.0,10,10
2020-05-13,17947,,11,3,9999.0,78116T10,RUBY,RUBIUS THERAPEUTICS INC,RUBY,325414.0,Q,A,R,56440,3,9999.0,,,,99.0,999.0,,,,,,,6.56,-0.00304,80476.0,1.0,6.65,527922.56,RUBY,7.0,3.0,,,,1,1.0,1.0,1.0,,,,,,1.0,,,,4.0,,,1.0,1.0,1.0,1.0,,,,1.0,5.0,1.0,,2.0,1.0,,,6.0,3.0,,1.0,1.0,1.0,10.0,1.0,,,10.0,,,,2.0,10,9.0,10,10
2020-05-14,17947,,11,3,9999.0,78116T10,RUBY,RUBIUS THERAPEUTICS INC,RUBY,325414.0,Q,A,R,56440,3,9999.0,,,,99.0,999.0,,,,,,,6.0,-0.085366,80476.0,1.0,6.43,482856.0,RUBY,7.0,3.0,,,,1,1.0,1.0,1.0,,,,,,1.0,,,,4.0,,,1.0,1.0,1.0,1.0,,,,1.0,5.0,1.0,,2.0,1.0,,,6.0,3.0,,1.0,1.0,1.0,10.0,1.0,,,10.0,,,,2.0,10,9.0,10,10
2020-05-15,17947,,11,3,9999.0,78116T10,RUBY,RUBIUS THERAPEUTICS INC,RUBY,325414.0,Q,A,R,56440,3,9999.0,,,,99.0,999.0,,,,,,,5.6,-0.066667,80476.0,1.0,6.02,450665.6,RUBY,7.0,3.0,,,,1,1.0,1.0,1.0,,,,,,1.0,,,,4.0,,,1.0,1.0,1.0,1.0,,,,1.0,5.0,1.0,,2.0,1.0,,,6.0,3.0,,1.0,1.0,1.0,10.0,1.0,,,10.0,,,,2.0,10,9.0,10,10
2020-05-18,17947,,11,3,9999.0,78116T10,RUBY,RUBIUS THERAPEUTICS INC,RUBY,325414.0,Q,A,R,56440,3,9999.0,,,,99.0,999.0,,,,,,,5.88,0.05,80476.0,1.0,5.87,473198.88,RUBY,7.0,3.0,,,,1,1.0,1.0,1.0,,,,,,1.0,,,,4.0,,,1.0,1.0,1.0,1.0,,,,1.0,5.0,1.0,,2.0,1.0,,,6.0,3.0,,1.0,1.0,1.0,10.0,1.0,,,10.0,,,,2.0,10,9.0,10,10
2020-05-19,17947,,11,3,9999.0,78116T10,RUBY,RUBIUS THERAPEUTICS INC,RUBY,325414.0,Q,A,R,56440,3,9999.0,,,,99.0,999.0,,,,,,,5.73,-0.02551,80476.0,1.0,5.81,461127.48,RUBY,7.0,3.0,,,,1,1.0,1.0,1.0,,,,,,1.0,,,,4.0,,,1.0,1.0,1.0,1.0,,,,1.0,5.0,1.0,,2.0,1.0,,,6.0,3.0,,1.0,1.0,1.0,10.0,1.0,,,10.0,,,,2.0,10,9.0,10,10
2020-05-20,17947,,11,3,9999.0,78116T10,RUBY,RUBIUS THERAPEUTICS INC,RUBY,325414.0,Q,A,R,56440,3,9999.0,,,,99.0,999.0,,,,,,,6.13,0.069808,80476.0,1.0,5.8,493317.88,RUBY,7.0,3.0,,,,1,1.0,1.0,1.0,,,,,,1.0,,,,4.0,,,1.0,1.0,1.0,1.0,,,,1.0,5.0,1.0,,2.0,1.0,,,6.0,3.0,,1.0,1.0,1.0,10.0,1.0,,,10.0,,,,2.0,10,9.0,10,10
2020-05-21,17947,,11,3,9999.0,78116T10,RUBY,RUBIUS THERAPEUTICS INC,RUBY,325414.0,Q,A,R,56440,3,9999.0,,,,99.0,999.0,,,,,,,6.22,0.014682,80476.0,1.0,6.19,500560.72,RUBY,7.0,3.0,,,,1,1.0,1.0,1.0,,,,,,1.0,,,,4.0,,,1.0,1.0,1.0,1.0,,,,1.0,5.0,1.0,,2.0,1.0,,,6.0,3.0,,1.0,1.0,1.0,10.0,1.0,,,10.0,,,,2.0,10,9.0,10,10
2020-05-22,17947,,11,3,9999.0,78116T10,RUBY,RUBIUS THERAPEUTICS INC,RUBY,325414.0,Q,A,R,56440,3,9999.0,,,,99.0,999.0,,,,,,,6.37,0.024116,80476.0,1.0,6.23,512632.12,RUBY,7.0,3.0,,,,1,1.0,1.0,1.0,,,,,,1.0,,,,4.0,,,1.0,1.0,1.0,1.0,,,,1.0,5.0,1.0,,2.0,1.0,,,6.0,3.0,,1.0,1.0,1.0,10.0,1.0,,,10.0,,,,2.0,10,9.0,10,10
2020-05-26,17947,,11,3,9999.0,78116T10,RUBY,RUBIUS THERAPEUTICS INC,RUBY,325414.0,Q,A,R,56440,3,9999.0,,,,99.0,999.0,,,,,,,6.47,0.015699,80476.0,1.0,6.5,520679.72,RUBY,7.0,3.0,,,,1,1.0,1.0,1.0,,,,,,1.0,,,,4.0,,,1.0,1.0,1.0,1.0,,,,1.0,5.0,1.0,,2.0,1.0,,,6.0,3.0,,1.0,1.0,1.0,10.0,1.0,,,10.0,,,,2.0,10,9.0,10,10
2020-05-27,17947,,11,3,9999.0,78116T10,RUBY,RUBIUS THERAPEUTICS INC,RUBY,325414.0,Q,A,R,56440,3,9999.0,,,,99.0,999.0,,,,,,,6.6,0.020093,80476.0,1.0,6.52,531141.6,RUBY,7.0,3.0,,,,1,1.0,1.0,1.0,,,,,,1.0,,,,4.0,,,1.0,1.0,1.0,1.0,,,,1.0,5.0,1.0,,2.0,1.0,,,6.0,3.0,,1.0,1.0,1.0,10.0,1.0,,,10.0,,,,2.0,10,9.0,10,10
2020-05-28,17947,,11,3,9999.0,78116T10,RUBY,RUBIUS THERAPEUTICS INC,RUBY,325414.0,Q,A,R,56440,3,9999.0,,,,99.0,999.0,,,,,,,6.29,-0.04697,80476.0,1.0,6.63,506194.04,RUBY,7.0,3.0,,,,1,1.0,1.0,1.0,,,,,,1.0,,,,4.0,,,1.0,1.0,1.0,1.0,,,,1.0,5.0,1.0,,2.0,1.0,,,6.0,3.0,,1.0,1.0,1.0,10.0,1.0,,,10.0,,,,2.0,10,9.0,10,10
2020-05-29,17947,,11,3,9999.0,78116T10,RUBY,RUBIUS THERAPEUTICS INC,RUBY,325414.0,Q,A,R,56440,3,9999.0,,,,99.0,999.0,,,,,,,6.45,0.025437,80476.0,1.0,6.38,519070.2,RUBY,7.0,3.0,,,,1,1.0,1.0,1.0,,,,,,1.0,,,,4.0,,,1.0,1.0,1.0,1.0,,,,1.0,5.0,1.0,,2.0,1.0,,,6.0,3.0,,1.0,1.0,1.0,10.0,1.0,,,10.0,,,,2.0,10,9.0,10,10
2020-06-01,17947,,11,3,9999.0,78116T10,RUBY,RUBIUS THERAPEUTICS INC,RUBY,325414.0,Q,A,R,56440,3,9999.0,,,,99.0,999.0,,,,,,,6.48,0.004651,80476.0,1.0,6.49,521484.48,RUBY,7.0,3.0,,,,1,1.0,1.0,1.0,,,,,,1.0,,,,4.0,,,1.0,1.0,1.0,1.0,,,,1.0,5.0,1.0,,2.0,1.0,,,6.0,3.0,,1.0,1.0,1.0,10.0,1.0,,,10.0,,,,2.0,10,9.0,10,10
2020-06-02,17947,,11,3,9999.0,78116T10,RUBY,RUBIUS THERAPEUTICS INC,RUBY,325414.0,Q,A,R,56440,3,9999.0,,,,99.0,999.0,,,,,,,6.66,0.027778,80476.0,1.0,6.52,535970.16,RUBY,7.0,3.0,,,,1,1.0,1.0,1.0,,,,,,1.0,,,,4.0,,,1.0,1.0,1.0,1.0,,,,1.0,5.0,1.0,,2.0,1.0,,,6.0,3.0,,1.0,1.0,1.0,10.0,1.0,,,10.0,,,,2.0,10,9.0,10,10
2020-06-03,17947,,11,3,9999.0,78116T10,RUBY,RUBIUS THERAPEUTICS INC,RUBY,325414.0,Q,A,R,56440,3,9999.0,,,,99.0,999.0,,,,,,,6.47,-0.028529,80476.0,1.0,6.69,520679.72,RUBY,7.0,3.0,,,,1,1.0,1.0,1.0,,,,,,1.0,,,,4.0,,,1.0,1.0,1.0,1.0,,,,1.0,5.0,1.0,,2.0,1.0,,,6.0,3.0,,1.0,1.0,1.0,10.0,1.0,,,10.0,,,,2.0,10,9.0,10,10
2020-06-04,17947,,11,3,9999.0,78116T10,RUBY,RUBIUS THERAPEUTICS INC,RUBY,325414.0,Q,A,R,56440,3,9999.0,,,,99.0,999.0,,,,,,,6.37,-0.015456,80476.0,1.0,6.46,512632.12,RUBY,7.0,3.0,,,,1,1.0,1.0,1.0,,,,,,1.0,,,,4.0,,,1.0,1.0,1.0,1.0,,,,1.0,5.0,1.0,,2.0,1.0,,,6.0,3.0,,1.0,1.0,1.0,10.0,1.0,,,10.0,,,,2.0,10,9.0,10,10
2020-06-05,17947,,11,3,9999.0,78116T10,RUBY,RUBIUS THERAPEUTICS INC,RUBY,325414.0,Q,A,R,56440,3,9999.0,,,,99.0,999.0,,,,,,,6.38,0.00157,80476.0,1.0,6.53,513436.88,RUBY,7.0,3.0,,,,1,1.0,1.0,1.0,,,,,,1.0,,,,4.0,,,1.0,1.0,1.0,1.0,,,,1.0,5.0,1.0,,2.0,1.0,,,6.0,3.0,,1.0,1.0,1.0,10.0,1.0,,,10.0,,,,2.0,10,9.0,10,10
2020-06-08,17947,,11,3,9999.0,78116T10,RUBY,RUBIUS THERAPEUTICS INC,RUBY,325414.0,Q,A,R,56440,3,9999.0,,,,99.0,999.0,,,,,,,6.59,0.032915,80476.0,1.0,6.46,530336.84,RUBY,7.0,3.0,,,,1,1.0,1.0,1.0,,,,,,1.0,,,,4.0,,,1.0,1.0,1.0,1.0,,,,1.0,5.0,1.0,,2.0,1.0,,,6.0,3.0,,1.0,1.0,1.0,10.0,1.0,,,10.0,,,,2.0,10,9.0,10,10
2020-06-09,17947,,11,3,9999.0,78116T10,RUBY,RUBIUS THERAPEUTICS INC,RUBY,325414.0,Q,A,R,56440,3,9999.0,,,,99.0,999.0,,,,,,,6.81,0.033384,80476.0,1.0,6.53,548041.56,RUBY,7.0,3.0,,,,1,1.0,1.0,1.0,,,,,,1.0,,,,4.0,,,1.0,1.0,1.0,1.0,,,,1.0,5.0,1.0,,2.0,1.0,,,6.0,3.0,,1.0,1.0,1.0,10.0,1.0,,,10.0,,,,2.0,10,9.0,10,10
2020-06-10,17947,,11,3,9999.0,78116T10,RUBY,RUBIUS THERAPEUTICS INC,RUBY,325414.0,Q,A,R,56440,3,9999.0,,,,99.0,999.0,,,,,,,6.88,0.010279,80476.0,1.0,6.84,553674.88,RUBY,7.0,3.0,,,,1,1.0,1.0,1.0,,,,,,1.0,,,,4.0,,,1.0,1.0,1.0,1.0,,,,1.0,5.0,1.0,,2.0,1.0,,,6.0,3.0,,1.0,1.0,1.0,10.0,1.0,,,10.0,,,,2.0,10,9.0,10,10
2020-06-11,17947,,11,3,9999.0,78116T10,RUBY,RUBIUS THERAPEUTICS INC,RUBY,325414.0,Q,A,R,56440,3,9999.0,,,,99.0,999.0,,,,,,,6.19,-0.100291,80476.0,1.0,6.7,498146.44,RUBY,7.0,3.0,,,,1,1.0,1.0,1.0,,,,,,1.0,,,,4.0,,,1.0,1.0,1.0,1.0,,,,1.0,5.0,1.0,,2.0,1.0,,,6.0,3.0,,1.0,1.0,1.0,10.0,1.0,,,10.0,,,,2.0,10,9.0,10,10
2020-06-12,17947,,11,3,9999.0,78116T10,RUBY,RUBIUS THERAPEUTICS INC,RUBY,325414.0,Q,A,R,56440,3,9999.0,,,,99.0,999.0,,,,,,,6.06,-0.021002,80476.0,1.0,6.39,487684.56,RUBY,7.0,3.0,,,,1,1.0,1.0,1.0,,,,,,1.0,,,,4.0,,,1.0,1.0,1.0,1.0,,,,1.0,5.0,1.0,,2.0,1.0,,,6.0,3.0,,1.0,1.0,1.0,10.0,1.0,,,10.0,,,,2.0,10,9.0,10,10
2020-06-15,17947,,11,3,9999.0,78116T10,RUBY,RUBIUS THERAPEUTICS INC,RUBY,325414.0,Q,A,R,56440,3,9999.0,,,,99.0,999.0,,,,,,,6.53,0.077558,80476.0,1.0,5.93,525508.28,RUBY,7.0,3.0,,,,1,1.0,1.0,1.0,,,,,,1.0,,,,4.0,,,1.0,1.0,1.0,1.0,,,,1.0,5.0,1.0,,2.0,1.0,,,6.0,3.0,,1.0,1.0,1.0,10.0,1.0,,,10.0,,,,2.0,10,9.0,10,10
2020-06-16,17947,,11,3,9999.0,78116T10,RUBY,RUBIUS THERAPEUTICS INC,RUBY,325414.0,Q,A,R,56440,3,9999.0,,,,99.0,999.0,,,,,,,6.63,0.015314,80476.0,1.0,6.6,533555.88,RUBY,7.0,3.0,,,,1,1.0,1.0,1.0,,,,,,1.0,,,,4.0,,,1.0,1.0,1.0,1.0,,,,1.0,5.0,1.0,,2.0,1.0,,,6.0,3.0,,1.0,1.0,1.0,10.0,1.0,,,10.0,,,,2.0,10,9.0,10,10
2020-06-17,17947,,11,3,9999.0,78116T10,RUBY,RUBIUS THERAPEUTICS INC,RUBY,325414.0,Q,A,R,56440,3,9999.0,,,,99.0,999.0,,,,,,,6.13,-0.075415,80476.0,1.0,6.66,493317.88,RUBY,7.0,3.0,,,,1,1.0,1.0,1.0,,,,,,1.0,,,,4.0,,,1.0,1.0,1.0,1.0,,,,1.0,5.0,1.0,,2.0,1.0,,,6.0,3.0,,1.0,1.0,1.0,10.0,1.0,,,10.0,,,,2.0,10,9.0,10,10
2020-06-18,17947,,11,3,9999.0,78116T10,RUBY,RUBIUS THERAPEUTICS INC,RUBY,325414.0,Q,A,R,56440,3,9999.0,,,,99.0,999.0,,,,,,,6.4,0.044046,80476.0,1.0,6.06,515046.4,RUBY,7.0,3.0,,,,1,1.0,1.0,1.0,,,,,,1.0,,,,4.0,,,1.0,1.0,1.0,1.0,,,,1.0,5.0,1.0,,2.0,1.0,,,6.0,3.0,,1.0,1.0,1.0,10.0,1.0,,,10.0,,,,2.0,10,9.0,10,10
2020-06-19,17947,,11,3,9999.0,78116T10,RUBY,RUBIUS THERAPEUTICS INC,RUBY,325414.0,Q,A,R,56440,3,9999.0,,,,99.0,999.0,,,,,,,6.47,0.010937,80476.0,1.0,6.46,520679.72,RUBY,7.0,3.0,,,,1,1.0,1.0,1.0,,,,,,1.0,,,,4.0,,,1.0,1.0,1.0,1.0,,,,1.0,5.0,1.0,,2.0,1.0,,,6.0,3.0,,1.0,1.0,1.0,10.0,1.0,,,10.0,,,,2.0,10,9.0,10,10
2020-06-22,17947,,11,3,9999.0,78116T10,RUBY,RUBIUS THERAPEUTICS INC,RUBY,325414.0,Q,A,R,56440,3,9999.0,,,,99.0,999.0,,,,,,,6.57,0.015456,80476.0,1.0,6.51,528727.32,RUBY,7.0,3.0,,,,1,1.0,1.0,1.0,,,,,,1.0,,,,4.0,,,1.0,1.0,1.0,1.0,,,,1.0,5.0,1.0,,2.0,1.0,,,6.0,3.0,,1.0,1.0,1.0,10.0,1.0,,,10.0,,,,2.0,10,9.0,10,10
2020-06-23,17947,,11,3,9999.0,78116T10,RUBY,RUBIUS THERAPEUTICS INC,RUBY,325414.0,Q,A,R,56440,3,9999.0,,,,99.0,999.0,,,,,,,6.52,-0.00761,80476.0,1.0,6.62,524703.52,RUBY,7.0,3.0,,,,1,1.0,1.0,1.0,,,,,,1.0,,,,4.0,,,1.0,1.0,1.0,1.0,,,,1.0,5.0,1.0,,2.0,1.0,,,6.0,3.0,,1.0,1.0,1.0,10.0,1.0,,,10.0,,,,2.0,10,9.0,10,10
2020-06-24,17947,,11,3,9999.0,78116T10,RUBY,RUBIUS THERAPEUTICS INC,RUBY,325414.0,Q,A,R,56440,3,9999.0,,,,99.0,999.0,,,,,,,6.41,-0.016871,80476.0,1.0,6.47,515851.16,RUBY,7.0,3.0,,,,1,1.0,1.0,1.0,,,,,,1.0,,,,4.0,,,1.0,1.0,1.0,1.0,,,,1.0,5.0,1.0,,2.0,1.0,,,6.0,3.0,,1.0,1.0,1.0,10.0,1.0,,,10.0,,,,2.0,10,9.0,10,10
2020-06-25,17947,,11,3,9999.0,78116T10,RUBY,RUBIUS THERAPEUTICS INC,RUBY,325414.0,Q,A,R,56440,3,9999.0,,,,99.0,999.0,,,,,,,6.63,0.034321,80476.0,1.0,6.41,533555.88,RUBY,7.0,3.0,,,,1,1.0,1.0,1.0,,,,,,1.0,,,,4.0,,,1.0,1.0,1.0,1.0,,,,1.0,5.0,1.0,,2.0,1.0,,,6.0,3.0,,1.0,1.0,1.0,10.0,1.0,,,10.0,,,,2.0,10,9.0,10,10
2020-06-26,17947,,11,3,9999.0,78116T10,RUBY,RUBIUS THERAPEUTICS INC,RUBY,325414.0,Q,A,R,56440,3,9999.0,,,,99.0,999.0,,,,,,,5.93,-0.105581,80476.0,1.0,6.62,477222.68,RUBY,7.0,3.0,,,,1,1.0,1.0,1.0,,,,,,1.0,,,,4.0,,,1.0,1.0,1.0,1.0,,,,1.0,5.0,1.0,,2.0,1.0,,,6.0,3.0,,1.0,1.0,1.0,10.0,1.0,,,10.0,,,,2.0,10,9.0,10,10
2020-06-29,17947,,11,3,9999.0,78116T10,RUBY,RUBIUS THERAPEUTICS INC,RUBY,325414.0,Q,A,R,56440,3,9999.0,,,,99.0,999.0,,,,,,,6.32,0.065767,80476.0,1.0,5.93,508608.32,RUBY,7.0,3.0,,,,1,1.0,1.0,1.0,,,,,,1.0,,,,4.0,,,1.0,1.0,1.0,1.0,,,,1.0,5.0,1.0,,2.0,1.0,,,6.0,3.0,,1.0,1.0,1.0,10.0,1.0,,,10.0,,,,2.0,10,9.0,10,10
2020-06-30,17947,,11,3,9999.0,78116T10,RUBY,RUBIUS THERAPEUTICS INC,RUBY,325414.0,Q,A,R,56440,3,9999.0,,,,99.0,999.0,,,,,,,5.98,-0.053797,80546.0,1.0,6.21,481665.08,RUBY,7.0,3.0,,,,1,1.0,1.0,1.0,,,,,,1.0,,,,4.0,,,1.0,1.0,1.0,1.0,,,,1.0,5.0,1.0,,2.0,1.0,,,6.0,3.0,,1.0,1.0,1.0,10.0,1.0,,,10.0,,,,2.0,10,9.0,10,10
2020-07-01,17947,,11,3,9999.0,78116T10,RUBY,RUBIUS THERAPEUTICS INC,RUBY,325414.0,Q,A,R,56440,3,9999.0,,,,99.0,999.0,,,,,,,6.15,0.028428,80546.0,1.0,6.0,495357.9,RUBY,7.0,3.0,,,,1,1.0,1.0,1.0,,,,,,1.0,,,,4.0,,,1.0,1.0,1.0,1.0,,,,1.0,5.0,1.0,,2.0,1.0,,,6.0,3.0,,1.0,1.0,1.0,10.0,1.0,,,10.0,,,,2.0,10,9.0,10,10
2020-07-02,17947,,11,3,9999.0,78116T10,RUBY,RUBIUS THERAPEUTICS INC,RUBY,325414.0,Q,A,R,56440,3,9999.0,,,,99.0,999.0,,,,,,,6.25,0.01626,80546.0,1.0,6.27,503412.5,RUBY,7.0,3.0,,,,1,1.0,1.0,1.0,,,,,,1.0,,,,4.0,,,1.0,1.0,1.0,1.0,,,,1.0,5.0,1.0,,2.0,1.0,,,6.0,3.0,,1.0,1.0,1.0,10.0,1.0,,,10.0,,,,2.0,10,9.0,10,10
2020-07-06,17947,,11,3,9999.0,78116T10,RUBY,RUBIUS THERAPEUTICS INC,RUBY,325414.0,Q,A,R,56440,3,9999.0,,,,99.0,999.0,,,,,,,6.02,-0.0368,80546.0,1.0,6.31,484886.92,RUBY,7.0,3.0,,,,1,1.0,1.0,1.0,,,,,,1.0,,,,4.0,,,1.0,1.0,1.0,1.0,,,,1.0,5.0,1.0,,2.0,1.0,,,6.0,3.0,,1.0,1.0,1.0,10.0,1.0,,,10.0,,,,2.0,10,9.0,10,10
2020-07-07,17947,,11,3,9999.0,78116T10,RUBY,RUBIUS THERAPEUTICS INC,RUBY,325414.0,Q,A,R,56440,3,9999.0,,,,99.0,999.0,,,,,,,6.13,0.018272,80546.0,1.0,6.03,493746.98,RUBY,7.0,3.0,,,,1,1.0,1.0,1.0,,,,,,1.0,,,,4.0,,,1.0,1.0,1.0,1.0,,,,1.0,5.0,1.0,,2.0,1.0,,,6.0,3.0,,1.0,1.0,1.0,10.0,1.0,,,10.0,,,,2.0,10,9.0,10,10
2020-07-08,17947,,11,3,9999.0,78116T10,RUBY,RUBIUS THERAPEUTICS INC,RUBY,325414.0,Q,A,R,56440,3,9999.0,,,,99.0,999.0,,,,,,,6.16,0.004894,80546.0,1.0,6.16,496163.36,RUBY,7.0,3.0,,,,1,1.0,1.0,1.0,,,,,,1.0,,,,4.0,,,1.0,1.0,1.0,1.0,,,,1.0,5.0,1.0,,2.0,1.0,,,6.0,3.0,,1.0,1.0,1.0,10.0,1.0,,,10.0,,,,2.0,10,9.0,10,10
2020-07-09,17947,,11,3,9999.0,78116T10,RUBY,RUBIUS THERAPEUTICS INC,RUBY,325414.0,Q,A,R,56440,3,9999.0,,,,99.0,999.0,,,,,,,6.18,0.003247,80546.0,1.0,6.14,497774.28,RUBY,7.0,3.0,,,,1,1.0,1.0,1.0,,,,,,1.0,,,,4.0,,,1.0,1.0,1.0,1.0,,,,1.0,5.0,1.0,,2.0,1.0,,,6.0,3.0,,1.0,1.0,1.0,10.0,1.0,,,10.0,,,,2.0,10,9.0,10,10
2020-07-10,17947,,11,3,9999.0,78116T10,RUBY,RUBIUS THERAPEUTICS INC,RUBY,325414.0,Q,A,R,56440,3,9999.0,,,,99.0,999.0,,,,,,,5.97,-0.033981,80546.0,1.0,6.22,480859.62,RUBY,7.0,3.0,,,,1,1.0,1.0,1.0,,,,,,1.0,,,,4.0,,,1.0,1.0,1.0,1.0,,,,1.0,5.0,1.0,,2.0,1.0,,,6.0,3.0,,1.0,1.0,1.0,10.0,1.0,,,10.0,,,,2.0,10,9.0,10,10
2020-07-13,17947,,11,3,9999.0,78116T10,RUBY,RUBIUS THERAPEUTICS INC,RUBY,325414.0,Q,A,R,56440,3,9999.0,,,,99.0,999.0,,,,,,,5.74,-0.038526,80546.0,1.0,6.02,462334.04,RUBY,7.0,3.0,,,,1,1.0,1.0,1.0,,,,,,1.0,,,,4.0,,,1.0,1.0,1.0,1.0,,,,1.0,5.0,1.0,,2.0,1.0,,,6.0,3.0,,1.0,1.0,1.0,10.0,1.0,,,10.0,,,,2.0,10,9.0,10,10
2020-07-14,17947,,11,3,9999.0,78116T10,RUBY,RUBIUS THERAPEUTICS INC,RUBY,325414.0,Q,A,R,56440,3,9999.0,,,,99.0,999.0,,,,,,,5.98,0.041812,80546.0,1.0,5.76,481665.08,RUBY,7.0,3.0,,,,1,1.0,1.0,1.0,,,,,,1.0,,,,4.0,,,1.0,1.0,1.0,1.0,,,,1.0,5.0,1.0,,2.0,1.0,,,6.0,3.0,,1.0,1.0,1.0,10.0,1.0,,,10.0,,,,2.0,10,9.0,10,10
2020-07-15,17947,,11,3,9999.0,78116T10,RUBY,RUBIUS THERAPEUTICS INC,RUBY,325414.0,Q,A,R,56440,3,9999.0,,,,99.0,999.0,,,,,,,6.04,0.010033,80546.0,1.0,6.1,486497.84,RUBY,7.0,3.0,,,,1,1.0,1.0,1.0,,,,,,1.0,,,,4.0,,,1.0,1.0,1.0,1.0,,,,1.0,5.0,1.0,,2.0,1.0,,,6.0,3.0,,1.0,1.0,1.0,10.0,1.0,,,10.0,,,,2.0,10,9.0,10,10
2020-07-16,17947,,11,3,9999.0,78116T10,RUBY,RUBIUS THERAPEUTICS INC,RUBY,325414.0,Q,A,R,56440,3,9999.0,,,,99.0,999.0,,,,,,,5.97,-0.011589,80546.0,1.0,6.06,480859.62,RUBY,7.0,3.0,,,,1,1.0,1.0,1.0,,,,,,1.0,,,,4.0,,,1.0,1.0,1.0,1.0,,,,1.0,5.0,1.0,,2.0,1.0,,,6.0,3.0,,1.0,1.0,1.0,10.0,1.0,,,10.0,,,,2.0,10,9.0,10,10
2020-07-17,17947,,11,3,9999.0,78116T10,RUBY,RUBIUS THERAPEUTICS INC,RUBY,325414.0,Q,A,R,56440,3,9999.0,,,,99.0,999.0,,,,,,,6.06,0.015075,80546.0,1.0,5.97,488108.76,RUBY,7.0,3.0,,,,1,1.0,1.0,1.0,,,,,,1.0,,,,4.0,,,1.0,1.0,1.0,1.0,,,,1.0,5.0,1.0,,2.0,1.0,,,6.0,3.0,,1.0,1.0,1.0,10.0,1.0,,,10.0,,,,2.0,10,9.0,10,10
2020-07-20,17947,,11,3,9999.0,78116T10,RUBY,RUBIUS THERAPEUTICS INC,RUBY,325414.0,Q,A,R,56440,3,9999.0,,,,99.0,999.0,,,,,,,6.145,0.014026,80546.0,1.0,6.12,494955.17,RUBY,7.0,3.0,,,,1,1.0,1.0,1.0,,,,,,1.0,,,,4.0,,,1.0,1.0,1.0,1.0,,,,1.0,5.0,1.0,,2.0,1.0,,,6.0,3.0,,1.0,1.0,1.0,10.0,1.0,,,10.0,,,,2.0,10,9.0,10,10
2020-07-21,17947,,11,3,9999.0,78116T10,RUBY,RUBIUS THERAPEUTICS INC,RUBY,325414.0,Q,A,R,56440,3,9999.0,,,,99.0,999.0,,,,,,,6.03,-0.018714,80546.0,1.0,6.2,485692.38,RUBY,7.0,3.0,,,,1,1.0,1.0,1.0,,,,,,1.0,,,,4.0,,,1.0,1.0,1.0,1.0,,,,1.0,5.0,1.0,,2.0,1.0,,,6.0,3.0,,1.0,1.0,1.0,10.0,1.0,,,10.0,,,,2.0,10,9.0,10,10
2020-07-22,17947,,11,3,9999.0,78116T10,RUBY,RUBIUS THERAPEUTICS INC,RUBY,325414.0,Q,A,R,56440,3,9999.0,,,,99.0,999.0,,,,,,,5.79,-0.039801,80546.0,1.0,5.99,466361.34,RUBY,7.0,3.0,,,,1,1.0,1.0,1.0,,,,,,1.0,,,,4.0,,,1.0,1.0,1.0,1.0,,,,1.0,5.0,1.0,,2.0,1.0,,,6.0,3.0,,1.0,1.0,1.0,10.0,1.0,,,10.0,,,,2.0,10,9.0,10,10
2020-07-23,17947,,11,3,9999.0,78116T10,RUBY,RUBIUS THERAPEUTICS INC,RUBY,325414.0,Q,A,R,56440,3,9999.0,,,,99.0,999.0,,,,,,,5.63,-0.027634,80546.0,1.0,5.79,453473.98,RUBY,7.0,3.0,,,,1,1.0,1.0,1.0,,,,,,1.0,,,,4.0,,,1.0,1.0,1.0,1.0,,,,1.0,5.0,1.0,,2.0,1.0,,,6.0,3.0,,1.0,1.0,1.0,10.0,1.0,,,10.0,,,,2.0,10,9.0,10,10
2020-07-24,17947,,11,3,9999.0,78116T10,RUBY,RUBIUS THERAPEUTICS INC,RUBY,325414.0,Q,A,R,56440,3,9999.0,,,,99.0,999.0,,,,,,,5.46,-0.030195,80546.0,1.0,5.62,439781.16,RUBY,7.0,3.0,,,,1,1.0,1.0,1.0,,,,,,1.0,,,,4.0,,,1.0,1.0,1.0,1.0,,,,1.0,5.0,1.0,,2.0,1.0,,,6.0,3.0,,1.0,1.0,1.0,10.0,1.0,,,10.0,,,,2.0,10,9.0,10,10
2020-07-27,17947,,11,3,9999.0,78116T10,RUBY,RUBIUS THERAPEUTICS INC,RUBY,325414.0,Q,A,R,56440,3,9999.0,,,,99.0,999.0,,,,,,,5.55,0.016484,80546.0,1.0,5.47,447030.3,RUBY,7.0,3.0,,,,1,1.0,1.0,1.0,,,,,,1.0,,,,4.0,,,1.0,1.0,1.0,1.0,,,,1.0,5.0,1.0,,2.0,1.0,,,6.0,3.0,,1.0,1.0,1.0,10.0,1.0,,,10.0,,,,2.0,10,9.0,10,10
2020-07-28,17947,,11,3,9999.0,78116T10,RUBY,RUBIUS THERAPEUTICS INC,RUBY,325414.0,Q,A,R,56440,3,9999.0,,,,99.0,999.0,,,,,,,5.47,-0.014414,80546.0,1.0,5.47,440586.62,RUBY,7.0,3.0,,,,1,1.0,1.0,1.0,,,,,,1.0,,,,4.0,,,1.0,1.0,1.0,1.0,,,,1.0,5.0,1.0,,2.0,1.0,,,6.0,3.0,,1.0,1.0,1.0,10.0,1.0,,,10.0,,,,2.0,10,9.0,10,10
2020-07-29,17947,,11,3,9999.0,78116T10,RUBY,RUBIUS THERAPEUTICS INC,RUBY,325414.0,Q,A,R,56440,3,9999.0,,,,99.0,999.0,,,,,,,5.14,-0.060329,80546.0,1.0,5.49,414006.44,RUBY,7.0,3.0,,,,1,1.0,1.0,1.0,,,,,,1.0,,,,4.0,,,1.0,1.0,1.0,1.0,,,,1.0,5.0,1.0,,2.0,1.0,,,6.0,3.0,,1.0,1.0,1.0,10.0,1.0,,,10.0,,,,2.0,10,9.0,10,10
2020-07-30,17947,,11,3,9999.0,78116T10,RUBY,RUBIUS THERAPEUTICS INC,RUBY,325414.0,Q,A,R,56440,3,9999.0,,,,99.0,999.0,,,,,,,5.25,0.021401,80546.0,1.0,5.11,422866.5,RUBY,7.0,3.0,,,,1,1.0,1.0,1.0,,,,,,1.0,,,,4.0,,,1.0,1.0,1.0,1.0,,,,1.0,5.0,1.0,,2.0,1.0,,,6.0,3.0,,1.0,1.0,1.0,10.0,1.0,,,10.0,,,,2.0,10,9.0,10,10
2020-07-31,17947,,11,3,9999.0,78116T10,RUBY,RUBIUS THERAPEUTICS INC,RUBY,325414.0,Q,A,R,56440,3,9999.0,,,,99.0,999.0,,,,,,,4.91,-0.064762,80546.0,1.0,5.25,395480.86,RUBY,7.0,3.0,,,,1,1.0,1.0,1.0,,,,,,1.0,,,,4.0,,,1.0,1.0,1.0,1.0,,,,1.0,5.0,1.0,,2.0,1.0,,,6.0,3.0,,1.0,1.0,1.0,10.0,1.0,,,10.0,,,,2.0,10,9.0,10,10
2020-08-03,17947,,11,3,9999.0,78116T10,RUBY,RUBIUS THERAPEUTICS INC,RUBY,325414.0,Q,A,R,56440,3,9999.0,,,,99.0,999.0,,,,,,,5.01,0.020367,80546.0,1.0,4.98,403535.46,RUBY,7.0,3.0,,,,1,1.0,1.0,1.0,,,,,,1.0,,,,4.0,,,1.0,1.0,1.0,1.0,,,,1.0,5.0,1.0,,2.0,1.0,,,6.0,3.0,,1.0,1.0,1.0,10.0,1.0,,,10.0,,,,2.0,10,9.0,10,10
2020-08-04,17947,,11,3,9999.0,78116T10,RUBY,RUBIUS THERAPEUTICS INC,RUBY,325414.0,Q,A,R,56440,3,9999.0,,,,99.0,999.0,,,,,,,5.1,0.017964,80546.0,1.0,5.01,410784.6,RUBY,7.0,3.0,,,,1,1.0,1.0,1.0,,,,,,1.0,,,,4.0,,,1.0,1.0,1.0,1.0,,,,1.0,5.0,1.0,,2.0,1.0,,,6.0,3.0,,1.0,1.0,1.0,10.0,1.0,,,10.0,,,,2.0,10,9.0,10,10
2020-08-05,17947,,11,3,9999.0,78116T10,RUBY,RUBIUS THERAPEUTICS INC,RUBY,325414.0,Q,A,R,56440,3,9999.0,,,,99.0,999.0,,,,,,,5.1,0.0,80546.0,1.0,5.18,410784.6,RUBY,7.0,3.0,,,,1,1.0,1.0,1.0,,,,,,1.0,,,,4.0,,,1.0,1.0,1.0,1.0,,,,1.0,5.0,1.0,,2.0,1.0,,,6.0,3.0,,1.0,1.0,1.0,10.0,1.0,,,10.0,,,,2.0,10,9.0,10,10
2020-08-06,17947,,11,3,9999.0,78116T10,RUBY,RUBIUS THERAPEUTICS INC,RUBY,325414.0,Q,A,R,56440,3,9999.0,,,,99.0,999.0,,,,,,,5.17,0.013726,80546.0,1.0,5.11,416422.82,RUBY,7.0,3.0,,,,1,1.0,1.0,1.0,,,,,,1.0,,,,4.0,,,1.0,1.0,1.0,1.0,,,,1.0,5.0,1.0,,2.0,1.0,,,6.0,3.0,,1.0,1.0,1.0,10.0,1.0,,,10.0,,,,2.0,10,9.0,10,10
2020-08-07,17947,,11,3,9999.0,78116T10,RUBY,RUBIUS THERAPEUTICS INC,RUBY,325414.0,Q,A,R,56440,3,9999.0,,,,99.0,999.0,,,,,,,5.18,0.001934,80546.0,1.0,5.14,417228.28,RUBY,7.0,3.0,,,,1,1.0,1.0,1.0,,,,,,1.0,,,,4.0,,,1.0,1.0,1.0,1.0,,,,1.0,5.0,1.0,,2.0,1.0,,,6.0,3.0,,1.0,1.0,1.0,10.0,1.0,,,10.0,,,,2.0,10,9.0,10,10
2020-08-10,17947,,11,3,9999.0,78116T10,RUBY,RUBIUS THERAPEUTICS INC,RUBY,325414.0,Q,A,R,56440,3,9999.0,,,,99.0,999.0,,,,,,,5.68,0.096525,80546.0,1.0,5.45,457501.28,RUBY,7.0,3.0,,,,1,1.0,1.0,1.0,,,,,,1.0,,,,4.0,,,1.0,1.0,1.0,1.0,,,,1.0,5.0,1.0,,2.0,1.0,,,6.0,3.0,,1.0,1.0,1.0,10.0,1.0,,,10.0,,,,2.0,10,9.0,10,10
2020-08-11,17947,,11,3,9999.0,78116T10,RUBY,RUBIUS THERAPEUTICS INC,RUBY,325414.0,Q,A,R,56440,3,9999.0,,,,99.0,999.0,,,,,,,5.16,-0.091549,80546.0,1.0,5.71,415617.36,RUBY,7.0,3.0,,,,1,1.0,1.0,1.0,,,,,,1.0,,,,4.0,,,1.0,1.0,1.0,1.0,,,,1.0,5.0,1.0,,2.0,1.0,,,6.0,3.0,,1.0,1.0,1.0,10.0,1.0,,,10.0,,,,2.0,10,9.0,10,10
2020-08-12,17947,,11,3,9999.0,78116T10,RUBY,RUBIUS THERAPEUTICS INC,RUBY,325414.0,Q,A,R,56440,3,9999.0,,,,99.0,999.0,,,,,,,4.94,-0.042636,80546.0,1.0,5.25,397897.24,RUBY,7.0,3.0,,,,1,1.0,1.0,1.0,,,,,,1.0,,,,4.0,,,1.0,1.0,1.0,1.0,,,,1.0,5.0,1.0,,2.0,1.0,,,6.0,3.0,,1.0,1.0,1.0,10.0,1.0,,,10.0,,,,2.0,10,9.0,10,10
2020-08-13,17947,,11,3,9999.0,78116T10,RUBY,RUBIUS THERAPEUTICS INC,RUBY,325414.0,Q,A,R,56440,3,9999.0,,,,99.0,999.0,,,,,,,5.08,0.02834,80546.0,1.0,4.98,409173.68,RUBY,7.0,3.0,,,,1,1.0,1.0,1.0,,,,,,1.0,,,,4.0,,,1.0,1.0,1.0,1.0,,,,1.0,5.0,1.0,,2.0,1.0,,,6.0,3.0,,1.0,1.0,1.0,10.0,1.0,,,10.0,,,,2.0,10,9.0,10,10
2020-08-14,17947,,11,3,9999.0,78116T10,RUBY,RUBIUS THERAPEUTICS INC,RUBY,325414.0,Q,A,R,56440,3,9999.0,,,,99.0,999.0,,,,,,,5.2,0.023622,80546.0,1.0,5.04,418839.2,RUBY,7.0,3.0,,,,1,1.0,1.0,1.0,,,,,,1.0,,,,4.0,,,1.0,1.0,1.0,1.0,,,,1.0,5.0,1.0,,2.0,1.0,,,6.0,3.0,,1.0,1.0,1.0,10.0,1.0,,,10.0,,,,2.0,10,9.0,10,10
2020-08-17,17947,,11,3,9999.0,78116T10,RUBY,RUBIUS THERAPEUTICS INC,RUBY,325414.0,Q,A,R,56440,3,9999.0,,,,99.0,999.0,,,,,,,5.05,-0.028846,80546.0,1.0,5.2,406757.3,RUBY,7.0,3.0,,,,1,1.0,1.0,1.0,,,,,,1.0,,,,4.0,,,1.0,1.0,1.0,1.0,,,,1.0,5.0,1.0,,2.0,1.0,,,6.0,3.0,,1.0,1.0,1.0,10.0,1.0,,,10.0,,,,2.0,10,9.0,10,10
2020-08-18,17947,,11,3,9999.0,78116T10,RUBY,RUBIUS THERAPEUTICS INC,RUBY,325414.0,Q,A,R,56440,3,9999.0,,,,99.0,999.0,,,,,,,4.85,-0.039604,80546.0,1.0,5.08,390648.1,RUBY,7.0,3.0,,,,1,1.0,1.0,1.0,,,,,,1.0,,,,4.0,,,1.0,1.0,1.0,1.0,,,,1.0,5.0,1.0,,2.0,1.0,,,6.0,3.0,,1.0,1.0,1.0,10.0,1.0,,,10.0,,,,2.0,10,9.0,10,10
2020-08-19,17947,,11,3,9999.0,78116T10,RUBY,RUBIUS THERAPEUTICS INC,RUBY,325414.0,Q,A,R,56440,3,9999.0,,,,99.0,999.0,,,,,,,4.95,0.020619,80546.0,1.0,4.88,398702.7,RUBY,7.0,3.0,,,,1,1.0,1.0,1.0,,,,,,1.0,,,,4.0,,,1.0,1.0,1.0,1.0,,,,1.0,5.0,1.0,,2.0,1.0,,,6.0,3.0,,1.0,1.0,1.0,10.0,1.0,,,10.0,,,,2.0,10,9.0,10,10
2020-08-20,17947,,11,3,9999.0,78116T10,RUBY,RUBIUS THERAPEUTICS INC,RUBY,325414.0,Q,A,R,56440,3,9999.0,,,,99.0,999.0,,,,,,,4.995,0.009091,80546.0,1.0,4.9,402327.27,RUBY,7.0,3.0,,,,1,1.0,1.0,1.0,,,,,,1.0,,,,4.0,,,1.0,1.0,1.0,1.0,,,,1.0,5.0,1.0,,2.0,1.0,,,6.0,3.0,,1.0,1.0,1.0,10.0,1.0,,,10.0,,,,2.0,10,9.0,10,10
2020-08-21,17947,,11,3,9999.0,78116T10,RUBY,RUBIUS THERAPEUTICS INC,RUBY,325414.0,Q,A,R,56440,3,9999.0,,,,99.0,999.0,,,,,,,5.07,0.015015,80546.0,1.0,5.07,408368.22,RUBY,7.0,3.0,,,,1,1.0,1.0,1.0,,,,,,1.0,,,,4.0,,,1.0,1.0,1.0,1.0,,,,1.0,5.0,1.0,,2.0,1.0,,,6.0,3.0,,1.0,1.0,1.0,10.0,1.0,,,10.0,,,,2.0,10,9.0,10,10
2020-08-24,17947,,11,3,9999.0,78116T10,RUBY,RUBIUS THERAPEUTICS INC,RUBY,325414.0,Q,A,R,56440,3,9999.0,,,,99.0,999.0,,,,,,,5.2,0.025641,80546.0,1.0,5.08,418839.2,RUBY,7.0,3.0,,,,1,1.0,1.0,1.0,,,,,,1.0,,,,4.0,,,1.0,1.0,1.0,1.0,,,,1.0,5.0,1.0,,2.0,1.0,,,6.0,3.0,,1.0,1.0,1.0,10.0,1.0,,,10.0,,,,2.0,10,9.0,10,10
2020-08-25,17947,,11,3,9999.0,78116T10,RUBY,RUBIUS THERAPEUTICS INC,RUBY,325414.0,Q,A,R,56440,3,9999.0,,,,99.0,999.0,,,,,,,5.05,-0.028846,80546.0,1.0,5.21,406757.3,RUBY,7.0,3.0,,,,1,1.0,1.0,1.0,,,,,,1.0,,,,4.0,,,1.0,1.0,1.0,1.0,,,,1.0,5.0,1.0,,2.0,1.0,,,6.0,3.0,,1.0,1.0,1.0,10.0,1.0,,,10.0,,,,2.0,10,9.0,10,10
2020-08-26,17947,,11,3,9999.0,78116T10,RUBY,RUBIUS THERAPEUTICS INC,RUBY,325414.0,Q,A,R,56440,3,9999.0,,,,99.0,999.0,,,,,,,4.91,-0.027723,80546.0,1.0,5.03,395480.86,RUBY,7.0,3.0,,,,1,1.0,1.0,1.0,,,,,,1.0,,,,4.0,,,1.0,1.0,1.0,1.0,,,,1.0,5.0,1.0,,2.0,1.0,,,6.0,3.0,,1.0,1.0,1.0,10.0,1.0,,,10.0,,,,2.0,10,9.0,10,10
2020-08-27,17947,,11,3,9999.0,78116T10,RUBY,RUBIUS THERAPEUTICS INC,RUBY,325414.0,Q,A,R,56440,3,9999.0,,,,99.0,999.0,,,,,,,4.82,-0.01833,80546.0,1.0,4.95,388231.72,RUBY,7.0,3.0,,,,1,1.0,1.0,1.0,,,,,,1.0,,,,4.0,,,1.0,1.0,1.0,1.0,,,,1.0,5.0,1.0,,2.0,1.0,,,6.0,3.0,,1.0,1.0,1.0,10.0,1.0,,,10.0,,,,2.0,10,9.0,10,10
2020-08-28,17947,,11,3,9999.0,78116T10,RUBY,RUBIUS THERAPEUTICS INC,RUBY,325414.0,Q,A,R,56440,3,9999.0,,,,99.0,999.0,,,,,,,4.94,0.024896,80546.0,1.0,4.86,397897.24,RUBY,7.0,3.0,,,,1,1.0,1.0,1.0,,,,,,1.0,,,,4.0,,,1.0,1.0,1.0,1.0,,,,1.0,5.0,1.0,,2.0,1.0,,,6.0,3.0,,1.0,1.0,1.0,10.0,1.0,,,10.0,,,,2.0,10,9.0,10,10
2020-08-31,17947,,11,3,9999.0,78116T10,RUBY,RUBIUS THERAPEUTICS INC,RUBY,325414.0,Q,A,R,56440,3,9999.0,,,,99.0,999.0,,,,,,,4.815,-0.025304,80546.0,1.0,5.0,387828.99,RUBY,7.0,3.0,,,,1,1.0,1.0,1.0,,,,,,1.0,,,,4.0,,,1.0,1.0,1.0,1.0,,,,1.0,5.0,1.0,,2.0,1.0,,,6.0,3.0,,1.0,1.0,1.0,10.0,1.0,,,10.0,,,,2.0,10,9.0,10,10
2020-09-01,17947,,11,3,9999.0,78116T10,RUBY,RUBIUS THERAPEUTICS INC,RUBY,325414.0,Q,A,R,56440,3,9999.0,,,,99.0,999.0,,,,,,,4.9,0.017653,80546.0,1.0,4.83,394675.4,RUBY,7.0,3.0,,,,1,1.0,1.0,1.0,,,,,,1.0,,,,4.0,,,1.0,1.0,1.0,1.0,,,,1.0,5.0,1.0,,2.0,1.0,,,6.0,3.0,,1.0,1.0,1.0,10.0,1.0,,,10.0,,,,2.0,10,9.0,10,10
2020-09-02,17947,,11,3,9999.0,78116T10,RUBY,RUBIUS THERAPEUTICS INC,RUBY,325414.0,Q,A,R,56440,3,9999.0,,,,99.0,999.0,,,,,,,4.91,0.002041,80546.0,1.0,4.89,395480.86,RUBY,7.0,3.0,,,,1,1.0,1.0,1.0,,,,,,1.0,,,,4.0,,,1.0,1.0,1.0,1.0,,,,1.0,5.0,1.0,,2.0,1.0,,,6.0,3.0,,1.0,1.0,1.0,10.0,1.0,,,10.0,,,,2.0,10,9.0,10,10
2020-09-03,17947,,11,3,9999.0,78116T10,RUBY,RUBIUS THERAPEUTICS INC,RUBY,325414.0,Q,A,R,56440,3,9999.0,,,,99.0,999.0,,,,,,,4.85,-0.01222,80546.0,1.0,4.91,390648.1,RUBY,7.0,3.0,,,,1,1.0,1.0,1.0,,,,,,1.0,,,,4.0,,,1.0,1.0,1.0,1.0,,,,1.0,5.0,1.0,,2.0,1.0,,,6.0,3.0,,1.0,1.0,1.0,10.0,1.0,,,10.0,,,,2.0,10,9.0,10,10
2020-09-04,17947,,11,3,9999.0,78116T10,RUBY,RUBIUS THERAPEUTICS INC,RUBY,325414.0,Q,A,R,56440,3,9999.0,,,,99.0,999.0,,,,,,,4.81,-0.008247,80546.0,1.0,4.91,387426.26,RUBY,7.0,3.0,,,,1,1.0,1.0,1.0,,,,,,1.0,,,,4.0,,,1.0,1.0,1.0,1.0,,,,1.0,5.0,1.0,,2.0,1.0,,,6.0,3.0,,1.0,1.0,1.0,10.0,1.0,,,10.0,,,,2.0,10,9.0,10,10
2020-09-08,17947,,11,3,9999.0,78116T10,RUBY,RUBIUS THERAPEUTICS INC,RUBY,325414.0,Q,A,R,56440,3,9999.0,,,,99.0,999.0,,,,,,,4.95,0.029106,80546.0,1.0,4.76,398702.7,RUBY,7.0,3.0,,,,1,1.0,1.0,1.0,,,,,,1.0,,,,4.0,,,1.0,1.0,1.0,1.0,,,,1.0,5.0,1.0,,2.0,1.0,,,6.0,3.0,,1.0,1.0,1.0,10.0,1.0,,,10.0,,,,2.0,10,9.0,10,10
2020-09-09,17947,,11,3,9999.0,78116T10,RUBY,RUBIUS THERAPEUTICS INC,RUBY,325414.0,Q,A,R,56440,3,9999.0,,,,99.0,999.0,,,,,,,4.97,0.00404,80546.0,1.0,5.0,400313.62,RUBY,7.0,3.0,,,,1,1.0,1.0,1.0,,,,,,1.0,,,,4.0,,,1.0,1.0,1.0,1.0,,,,1.0,5.0,1.0,,2.0,1.0,,,6.0,3.0,,1.0,1.0,1.0,10.0,1.0,,,10.0,,,,2.0,10,9.0,10,10
2020-09-10,17947,,11,3,9999.0,78116T10,RUBY,RUBIUS THERAPEUTICS INC,RUBY,325414.0,Q,A,R,56440,3,9999.0,,,,99.0,999.0,,,,,,,5.03,0.012073,80546.0,1.0,4.96,405146.38,RUBY,7.0,3.0,,,,1,1.0,1.0,1.0,,,,,,1.0,,,,4.0,,,1.0,1.0,1.0,1.0,,,,1.0,5.0,1.0,,2.0,1.0,,,6.0,3.0,,1.0,1.0,1.0,10.0,1.0,,,10.0,,,,2.0,10,9.0,10,10
2020-09-11,17947,,11,3,9999.0,78116T10,RUBY,RUBIUS THERAPEUTICS INC,RUBY,325414.0,Q,A,R,56440,3,9999.0,,,,99.0,999.0,,,,,,,4.9,-0.025845,80546.0,1.0,5.03,394675.4,RUBY,7.0,3.0,,,,1,1.0,1.0,1.0,,,,,,1.0,,,,4.0,,,1.0,1.0,1.0,1.0,,,,1.0,5.0,1.0,,2.0,1.0,,,6.0,3.0,,1.0,1.0,1.0,10.0,1.0,,,10.0,,,,2.0,10,9.0,10,10
2020-09-14,17947,,11,3,9999.0,78116T10,RUBY,RUBIUS THERAPEUTICS INC,RUBY,325414.0,Q,A,R,56440,3,9999.0,,,,99.0,999.0,,,,,,,5.08,0.036735,80546.0,1.0,4.95,409173.68,RUBY,7.0,3.0,,,,1,1.0,1.0,1.0,,,,,,1.0,,,,4.0,,,1.0,1.0,1.0,1.0,,,,1.0,5.0,1.0,,2.0,1.0,,,6.0,3.0,,1.0,1.0,1.0,10.0,1.0,,,10.0,,,,2.0,10,9.0,10,10
2020-09-15,17947,,11,3,9999.0,78116T10,RUBY,RUBIUS THERAPEUTICS INC,RUBY,325414.0,Q,A,R,56440,3,9999.0,,,,99.0,999.0,,,,,,,5.09,0.001969,80546.0,1.0,5.14,409979.14,RUBY,7.0,3.0,,,,1,1.0,1.0,1.0,,,,,,1.0,,,,4.0,,,1.0,1.0,1.0,1.0,,,,1.0,5.0,1.0,,2.0,1.0,,,6.0,3.0,,1.0,1.0,1.0,10.0,1.0,,,10.0,,,,2.0,10,9.0,10,10
2020-09-16,17947,,11,3,9999.0,78116T10,RUBY,RUBIUS THERAPEUTICS INC,RUBY,325414.0,Q,A,R,56440,3,9999.0,,,,99.0,999.0,,,,,,,4.96,-0.02554,80546.0,1.0,5.11,399508.16,RUBY,7.0,3.0,,,,1,1.0,1.0,1.0,,,,,,1.0,,,,4.0,,,1.0,1.0,1.0,1.0,,,,1.0,5.0,1.0,,2.0,1.0,,,6.0,3.0,,1.0,1.0,1.0,10.0,1.0,,,10.0,,,,2.0,10,9.0,10,10
2020-09-17,17947,,11,3,9999.0,78116T10,RUBY,RUBIUS THERAPEUTICS INC,RUBY,325414.0,Q,A,R,56440,3,9999.0,,,,99.0,999.0,,,,,,,5.11,0.030242,80546.0,1.0,4.92,411590.06,RUBY,7.0,3.0,,,,1,1.0,1.0,1.0,,,,,,1.0,,,,4.0,,,1.0,1.0,1.0,1.0,,,,1.0,5.0,1.0,,2.0,1.0,,,6.0,3.0,,1.0,1.0,1.0,10.0,1.0,,,10.0,,,,2.0,10,9.0,10,10
2020-09-18,17947,,11,3,9999.0,78116T10,RUBY,RUBIUS THERAPEUTICS INC,RUBY,325414.0,Q,A,R,56440,3,9999.0,,,,99.0,999.0,,,,,,,5.51,0.078278,80546.0,1.0,5.19,443808.46,RUBY,7.0,3.0,,,,1,1.0,1.0,1.0,,,,,,1.0,,,,4.0,,,1.0,1.0,1.0,1.0,,,,1.0,5.0,1.0,,2.0,1.0,,,6.0,3.0,,1.0,1.0,1.0,10.0,1.0,,,10.0,,,,2.0,10,9.0,10,10
2020-09-21,17947,,11,3,9999.0,78116T10,RUBY,RUBIUS THERAPEUTICS INC,RUBY,325414.0,Q,A,R,56440,3,9999.0,,,,99.0,999.0,,,,,,,4.995,-0.093466,80546.0,1.0,5.39,402327.27,RUBY,7.0,3.0,,,,1,1.0,1.0,1.0,,,,,,1.0,,,,4.0,,,1.0,1.0,1.0,1.0,,,,1.0,5.0,1.0,,2.0,1.0,,,6.0,3.0,,1.0,1.0,1.0,10.0,1.0,,,10.0,,,,2.0,10,9.0,10,10
2020-09-22,17947,,11,3,9999.0,78116T10,RUBY,RUBIUS THERAPEUTICS INC,RUBY,325414.0,Q,A,R,56440,3,9999.0,,,,99.0,999.0,,,,,,,5.06,0.013013,80546.0,1.0,5.01,407562.76,RUBY,7.0,3.0,,,,1,1.0,1.0,1.0,,,,,,1.0,,,,4.0,,,1.0,1.0,1.0,1.0,,,,1.0,5.0,1.0,,2.0,1.0,,,6.0,3.0,,1.0,1.0,1.0,10.0,1.0,,,10.0,,,,2.0,10,9.0,10,10
2020-09-23,17947,,11,3,9999.0,78116T10,RUBY,RUBIUS THERAPEUTICS INC,RUBY,325414.0,Q,A,R,56440,3,9999.0,,,,99.0,999.0,,,,,,,4.75,-0.061265,80546.0,1.0,5.0,382593.5,RUBY,7.0,3.0,,,,1,1.0,1.0,1.0,,,,,,1.0,,,,4.0,,,1.0,1.0,1.0,1.0,,,,1.0,5.0,1.0,,2.0,1.0,,,6.0,3.0,,1.0,1.0,1.0,10.0,1.0,,,10.0,,,,2.0,10,9.0,10,10
2020-09-24,17947,,11,3,9999.0,78116T10,RUBY,RUBIUS THERAPEUTICS INC,RUBY,325414.0,Q,A,R,56440,3,9999.0,,,,99.0,999.0,,,,,,,4.65,-0.021053,80546.0,1.0,4.73,374538.9,RUBY,7.0,3.0,,,,1,1.0,1.0,1.0,,,,,,1.0,,,,4.0,,,1.0,1.0,1.0,1.0,,,,1.0,5.0,1.0,,2.0,1.0,,,6.0,3.0,,1.0,1.0,1.0,10.0,1.0,,,10.0,,,,2.0,10,9.0,10,10
2020-09-25,17947,,11,3,9999.0,78116T10,RUBY,RUBIUS THERAPEUTICS INC,RUBY,325414.0,Q,A,R,56440,3,9999.0,,,,99.0,999.0,,,,,,,4.98,0.070968,80546.0,1.0,4.61,401119.08,RUBY,7.0,3.0,,,,1,1.0,1.0,1.0,,,,,,1.0,,,,4.0,,,1.0,1.0,1.0,1.0,,,,1.0,5.0,1.0,,2.0,1.0,,,6.0,3.0,,1.0,1.0,1.0,10.0,1.0,,,10.0,,,,2.0,10,9.0,10,10
2020-09-28,17947,,11,3,9999.0,78116T10,RUBY,RUBIUS THERAPEUTICS INC,RUBY,325414.0,Q,A,R,56440,3,9999.0,,,,99.0,999.0,,,,,,,5.1,0.024096,80546.0,1.0,5.04,410784.6,RUBY,7.0,3.0,,,,1,1.0,1.0,1.0,,,,,,1.0,,,,4.0,,,1.0,1.0,1.0,1.0,,,,1.0,5.0,1.0,,2.0,1.0,,,6.0,3.0,,1.0,1.0,1.0,10.0,1.0,,,10.0,,,,2.0,10,9.0,10,10
2020-09-29,17947,,11,3,9999.0,78116T10,RUBY,RUBIUS THERAPEUTICS INC,RUBY,325414.0,Q,A,R,56440,3,9999.0,,,,99.0,999.0,,,,,,,5.05,-0.009804,80546.0,1.0,5.13,406757.3,RUBY,7.0,3.0,,,,1,1.0,1.0,1.0,,,,,,1.0,,,,4.0,,,1.0,1.0,1.0,1.0,,,,1.0,5.0,1.0,,2.0,1.0,,,6.0,3.0,,1.0,1.0,1.0,10.0,1.0,,,10.0,,,,2.0,10,9.0,10,10
2020-09-30,17947,,11,3,9999.0,78116T10,RUBY,RUBIUS THERAPEUTICS INC,RUBY,325414.0,Q,A,R,56440,3,9999.0,,,,99.0,999.0,,,,,,,5.01,-0.007921,80924.0,1.0,5.01,405429.24,RUBY,7.0,3.0,,,,1,1.0,1.0,1.0,,,,,,1.0,,,,4.0,,,1.0,1.0,1.0,1.0,,,,1.0,5.0,1.0,,2.0,1.0,,,6.0,3.0,,1.0,1.0,1.0,10.0,1.0,,,10.0,,,,2.0,10,9.0,10,10
2020-10-01,17947,,11,3,9999.0,78116T10,RUBY,RUBIUS THERAPEUTICS INC,RUBY,325414.0,Q,A,R,56440,3,9999.0,,,,99.0,999.0,,,,,,,4.86,-0.02994,80924.0,1.0,5.02,393290.64,RUBY,7.0,3.0,,,,1,1.0,1.0,1.0,,,,,,1.0,,,,4.0,,,1.0,1.0,1.0,1.0,,,,1.0,5.0,1.0,,2.0,1.0,,,6.0,3.0,,1.0,1.0,1.0,10.0,1.0,,,10.0,,,,2.0,10,9.0,10,10
2020-10-02,17947,,11,3,9999.0,78116T10,RUBY,RUBIUS THERAPEUTICS INC,RUBY,325414.0,Q,A,R,56440,3,9999.0,,,,99.0,999.0,,,,,,,4.72,-0.028807,80924.0,1.0,4.92,381961.28,RUBY,7.0,3.0,,,,1,1.0,1.0,1.0,,,,,,1.0,,,,4.0,,,1.0,1.0,1.0,1.0,,,,1.0,5.0,1.0,,2.0,1.0,,,6.0,3.0,,1.0,1.0,1.0,10.0,1.0,,,10.0,,,,2.0,10,9.0,10,10
2020-10-05,17947,,11,3,9999.0,78116T10,RUBY,RUBIUS THERAPEUTICS INC,RUBY,325414.0,Q,A,R,56440,3,9999.0,,,,99.0,999.0,,,,,,,5.15,0.091102,80924.0,1.0,4.73,416758.6,RUBY,7.0,3.0,,,,1,1.0,1.0,1.0,,,,,,1.0,,,,4.0,,,1.0,1.0,1.0,1.0,,,,1.0,5.0,1.0,,2.0,1.0,,,6.0,3.0,,1.0,1.0,1.0,10.0,1.0,,,10.0,,,,2.0,10,9.0,10,10
2020-10-06,17947,,11,3,9999.0,78116T10,RUBY,RUBIUS THERAPEUTICS INC,RUBY,325414.0,Q,A,R,56440,3,9999.0,,,,99.0,999.0,,,,,,,5.13,-0.003883,80924.0,1.0,5.21,415140.12,RUBY,7.0,3.0,,,,1,1.0,1.0,1.0,,,,,,1.0,,,,4.0,,,1.0,1.0,1.0,1.0,,,,1.0,5.0,1.0,,2.0,1.0,,,6.0,3.0,,1.0,1.0,1.0,10.0,1.0,,,10.0,,,,2.0,10,9.0,10,10
2020-10-07,17947,,11,3,9999.0,78116T10,RUBY,RUBIUS THERAPEUTICS INC,RUBY,325414.0,Q,A,R,56440,3,9999.0,,,,99.0,999.0,,,,,,,5.38,0.048733,80924.0,1.0,5.26,435371.12,RUBY,7.0,3.0,,,,1,1.0,1.0,1.0,,,,,,1.0,,,,4.0,,,1.0,1.0,1.0,1.0,,,,1.0,5.0,1.0,,2.0,1.0,,,6.0,3.0,,1.0,1.0,1.0,10.0,1.0,,,10.0,,,,2.0,10,9.0,10,10
2020-10-08,17947,,11,3,9999.0,78116T10,RUBY,RUBIUS THERAPEUTICS INC,RUBY,325414.0,Q,A,R,56440,3,9999.0,,,,99.0,999.0,,,,,,,5.39,0.001859,80924.0,1.0,5.48,436180.36,RUBY,7.0,3.0,,,,1,1.0,1.0,1.0,,,,,,1.0,,,,4.0,,,1.0,1.0,1.0,1.0,,,,1.0,5.0,1.0,,2.0,1.0,,,6.0,3.0,,1.0,1.0,1.0,10.0,1.0,,,10.0,,,,2.0,10,9.0,10,10
2020-10-09,17947,,11,3,9999.0,78116T10,RUBY,RUBIUS THERAPEUTICS INC,RUBY,325414.0,Q,A,R,56440,3,9999.0,,,,99.0,999.0,,,,,,,5.45,0.011132,80924.0,1.0,5.4,441035.8,RUBY,7.0,3.0,,,,1,1.0,1.0,1.0,,,,,,1.0,,,,4.0,,,1.0,1.0,1.0,1.0,,,,1.0,5.0,1.0,,2.0,1.0,,,6.0,3.0,,1.0,1.0,1.0,10.0,1.0,,,10.0,,,,2.0,10,9.0,10,10
2020-10-12,17947,,11,3,9999.0,78116T10,RUBY,RUBIUS THERAPEUTICS INC,RUBY,325414.0,Q,A,R,56440,3,9999.0,,,,99.0,999.0,,,,,,,5.67,0.040367,80924.0,1.0,5.42,458839.08,RUBY,7.0,3.0,,,,1,1.0,1.0,1.0,,,,,,1.0,,,,4.0,,,1.0,1.0,1.0,1.0,,,,1.0,5.0,1.0,,2.0,1.0,,,6.0,3.0,,1.0,1.0,1.0,10.0,1.0,,,10.0,,,,2.0,10,9.0,10,10
2020-10-13,17947,,11,3,9999.0,78116T10,RUBY,RUBIUS THERAPEUTICS INC,RUBY,325414.0,Q,A,R,56440,3,9999.0,,,,99.0,999.0,,,,,,,5.69,0.003527,80924.0,1.0,5.64,460457.56,RUBY,7.0,3.0,,,,1,1.0,1.0,1.0,,,,,,1.0,,,,4.0,,,1.0,1.0,1.0,1.0,,,,1.0,5.0,1.0,,2.0,1.0,,,6.0,3.0,,1.0,1.0,1.0,10.0,1.0,,,10.0,,,,2.0,10,9.0,10,10
2020-10-14,17947,,11,3,9999.0,78116T10,RUBY,RUBIUS THERAPEUTICS INC,RUBY,325414.0,Q,A,R,56440,3,9999.0,,,,99.0,999.0,,,,,,,5.44,-0.043937,80924.0,1.0,5.64,440226.56,RUBY,7.0,3.0,,,,1,1.0,1.0,1.0,,,,,,1.0,,,,4.0,,,1.0,1.0,1.0,1.0,,,,1.0,5.0,1.0,,2.0,1.0,,,6.0,3.0,,1.0,1.0,1.0,10.0,1.0,,,10.0,,,,2.0,10,9.0,10,10
2020-10-15,17947,,11,3,9999.0,78116T10,RUBY,RUBIUS THERAPEUTICS INC,RUBY,325414.0,Q,A,R,56440,3,9999.0,,,,99.0,999.0,,,,,,,5.44,0.0,80924.0,1.0,5.57,440226.56,RUBY,7.0,3.0,,,,1,1.0,1.0,1.0,,,,,,1.0,,,,4.0,,,1.0,1.0,1.0,1.0,,,,1.0,5.0,1.0,,2.0,1.0,,,6.0,3.0,,1.0,1.0,1.0,10.0,1.0,,,10.0,,,,2.0,10,9.0,10,10
2020-10-16,17947,,11,3,9999.0,78116T10,RUBY,RUBIUS THERAPEUTICS INC,RUBY,325414.0,Q,A,R,56440,3,9999.0,,,,99.0,999.0,,,,,,,5.41,-0.005515,80924.0,1.0,5.4,437798.84,RUBY,7.0,3.0,,,,1,1.0,1.0,1.0,,,,,,1.0,,,,4.0,,,1.0,1.0,1.0,1.0,,,,1.0,5.0,1.0,,2.0,1.0,,,6.0,3.0,,1.0,1.0,1.0,10.0,1.0,,,10.0,,,,2.0,10,9.0,10,10
2020-10-19,17947,,11,3,9999.0,78116T10,RUBY,RUBIUS THERAPEUTICS INC,RUBY,325414.0,Q,A,R,56440,3,9999.0,,,,99.0,999.0,,,,,,,5.05,-0.066543,80924.0,1.0,5.45,408666.2,RUBY,7.0,3.0,,,,1,1.0,1.0,1.0,,,,,,1.0,,,,4.0,,,1.0,1.0,1.0,1.0,,,,1.0,5.0,1.0,,2.0,1.0,,,6.0,3.0,,1.0,1.0,1.0,10.0,1.0,,,10.0,,,,2.0,10,9.0,10,10
2020-10-20,17947,,11,3,9999.0,78116T10,RUBY,RUBIUS THERAPEUTICS INC,RUBY,325414.0,Q,A,R,56440,3,9999.0,,,,99.0,999.0,,,,,,,4.62,-0.085149,80924.0,1.0,5.05,373868.88,RUBY,7.0,3.0,,,,1,1.0,1.0,1.0,,,,,,1.0,,,,4.0,,,1.0,1.0,1.0,1.0,,,,1.0,5.0,1.0,,2.0,1.0,,,6.0,3.0,,1.0,1.0,1.0,10.0,1.0,,,10.0,,,,2.0,10,9.0,10,10
2020-10-21,17947,,11,3,9999.0,78116T10,RUBY,RUBIUS THERAPEUTICS INC,RUBY,325414.0,Q,A,R,56440,3,9999.0,,,,99.0,999.0,,,,,,,4.61,-0.002164,80924.0,1.0,4.65,373059.64,RUBY,7.0,3.0,,,,1,1.0,1.0,1.0,,,,,,1.0,,,,4.0,,,1.0,1.0,1.0,1.0,,,,1.0,5.0,1.0,,2.0,1.0,,,6.0,3.0,,1.0,1.0,1.0,10.0,1.0,,,10.0,,,,2.0,10,9.0,10,10
2020-10-22,17947,,11,3,9999.0,78116T10,RUBY,RUBIUS THERAPEUTICS INC,RUBY,325414.0,Q,A,R,56440,3,9999.0,,,,99.0,999.0,,,,,,,4.68,0.015184,80924.0,1.0,4.65,378724.32,RUBY,7.0,3.0,,,,1,1.0,1.0,1.0,,,,,,1.0,,,,4.0,,,1.0,1.0,1.0,1.0,,,,1.0,5.0,1.0,,2.0,1.0,,,6.0,3.0,,1.0,1.0,1.0,10.0,1.0,,,10.0,,,,2.0,10,9.0,10,10
2020-10-23,17947,,11,3,9999.0,78116T10,RUBY,RUBIUS THERAPEUTICS INC,RUBY,325414.0,Q,A,R,56440,3,9999.0,,,,99.0,999.0,,,,,,,4.59,-0.019231,80924.0,1.0,4.68,371441.16,RUBY,7.0,3.0,,,,1,1.0,1.0,1.0,,,,,,1.0,,,,4.0,,,1.0,1.0,1.0,1.0,,,,1.0,5.0,1.0,,2.0,1.0,,,6.0,3.0,,1.0,1.0,1.0,10.0,1.0,,,10.0,,,,2.0,10,9.0,10,10
2020-10-26,17947,,11,3,9999.0,78116T10,RUBY,RUBIUS THERAPEUTICS INC,RUBY,325414.0,Q,A,R,56440,3,9999.0,,,,99.0,999.0,,,,,,,4.56,-0.006536,80924.0,1.0,4.51,369013.44,RUBY,7.0,3.0,,,,1,1.0,1.0,1.0,,,,,,1.0,,,,4.0,,,1.0,1.0,1.0,1.0,,,,1.0,5.0,1.0,,2.0,1.0,,,6.0,3.0,,1.0,1.0,1.0,10.0,1.0,,,10.0,,,,2.0,10,9.0,10,10
2020-10-27,17947,,11,3,9999.0,78116T10,RUBY,RUBIUS THERAPEUTICS INC,RUBY,325414.0,Q,A,R,56440,3,9999.0,,,,99.0,999.0,,,,,,,4.65,0.019737,80924.0,1.0,4.57,376296.6,RUBY,7.0,3.0,,,,1,1.0,1.0,1.0,,,,,,1.0,,,,4.0,,,1.0,1.0,1.0,1.0,,,,1.0,5.0,1.0,,2.0,1.0,,,6.0,3.0,,1.0,1.0,1.0,10.0,1.0,,,10.0,,,,2.0,10,9.0,10,10
2020-10-28,17947,,11,3,9999.0,78116T10,RUBY,RUBIUS THERAPEUTICS INC,RUBY,325414.0,Q,A,R,56440,3,9999.0,,,,99.0,999.0,,,,,,,4.7,0.010753,80924.0,1.0,4.61,380342.8,RUBY,7.0,3.0,,,,1,1.0,1.0,1.0,,,,,,1.0,,,,4.0,,,1.0,1.0,1.0,1.0,,,,1.0,5.0,1.0,,2.0,1.0,,,6.0,3.0,,1.0,1.0,1.0,10.0,1.0,,,10.0,,,,2.0,10,9.0,10,10
2020-10-29,17947,,11,3,9999.0,78116T10,RUBY,RUBIUS THERAPEUTICS INC,RUBY,325414.0,Q,A,R,56440,3,9999.0,,,,99.0,999.0,,,,,,,4.43,-0.057447,80924.0,1.0,4.63,358493.32,RUBY,7.0,3.0,,,,1,1.0,1.0,1.0,,,,,,1.0,,,,4.0,,,1.0,1.0,1.0,1.0,,,,1.0,5.0,1.0,,2.0,1.0,,,6.0,3.0,,1.0,1.0,1.0,10.0,1.0,,,10.0,,,,2.0,10,9.0,10,10
2020-10-30,17947,,11,3,9999.0,78116T10,RUBY,RUBIUS THERAPEUTICS INC,RUBY,325414.0,Q,A,R,56440,3,9999.0,,,,99.0,999.0,,,,,,,4.23,-0.045147,80924.0,1.0,4.35,342308.52,RUBY,7.0,3.0,,,,1,1.0,1.0,1.0,,,,,,1.0,,,,4.0,,,1.0,1.0,1.0,1.0,,,,1.0,5.0,1.0,,2.0,1.0,,,6.0,3.0,,1.0,1.0,1.0,10.0,1.0,,,10.0,,,,2.0,10,9.0,10,10
2020-11-02,17947,,11,3,9999.0,78116T10,RUBY,RUBIUS THERAPEUTICS INC,RUBY,325414.0,Q,A,R,56440,3,9999.0,,,,99.0,999.0,,,,,,,4.66,0.101655,80924.0,1.0,4.33,377105.84,RUBY,7.0,3.0,,,,1,1.0,1.0,1.0,,,,,,1.0,,,,4.0,,,1.0,1.0,1.0,1.0,,,,1.0,5.0,1.0,,2.0,1.0,,,6.0,3.0,,1.0,1.0,1.0,10.0,1.0,,,10.0,,,,2.0,10,9.0,10,10
2020-11-03,17947,,11,3,9999.0,78116T10,RUBY,RUBIUS THERAPEUTICS INC,RUBY,325414.0,Q,A,R,56440,3,9999.0,,,,99.0,999.0,,,,,,,4.92,0.055794,80924.0,1.0,4.73,398146.08,RUBY,7.0,3.0,,,,1,1.0,1.0,1.0,,,,,,1.0,,,,4.0,,,1.0,1.0,1.0,1.0,,,,1.0,5.0,1.0,,2.0,1.0,,,6.0,3.0,,1.0,1.0,1.0,10.0,1.0,,,10.0,,,,2.0,10,9.0,10,10
2020-11-04,17947,,11,3,9999.0,78116T10,RUBY,RUBIUS THERAPEUTICS INC,RUBY,325414.0,Q,A,R,56440,3,9999.0,,,,99.0,999.0,,,,,,,4.84,-0.01626,80924.0,1.0,4.91,391672.16,RUBY,7.0,3.0,,,,1,1.0,1.0,1.0,,,,,,1.0,,,,4.0,,,1.0,1.0,1.0,1.0,,,,1.0,5.0,1.0,,2.0,1.0,,,6.0,3.0,,1.0,1.0,1.0,10.0,1.0,,,10.0,,,,2.0,10,9.0,10,10
2020-11-05,17947,,11,3,9999.0,78116T10,RUBY,RUBIUS THERAPEUTICS INC,RUBY,325414.0,Q,A,R,56440,3,9999.0,,,,99.0,999.0,,,,,,,4.57,-0.055785,80924.0,1.0,4.82,369822.68,RUBY,7.0,3.0,,,,1,1.0,1.0,1.0,,,,,,1.0,,,,4.0,,,1.0,1.0,1.0,1.0,,,,1.0,5.0,1.0,,2.0,1.0,,,6.0,3.0,,1.0,1.0,1.0,10.0,1.0,,,10.0,,,,2.0,10,9.0,10,10
2020-11-06,17947,,11,3,9999.0,78116T10,RUBY,RUBIUS THERAPEUTICS INC,RUBY,325414.0,Q,A,R,56440,3,9999.0,,,,99.0,999.0,,,,,,,4.42,-0.032823,80924.0,1.0,4.57,357684.08,RUBY,7.0,3.0,,,,1,1.0,1.0,1.0,,,,,,1.0,,,,4.0,,,1.0,1.0,1.0,1.0,,,,1.0,5.0,1.0,,2.0,1.0,,,6.0,3.0,,1.0,1.0,1.0,10.0,1.0,,,10.0,,,,2.0,10,9.0,10,10
2020-11-09,17947,,11,3,9999.0,78116T10,RUBY,RUBIUS THERAPEUTICS INC,RUBY,325414.0,Q,A,R,56440,3,9999.0,,,,99.0,999.0,,,,,,,4.77,0.079186,80924.0,1.0,5.0,386007.48,RUBY,7.0,3.0,,,,1,1.0,1.0,1.0,,,,,,1.0,,,,4.0,,,1.0,1.0,1.0,1.0,,,,1.0,5.0,1.0,,2.0,1.0,,,6.0,3.0,,1.0,1.0,1.0,10.0,1.0,,,10.0,,,,2.0,10,9.0,10,10
2020-11-10,17947,,11,3,9999.0,78116T10,RUBY,RUBIUS THERAPEUTICS INC,RUBY,325414.0,Q,A,R,56440,3,9999.0,,,,99.0,999.0,,,,,,,4.73,-0.008386,80924.0,1.0,4.76,382770.52,RUBY,7.0,3.0,,,,1,1.0,1.0,1.0,,,,,,1.0,,,,4.0,,,1.0,1.0,1.0,1.0,,,,1.0,5.0,1.0,,2.0,1.0,,,6.0,3.0,,1.0,1.0,1.0,10.0,1.0,,,10.0,,,,2.0,10,9.0,10,10
2020-11-11,17947,,11,3,9999.0,78116T10,RUBY,RUBIUS THERAPEUTICS INC,RUBY,325414.0,Q,A,R,56440,3,9999.0,,,,99.0,999.0,,,,,,,4.75,0.004228,80924.0,1.0,4.8,384389.0,RUBY,7.0,3.0,,,,1,1.0,1.0,1.0,,,,,,1.0,,,,4.0,,,1.0,1.0,1.0,1.0,,,,1.0,5.0,1.0,,2.0,1.0,,,6.0,3.0,,1.0,1.0,1.0,10.0,1.0,,,10.0,,,,2.0,10,9.0,10,10
2020-11-12,17947,,11,3,9999.0,78116T10,RUBY,RUBIUS THERAPEUTICS INC,RUBY,325414.0,Q,A,R,56440,3,9999.0,,,,99.0,999.0,,,,,,,4.86,0.023158,80924.0,1.0,4.7,393290.64,RUBY,7.0,3.0,,,,1,1.0,1.0,1.0,,,,,,1.0,,,,4.0,,,1.0,1.0,1.0,1.0,,,,1.0,5.0,1.0,,2.0,1.0,,,6.0,3.0,,1.0,1.0,1.0,10.0,1.0,,,10.0,,,,2.0,10,9.0,10,10
2020-11-13,17947,,11,3,9999.0,78116T10,RUBY,RUBIUS THERAPEUTICS INC,RUBY,325414.0,Q,A,R,56440,3,9999.0,,,,99.0,999.0,,,,,,,4.93,0.014403,80924.0,1.0,4.94,398955.32,RUBY,7.0,3.0,,,,1,1.0,1.0,1.0,,,,,,1.0,,,,4.0,,,1.0,1.0,1.0,1.0,,,,1.0,5.0,1.0,,2.0,1.0,,,6.0,3.0,,1.0,1.0,1.0,10.0,1.0,,,10.0,,,,2.0,10,9.0,10,10
2020-11-16,17947,,11,3,9999.0,78116T10,RUBY,RUBIUS THERAPEUTICS INC,RUBY,325414.0,Q,A,R,56440,3,9999.0,,,,99.0,999.0,,,,,,,5.01,0.016227,80924.0,1.0,5.04,405429.24,RUBY,7.0,3.0,,,,1,1.0,1.0,1.0,,,,,,1.0,,,,4.0,,,1.0,1.0,1.0,1.0,,,,1.0,5.0,1.0,,2.0,1.0,,,6.0,3.0,,1.0,1.0,1.0,10.0,1.0,,,10.0,,,,2.0,10,9.0,10,10
2020-11-17,17947,,11,3,9999.0,78116T10,RUBY,RUBIUS THERAPEUTICS INC,RUBY,325414.0,Q,A,R,56440,3,9999.0,,,,99.0,999.0,,,,,,,5.22,0.041916,80924.0,1.0,4.98,422423.28,RUBY,7.0,3.0,,,,1,1.0,1.0,1.0,,,,,,1.0,,,,4.0,,,1.0,1.0,1.0,1.0,,,,1.0,5.0,1.0,,2.0,1.0,,,6.0,3.0,,1.0,1.0,1.0,10.0,1.0,,,10.0,,,,2.0,10,9.0,10,10
2020-11-18,17947,,11,3,9999.0,78116T10,RUBY,RUBIUS THERAPEUTICS INC,RUBY,325414.0,Q,A,R,56440,3,9999.0,,,,99.0,999.0,,,,,,,5.23,0.001916,80924.0,1.0,5.28,423232.52,RUBY,7.0,3.0,,,,1,1.0,1.0,1.0,,,,,,1.0,,,,4.0,,,1.0,1.0,1.0,1.0,,,,1.0,5.0,1.0,,2.0,1.0,,,6.0,3.0,,1.0,1.0,1.0,10.0,1.0,,,10.0,,,,2.0,10,9.0,10,10
2020-11-19,17947,,11,3,9999.0,78116T10,RUBY,RUBIUS THERAPEUTICS INC,RUBY,325414.0,Q,A,R,56440,3,9999.0,,,,99.0,999.0,,,,,,,5.35,0.022945,80924.0,1.0,5.23,432943.4,RUBY,7.0,3.0,,,,1,1.0,1.0,1.0,,,,,,1.0,,,,4.0,,,1.0,1.0,1.0,1.0,,,,1.0,5.0,1.0,,2.0,1.0,,,6.0,3.0,,1.0,1.0,1.0,10.0,1.0,,,10.0,,,,2.0,10,9.0,10,10
2020-11-20,17947,,11,3,9999.0,78116T10,RUBY,RUBIUS THERAPEUTICS INC,RUBY,325414.0,Q,A,R,56440,3,9999.0,,,,99.0,999.0,,,,,,,5.56,0.039252,80924.0,1.0,5.37,449937.44,RUBY,7.0,3.0,,,,1,1.0,1.0,1.0,,,,,,1.0,,,,4.0,,,1.0,1.0,1.0,1.0,,,,1.0,5.0,1.0,,2.0,1.0,,,6.0,3.0,,1.0,1.0,1.0,10.0,1.0,,,10.0,,,,2.0,10,9.0,10,10
2020-11-23,17947,,11,3,9999.0,78116T10,RUBY,RUBIUS THERAPEUTICS INC,RUBY,325414.0,Q,A,R,56440,3,9999.0,,,,99.0,999.0,,,,,,,5.92,0.064748,80924.0,1.0,5.6,479070.08,RUBY,7.0,3.0,,,,1,1.0,1.0,1.0,,,,,,1.0,,,,4.0,,,1.0,1.0,1.0,1.0,,,,1.0,5.0,1.0,,2.0,1.0,,,6.0,3.0,,1.0,1.0,1.0,10.0,1.0,,,10.0,,,,2.0,10,9.0,10,10
2020-11-24,17947,,11,3,9999.0,78116T10,RUBY,RUBIUS THERAPEUTICS INC,RUBY,325414.0,Q,A,R,56440,3,9999.0,,,,99.0,999.0,,,,,,,6.42,0.084459,80924.0,1.0,5.99,519532.08,RUBY,7.0,3.0,,,,1,1.0,1.0,1.0,,,,,,1.0,,,,4.0,,,1.0,1.0,1.0,1.0,,,,1.0,5.0,1.0,,2.0,1.0,,,6.0,3.0,,1.0,1.0,1.0,10.0,1.0,,,10.0,,,,2.0,10,9.0,10,10
2020-11-25,17947,,11,3,9999.0,78116T10,RUBY,RUBIUS THERAPEUTICS INC,RUBY,325414.0,Q,A,R,56440,3,9999.0,,,,99.0,999.0,,,,,,,6.54,0.018692,80924.0,1.0,6.44,529242.96,RUBY,7.0,3.0,,,,1,1.0,1.0,1.0,,,,,,1.0,,,,4.0,,,1.0,1.0,1.0,1.0,,,,1.0,5.0,1.0,,2.0,1.0,,,6.0,3.0,,1.0,1.0,1.0,10.0,1.0,,,10.0,,,,2.0,10,9.0,10,10
2020-11-27,17947,,11,3,9999.0,78116T10,RUBY,RUBIUS THERAPEUTICS INC,RUBY,325414.0,Q,A,R,56440,3,9999.0,,,,99.0,999.0,,,,,,,6.85,0.047401,80924.0,1.0,6.61,554329.4,RUBY,7.0,3.0,,,,1,1.0,1.0,1.0,,,,,,1.0,,,,4.0,,,1.0,1.0,1.0,1.0,,,,1.0,5.0,1.0,,2.0,1.0,,,6.0,3.0,,1.0,1.0,1.0,10.0,1.0,,,10.0,,,,2.0,10,9.0,10,10
2020-11-30,17947,,11,3,9999.0,78116T10,RUBY,RUBIUS THERAPEUTICS INC,RUBY,325414.0,Q,A,R,56440,3,9999.0,,,,99.0,999.0,,,,,,,6.27,-0.084672,80924.0,1.0,6.91,507393.48,RUBY,7.0,3.0,,,,1,1.0,1.0,1.0,,,,,,1.0,,,,4.0,,,1.0,1.0,1.0,1.0,,,,1.0,5.0,1.0,,2.0,1.0,,,6.0,3.0,,1.0,1.0,1.0,10.0,1.0,,,10.0,,,,2.0,10,9.0,10,10
2020-12-01,17947,,11,3,9999.0,78116T10,RUBY,RUBIUS THERAPEUTICS INC,RUBY,325414.0,Q,A,R,56440,3,9999.0,,,,99.0,999.0,,,,,,,6.56,0.046252,80924.0,1.0,6.25,530861.44,RUBY,7.0,3.0,,,,1,1.0,1.0,1.0,,,,,,1.0,,,,4.0,,,1.0,1.0,1.0,1.0,,,,1.0,5.0,1.0,,2.0,1.0,,,6.0,3.0,,1.0,1.0,1.0,10.0,1.0,,,10.0,,,,2.0,10,9.0,10,10
2020-12-02,17947,,11,3,9999.0,78116T10,RUBY,RUBIUS THERAPEUTICS INC,RUBY,325414.0,Q,A,R,56440,3,9999.0,,,,99.0,999.0,,,,,,,6.54,-0.003049,80924.0,1.0,6.54,529242.96,RUBY,7.0,3.0,,,,1,1.0,1.0,1.0,,,,,,1.0,,,,4.0,,,1.0,1.0,1.0,1.0,,,,1.0,5.0,1.0,,2.0,1.0,,,6.0,3.0,,1.0,1.0,1.0,10.0,1.0,,,10.0,,,,2.0,10,9.0,10,10
2020-12-03,17947,,11,3,9999.0,78116T10,RUBY,RUBIUS THERAPEUTICS INC,RUBY,325414.0,Q,A,R,56440,3,9999.0,,,,99.0,999.0,,,,,,,6.79,0.038226,80924.0,1.0,6.59,549473.96,RUBY,7.0,3.0,,,,1,1.0,1.0,1.0,,,,,,1.0,,,,4.0,,,1.0,1.0,1.0,1.0,,,,1.0,5.0,1.0,,2.0,1.0,,,6.0,3.0,,1.0,1.0,1.0,10.0,1.0,,,10.0,,,,2.0,10,9.0,10,10
2020-12-04,17947,,11,3,9999.0,78116T10,RUBY,RUBIUS THERAPEUTICS INC,RUBY,325414.0,Q,A,R,56440,3,9999.0,,,,99.0,999.0,,,,,,,7.01,0.032401,80924.0,1.0,6.82,567277.24,RUBY,7.0,3.0,,,,1,1.0,1.0,1.0,,,,,,1.0,,,,4.0,,,1.0,1.0,1.0,1.0,,,,1.0,5.0,1.0,,2.0,1.0,,,6.0,3.0,,1.0,1.0,1.0,10.0,1.0,,,10.0,,,,2.0,10,9.0,10,10
2020-12-07,17947,,11,3,9999.0,78116T10,RUBY,RUBIUS THERAPEUTICS INC,RUBY,325414.0,Q,A,R,56440,3,9999.0,,,,99.0,999.0,,,,,,,7.55,0.077033,80924.0,1.0,7.13,610976.2,RUBY,7.0,3.0,,,,1,1.0,1.0,1.0,,,,,,1.0,,,,4.0,,,1.0,1.0,1.0,1.0,,,,1.0,5.0,1.0,,2.0,1.0,,,6.0,3.0,,1.0,1.0,1.0,10.0,1.0,,,10.0,,,,2.0,10,9.0,10,10
2020-12-08,17947,,11,3,9999.0,78116T10,RUBY,RUBIUS THERAPEUTICS INC,RUBY,325414.0,Q,A,R,56440,3,9999.0,,,,99.0,999.0,,,,,,,7.99,0.058278,80924.0,1.0,7.55,646582.76,RUBY,7.0,3.0,,,,1,1.0,1.0,1.0,,,,,,1.0,,,,4.0,,,1.0,1.0,1.0,1.0,,,,1.0,5.0,1.0,,2.0,1.0,,,6.0,3.0,,1.0,1.0,1.0,10.0,1.0,,,10.0,,,,2.0,10,9.0,10,10
2020-12-09,17947,,11,3,9999.0,78116T10,RUBY,RUBIUS THERAPEUTICS INC,RUBY,325414.0,Q,A,R,56440,3,9999.0,,,,99.0,999.0,,,,,,,7.71,-0.035044,80924.0,1.0,8.12,623924.04,RUBY,7.0,3.0,,,,1,1.0,1.0,1.0,,,,,,1.0,,,,4.0,,,1.0,1.0,1.0,1.0,,,,1.0,5.0,1.0,,2.0,1.0,,,6.0,3.0,,1.0,1.0,1.0,10.0,1.0,,,10.0,,,,2.0,10,9.0,10,10
2020-12-10,17947,,11,3,9999.0,78116T10,RUBY,RUBIUS THERAPEUTICS INC,RUBY,325414.0,Q,A,R,56440,3,9999.0,,,,99.0,999.0,,,,,,,7.69,-0.002594,80924.0,1.0,7.56,622305.56,RUBY,7.0,3.0,,,,1,1.0,1.0,1.0,,,,,,1.0,,,,4.0,,,1.0,1.0,1.0,1.0,,,,1.0,5.0,1.0,,2.0,1.0,,,6.0,3.0,,1.0,1.0,1.0,10.0,1.0,,,10.0,,,,2.0,10,9.0,10,10
2020-12-11,17947,,11,3,9999.0,78116T10,RUBY,RUBIUS THERAPEUTICS INC,RUBY,325414.0,Q,A,R,56440,3,9999.0,,,,99.0,999.0,,,,,,,6.39,-0.169051,80924.0,1.0,7.67,517104.36,RUBY,7.0,3.0,,,,1,1.0,1.0,1.0,,,,,,1.0,,,,4.0,,,1.0,1.0,1.0,1.0,,,,1.0,5.0,1.0,,2.0,1.0,,,6.0,3.0,,1.0,1.0,1.0,10.0,1.0,,,10.0,,,,2.0,10,9.0,10,10
2020-12-14,17947,,11,3,9999.0,78116T10,RUBY,RUBIUS THERAPEUTICS INC,RUBY,325414.0,Q,A,R,56440,3,9999.0,,,,99.0,999.0,,,,,,,8.73,0.366197,80924.0,1.0,6.44,706466.52,RUBY,7.0,3.0,,,,1,1.0,1.0,1.0,,,,,,1.0,,,,4.0,,,1.0,1.0,1.0,1.0,,,,1.0,5.0,1.0,,2.0,1.0,,,6.0,3.0,,1.0,1.0,1.0,10.0,1.0,,,10.0,,,,2.0,10,9.0,10,10
2020-12-15,17947,,11,3,9999.0,78116T10,RUBY,RUBIUS THERAPEUTICS INC,RUBY,325414.0,Q,A,R,56440,3,9999.0,,,,99.0,999.0,,,,,,,7.78,-0.10882,80924.0,1.0,8.064,629588.72,RUBY,7.0,3.0,,,,1,1.0,1.0,1.0,,,,,,1.0,,,,4.0,,,1.0,1.0,1.0,1.0,,,,1.0,5.0,1.0,,2.0,1.0,,,6.0,3.0,,1.0,1.0,1.0,10.0,1.0,,,10.0,,,,2.0,10,9.0,10,10
2020-12-16,17947,,11,3,9999.0,78116T10,RUBY,RUBIUS THERAPEUTICS INC,RUBY,325414.0,Q,A,R,56440,3,9999.0,,,,99.0,999.0,,,,,,,7.17,-0.078406,80924.0,1.0,7.64,580225.08,RUBY,7.0,3.0,,,,1,1.0,1.0,1.0,,,,,,1.0,,,,4.0,,,1.0,1.0,1.0,1.0,,,,1.0,5.0,1.0,,2.0,1.0,,,6.0,3.0,,1.0,1.0,1.0,10.0,1.0,,,10.0,,,,2.0,10,9.0,10,10
2020-12-17,17947,,11,3,9999.0,78116T10,RUBY,RUBIUS THERAPEUTICS INC,RUBY,325414.0,Q,A,R,56440,3,9999.0,,,,99.0,999.0,,,,,,,7.34,0.02371,80924.0,1.0,7.05,593982.16,RUBY,7.0,3.0,,,,1,1.0,1.0,1.0,,,,,,1.0,,,,4.0,,,1.0,1.0,1.0,1.0,,,,1.0,5.0,1.0,,2.0,1.0,,,6.0,3.0,,1.0,1.0,1.0,10.0,1.0,,,10.0,,,,2.0,10,9.0,10,10
2020-12-18,17947,,11,3,9999.0,78116T10,RUBY,RUBIUS THERAPEUTICS INC,RUBY,325414.0,Q,A,R,56440,3,9999.0,,,,99.0,999.0,,,,,,,7.49,0.020436,80924.0,1.0,7.32,606120.76,RUBY,7.0,3.0,,,,1,1.0,1.0,1.0,,,,,,1.0,,,,4.0,,,1.0,1.0,1.0,1.0,,,,1.0,5.0,1.0,,2.0,1.0,,,6.0,3.0,,1.0,1.0,1.0,10.0,1.0,,,10.0,,,,2.0,10,9.0,10,10
2020-12-21,17947,,11,3,9999.0,78116T10,RUBY,RUBIUS THERAPEUTICS INC,RUBY,325414.0,Q,A,R,56440,3,9999.0,,,,99.0,999.0,,,,,,,7.61,0.016021,80924.0,1.0,7.39,615831.64,RUBY,7.0,3.0,,,,1,1.0,1.0,1.0,,,,,,1.0,,,,4.0,,,1.0,1.0,1.0,1.0,,,,1.0,5.0,1.0,,2.0,1.0,,,6.0,3.0,,1.0,1.0,1.0,10.0,1.0,,,10.0,,,,2.0,10,9.0,10,10
2020-12-22,17947,,11,3,9999.0,78116T10,RUBY,RUBIUS THERAPEUTICS INC,RUBY,325414.0,Q,A,R,56440,3,9999.0,,,,99.0,999.0,,,,,,,7.54,-0.009198,80924.0,1.0,7.52,610166.96,RUBY,7.0,3.0,,,,1,1.0,1.0,1.0,,,,,,1.0,,,,4.0,,,1.0,1.0,1.0,1.0,,,,1.0,5.0,1.0,,2.0,1.0,,,6.0,3.0,,1.0,1.0,1.0,10.0,1.0,,,10.0,,,,2.0,10,9.0,10,10
2020-12-23,17947,,11,3,9999.0,78116T10,RUBY,RUBIUS THERAPEUTICS INC,RUBY,325414.0,Q,A,R,56440,3,9999.0,,,,99.0,999.0,,,,,,,8.0,0.061008,80924.0,1.0,7.5,647392.0,RUBY,7.0,3.0,,,,1,1.0,1.0,1.0,,,,,,1.0,,,,4.0,,,1.0,1.0,1.0,1.0,,,,1.0,5.0,1.0,,2.0,1.0,,,6.0,3.0,,1.0,1.0,1.0,10.0,1.0,,,10.0,,,,2.0,10,9.0,10,10
2020-12-24,17947,,11,3,9999.0,78116T10,RUBY,RUBIUS THERAPEUTICS INC,RUBY,325414.0,Q,A,R,56440,3,9999.0,,,,99.0,999.0,,,,,,,8.04,0.005,80924.0,1.0,8.05,650628.96,RUBY,7.0,3.0,,,,1,1.0,1.0,1.0,,,,,,1.0,,,,4.0,,,1.0,1.0,1.0,1.0,,,,1.0,5.0,1.0,,2.0,1.0,,,6.0,3.0,,1.0,1.0,1.0,10.0,1.0,,,10.0,,,,2.0,10,9.0,10,10
2020-12-28,17947,,11,3,9999.0,78116T10,RUBY,RUBIUS THERAPEUTICS INC,RUBY,325414.0,Q,A,R,56440,3,9999.0,,,,99.0,999.0,,,,,,,7.66,-0.047264,80924.0,1.0,8.14,619877.84,RUBY,7.0,3.0,,,,1,1.0,1.0,1.0,,,,,,1.0,,,,4.0,,,1.0,1.0,1.0,1.0,,,,1.0,5.0,1.0,,2.0,1.0,,,6.0,3.0,,1.0,1.0,1.0,10.0,1.0,,,10.0,,,,2.0,10,9.0,10,10
2020-12-29,17947,,11,3,9999.0,78116T10,RUBY,RUBIUS THERAPEUTICS INC,RUBY,325414.0,Q,A,R,56440,3,9999.0,,,,99.0,999.0,,,,,,,7.46,-0.02611,80924.0,1.0,7.58,603693.04,RUBY,7.0,3.0,,,,1,1.0,1.0,1.0,,,,,,1.0,,,,4.0,,,1.0,1.0,1.0,1.0,,,,1.0,5.0,1.0,,2.0,1.0,,,6.0,3.0,,1.0,1.0,1.0,10.0,1.0,,,10.0,,,,2.0,10,9.0,10,10
2020-12-30,17947,,11,3,9999.0,78116T10,RUBY,RUBIUS THERAPEUTICS INC,RUBY,325414.0,Q,A,R,56440,3,9999.0,,,,99.0,999.0,,,,,,,7.81,0.046917,80924.0,1.0,7.39,632016.44,RUBY,7.0,3.0,,,,1,1.0,1.0,1.0,,,,,,1.0,,,,4.0,,,1.0,1.0,1.0,1.0,,,,1.0,5.0,1.0,,2.0,1.0,,,6.0,3.0,,1.0,1.0,1.0,10.0,1.0,,,10.0,,,,2.0,10,9.0,10,10
2020-12-31,17947,,11,3,9999.0,78116T10,RUBY,RUBIUS THERAPEUTICS INC,RUBY,325414.0,Q,A,R,56440,3,9999.0,,100.0,,99.0,999.0,,,,,0.0,0.0,7.59,-0.028169,80924.0,1.0,7.89,614213.16,RUBY,7.0,3.0,,,,1,1.0,1.0,1.0,,,,,,1.0,,,,4.0,,,1.0,1.0,1.0,1.0,,,,1.0,5.0,1.0,,2.0,1.0,,,6.0,3.0,,1.0,1.0,1.0,10.0,1.0,,,10.0,,,,2.0,10,9.0,10,10
