,PERMNO,NAMEENDT,SHRCD,EXCHCD,SICCD,NCUSIP,TICKER,COMNAM,TSYMBOL,NAICS,PRIMEXCH,TRDSTAT,SECSTAT,PERMCO,HEXCD,HSICCD,CUSIP,DLSTCD,NEXTDT,HSICMG,HSICIG,DISTCD,DIVAMT,FACPR,ACPERM,NWPERM,DLPRC,PRC,RET,SHROUT,CFACPR,OPENPRC,MARKETCAP,TAQ_TICKER,pNYSE_size,pNYSE_value,pNYSE_prof,pNYSE_dur,pNYSE_valprof,pNYSE_fscore,pNYSE_debtiss,pNYSE_repurch,pNYSE_nissa,pNYSE_accruals,pNYSE_growth,pNYSE_aturnover,pNYSE_gmargins,pNYSE_divp,pNYSE_ep,pNYSE_cfp,pNYSE_noa,pNYSE_inv,pNYSE_invcap,pNYSE_igrowth,pNYSE_sgrowth,pNYSE_lev,pNYSE_roaa,pNYSE_roea,pNYSE_sp,pNYSE_gltnoa,pNYSE_divg,pNYSE_invaci,pNYSE_mom,pNYSE_indmom,pNYSE_valmom,pNYSE_valmomprof,pNYSE_shortint,pNYSE_mom12,pNYSE_momrev,pNYSE_lrrev,pNYSE_valuem,pNYSE_nissm,pNYSE_sue,pNYSE_roe,pNYSE_rome,pNYSE_roa,pNYSE_strev,pNYSE_ivol,pNYSE_betaarb,pNYSE_season,pNYSE_indrrev,pNYSE_indrrevlv,pNYSE_indmomrev,pNYSE_ciss,pNYSE_price,pNYSE_age,pNYSE_shvol,pNYSE_exchsw,pNYSE_ipo
2006-05-03,91231,20060629.0,11,2,5075.0,48268R10,KSW,K S W INC,KSW,421730.0,A,A,R,50698,3,5070.0,,,,50.0,507.0,,,,,,,5.55,,5685.0,1.05,5.6,31551.75,KSW,,,,,,1,,,,,,,,,,,,,,,,,,,,,,,,6.0,,,,,,,,,,,,,,,,,,,,,,10,,10,1
2006-05-04,91231,,11,2,5075.0,48268R10,KSW,K S W INC,KSW,421730.0,A,A,R,50698,3,5070.0,,,,50.0,507.0,,,,,,,5.92,0.066667,5685.0,1.05,5.67,33655.2,KSW,,,,,,1,,,,,,,,,,,,,,,,,,,,,,,,6.0,,,,,,,,,,,,,,,,,,,,,,10,,10,1
2006-05-05,91231,,11,2,5075.0,48268R10,KSW,K S W INC,KSW,421730.0,A,A,R,50698,3,5070.0,,,,50.0,507.0,,,,,,,5.19,-0.123311,5685.0,1.05,5.5,29505.15,KSW,,,,,,1,,,,,,,,,,,,,,,,,,,,,,,,6.0,,,,,,,,,,,,,,,,,,,,,,10,,10,1
2006-05-08,91231,,11,2,5075.0,48268R10,KSW,K S W INC,KSW,421730.0,A,A,R,50698,3,5070.0,,,,50.0,507.0,,,,,,,5.07,-0.023121,5685.0,1.05,5.4,28822.95,KSW,,,,,,1,,,,,,,,,,,,,,,,,,,,,,,,6.0,,,,,,,,,,,,,,,,,,,,,,10,,10,1
2006-05-09,91231,,11,2,5075.0,48268R10,KSW,K S W INC,KSW,421730.0,A,A,R,50698,3,5070.0,,,,50.0,507.0,,,,,,,5.0,-0.013807,5685.0,1.05,5.07,28425.0,KSW,,,,,,1,,,,,,,,,,,,,,,,,,,,,,,,6.0,,,,,,,,,,,,,,,,,,,,,,10,,10,1
2006-05-10,91231,,11,2,5075.0,48268R10,KSW,K S W INC,KSW,421730.0,A,A,R,50698,3,5070.0,,,,50.0,507.0,,,,,,,4.82,-0.036,5685.0,1.05,5.0,27401.7,KSW,,,,,,1,,,,,,,,,,,,,,,,,,,,,,,,6.0,,,,,,,,,,,,,,,,,,,,,,10,,10,1
2006-05-11,91231,,11,2,5075.0,48268R10,KSW,K S W INC,KSW,421730.0,A,A,R,50698,3,5070.0,,,,50.0,507.0,,,,,,,4.9,0.016597,5685.0,1.05,4.9,27856.5,KSW,,,,,,1,,,,,,,,,,,,,,,,,,,,,,,,6.0,,,,,,,,,,,,,,,,,,,,,,10,,10,1
2006-05-12,91231,,11,2,5075.0,48268R10,KSW,K S W INC,KSW,421730.0,A,A,R,50698,3,5070.0,,,,50.0,507.0,,,,,,,4.6,-0.061225,5685.0,1.05,4.92,26151.0,KSW,,,,,,1,,,,,,,,,,,,,,,,,,,,,,,,6.0,,,,,,,,,,,,,,,,,,,,,,10,,10,1
2006-05-15,91231,,11,2,5075.0,48268R10,KSW,K S W INC,KSW,421730.0,A,A,R,50698,3,5070.0,,,,50.0,507.0,,,,,,,4.4,-0.043478,5685.0,1.05,4.8,25014.0,KSW,,,,,,1,,,,,,,,,,,,,,,,,,,,,,,,6.0,,,,,,,,,,,,,,,,,,,,,,10,,10,1
2006-05-16,91231,,11,2,5075.0,48268R10,KSW,K S W INC,KSW,421730.0,A,A,R,50698,3,5070.0,,,,50.0,507.0,,,,,,,4.8,0.090909,5685.0,1.05,4.41,27288.0,KSW,,,,,,1,,,,,,,,,,,,,,,,,,,,,,,,6.0,,,,,,,,,,,,,,,,,,,,,,10,,10,1
2006-05-17,91231,,11,2,5075.0,48268R10,KSW,K S W INC,KSW,421730.0,A,A,R,50698,3,5070.0,,,,50.0,507.0,,,,,,,4.71,-0.01875,5685.0,1.05,4.85,26776.35,KSW,,,,,,1,,,,,,,,,,,,,,,,,,,,,,,,6.0,,,,,,,,,,,,,,,,,,,,,,10,,10,1
2006-05-18,91231,,11,2,5075.0,48268R10,KSW,K S W INC,KSW,421730.0,A,A,R,50698,3,5070.0,,,,50.0,507.0,,,,,,,4.75,0.008493,5685.0,1.05,4.77,27003.75,KSW,,,,,,1,,,,,,,,,,,,,,,,,,,,,,,,6.0,,,,,,,,,,,,,,,,,,,,,,10,,10,1
2006-05-19,91231,,11,2,5075.0,48268R10,KSW,K S W INC,KSW,421730.0,A,A,R,50698,3,5070.0,,,,50.0,507.0,,,,,,,4.55,-0.042105,5685.0,1.05,4.74,25866.75,KSW,,,,,,1,,,,,,,,,,,,,,,,,,,,,,,,6.0,,,,,,,,,,,,,,,,,,,,,,10,,10,1
2006-05-22,91231,,11,2,5075.0,48268R10,KSW,K S W INC,KSW,421730.0,A,A,R,50698,3,5070.0,,,,50.0,507.0,1272.0,0.06,0.0,,,,4.6,0.024176,5685.0,1.05,4.54,26151.0,KSW,,,,,,1,,,,,,,,,,,,,,,,,,,,,,,,6.0,,,,,,,,,,,,,,,,,,,,,,10,,10,1
2006-05-23,91231,,11,2,5075.0,48268R10,KSW,K S W INC,KSW,421730.0,A,A,R,50698,3,5070.0,,,,50.0,507.0,,,,,,,4.88,0.06087,5685.0,1.05,4.55,27742.8,KSW,,,,,,1,,,,,,,,,,,,,,,,,,,,,,,,6.0,,,,,,,,,,,,,,,,,,,,,,10,,10,1
2006-05-24,91231,,11,2,5075.0,48268R10,KSW,K S W INC,KSW,421730.0,A,A,R,50698,3,5070.0,,,,50.0,507.0,,,,,,,4.65,-0.047131,5685.0,1.05,4.88,26435.25,KSW,,,,,,1,,,,,,,,,,,,,,,,,,,,,,,,6.0,,,,,,,,,,,,,,,,,,,,,,10,,10,1
2006-05-25,91231,,11,2,5075.0,48268R10,KSW,K S W INC,KSW,421730.0,A,A,R,50698,3,5070.0,,,,50.0,507.0,,,,,,,4.65,0.0,5685.0,1.05,4.55,26435.25,KSW,,,,,,1,,,,,,,,,,,,,,,,,,,,,,,,6.0,,,,,,,,,,,,,,,,,,,,,,10,,10,1
2006-05-26,91231,,11,2,5075.0,48268R10,KSW,K S W INC,KSW,421730.0,A,A,R,50698,3,5070.0,,,,50.0,507.0,,,,,,,4.51,-0.030107,5685.0,1.05,4.6,25639.35,KSW,,,,,,1,,,,,,,,,,,,,,,,,,,,,,,,6.0,,,,,,,,,,,,,,,,,,,,,,10,,10,1
2006-05-30,91231,,11,2,5075.0,48268R10,KSW,K S W INC,KSW,421730.0,A,A,R,50698,3,5070.0,,,,50.0,507.0,,,,,,,4.56,0.011086,5685.0,1.05,4.55,25923.6,KSW,,,,,,1,,,,,,,,,,,,,,,,,,,,,,,,6.0,,,,,,,,,,,,,,,,,,,,,,10,,10,1
2006-05-31,91231,,11,2,5075.0,48268R10,KSW,K S W INC,KSW,421730.0,A,A,R,50698,3,5070.0,,,,50.0,507.0,,,,,,,4.6,0.008772,5685.0,1.05,4.65,26151.0,KSW,,,,,,1,,,,,,,,,,,,,,,,,,,,,,,,6.0,,,,,,,,,,,,,,,,,,,,,,10,,10,1
2006-06-01,91231,,11,2,5075.0,48268R10,KSW,K S W INC,KSW,421730.0,A,A,R,50698,3,5070.0,,,,50.0,507.0,,,,,,,4.41,-0.041304,5685.0,1.05,4.6,25070.85,KSW,,,,,,1,,,,,,,,,,,,,,,,,,,,,,,,7.0,,,,,,,,,,,,,3.0,,,,4.0,3.0,5.0,,1.0,10,,10,1
2006-06-02,91231,,11,2,5075.0,48268R10,KSW,K S W INC,KSW,421730.0,A,A,R,50698,3,5070.0,,,,50.0,507.0,,,,,,,4.45,0.00907,5685.0,1.05,4.5,25298.25,KSW,,,,,,1,,,,,,,,,,,,,,,,,,,,,,,,7.0,,,,,,,,,,,,,3.0,,,,4.0,3.0,5.0,,1.0,10,,10,1
2006-06-05,91231,,11,2,5075.0,48268R10,KSW,K S W INC,KSW,421730.0,A,A,R,50698,3,5070.0,,,,50.0,507.0,,,,,,,4.35,-0.022472,5685.0,1.05,4.4,24729.75,KSW,,,,,,1,,,,,,,,,,,,,,,,,,,,,,,,7.0,,,,,,,,,,,,,3.0,,,,4.0,3.0,5.0,,1.0,10,,10,1
2006-06-06,91231,,11,2,5075.0,48268R10,KSW,K S W INC,KSW,421730.0,A,A,R,50698,3,5070.0,,,,50.0,507.0,,,,,,,4.4,0.011494,5685.0,1.05,4.35,25014.0,KSW,,,,,,1,,,,,,,,,,,,,,,,,,,,,,,,7.0,,,,,,,,,,,,,3.0,,,,4.0,3.0,5.0,,1.0,10,,10,1
2006-06-07,91231,,11,2,5075.0,48268R10,KSW,K S W INC,KSW,421730.0,A,A,R,50698,3,5070.0,,,,50.0,507.0,,,,,,,4.26,-0.031818,5685.0,1.05,4.35,24218.1,KSW,,,,,,1,,,,,,,,,,,,,,,,,,,,,,,,7.0,,,,,,,,,,,,,3.0,,,,4.0,3.0,5.0,,1.0,10,,10,1
2006-06-08,91231,,11,2,5075.0,48268R10,KSW,K S W INC,KSW,421730.0,A,A,R,50698,3,5070.0,,,,50.0,507.0,,,,,,,3.96,-0.070423,5685.0,1.05,4.25,22512.6,KSW,,,,,,1,,,,,,,,,,,,,,,,,,,,,,,,7.0,,,,,,,,,,,,,3.0,,,,4.0,3.0,5.0,,1.0,10,,10,1
2006-06-09,91231,,11,2,5075.0,48268R10,KSW,K S W INC,KSW,421730.0,A,A,R,50698,3,5070.0,,,,50.0,507.0,,,,,,,4.03,0.017677,5685.0,1.05,3.93,22910.55,KSW,,,,,,1,,,,,,,,,,,,,,,,,,,,,,,,7.0,,,,,,,,,,,,,3.0,,,,4.0,3.0,5.0,,1.0,10,,10,1
2006-06-12,91231,,11,2,5075.0,48268R10,KSW,K S W INC,KSW,421730.0,A,A,R,50698,3,5070.0,,,,50.0,507.0,,,,,,,3.8,-0.057072,5685.0,1.05,3.93,21603.0,KSW,,,,,,1,,,,,,,,,,,,,,,,,,,,,,,,7.0,,,,,,,,,,,,,3.0,,,,4.0,3.0,5.0,,1.0,10,,10,1
2006-06-13,91231,,11,2,5075.0,48268R10,KSW,K S W INC,KSW,421730.0,A,A,R,50698,3,5070.0,,,,50.0,507.0,,,,,,,3.55,-0.065789,5685.0,1.05,3.5,20181.75,KSW,,,,,,1,,,,,,,,,,,,,,,,,,,,,,,,7.0,,,,,,,,,,,,,3.0,,,,4.0,3.0,5.0,,1.0,10,,10,1
2006-06-14,91231,,11,2,5075.0,48268R10,KSW,K S W INC,KSW,421730.0,A,A,R,50698,3,5070.0,,,,50.0,507.0,,,,,,,3.73,0.050704,5685.0,1.05,3.5,21205.05,KSW,,,,,,1,,,,,,,,,,,,,,,,,,,,,,,,7.0,,,,,,,,,,,,,3.0,,,,4.0,3.0,5.0,,1.0,10,,10,1
2006-06-15,91231,,11,2,5075.0,48268R10,KSW,K S W INC,KSW,421730.0,A,A,R,50698,3,5070.0,,,,50.0,507.0,,,,,,,3.92,0.050938,5685.0,1.05,3.65,22285.2,KSW,,,,,,1,,,,,,,,,,,,,,,,,,,,,,,,7.0,,,,,,,,,,,,,3.0,,,,4.0,3.0,5.0,,1.0,10,,10,1
2006-06-16,91231,,11,2,5075.0,48268R10,KSW,K S W INC,KSW,421730.0,A,A,R,50698,3,5070.0,,,,50.0,507.0,,,,,,,4.05,0.033163,5685.0,1.05,3.85,23024.25,KSW,,,,,,1,,,,,,,,,,,,,,,,,,,,,,,,7.0,,,,,,,,,,,,,3.0,,,,4.0,3.0,5.0,,1.0,10,,10,1
2006-06-19,91231,,11,2,5075.0,48268R10,KSW,K S W INC,KSW,421730.0,A,A,R,50698,3,5070.0,,,,50.0,507.0,,,,,,,4.0,-0.012346,5685.0,1.05,4.0,22740.0,KSW,,,,,,1,,,,,,,,,,,,,,,,,,,,,,,,7.0,,,,,,,,,,,,,3.0,,,,4.0,3.0,5.0,,1.0,10,,10,1
2006-06-20,91231,,11,2,5075.0,48268R10,KSW,K S W INC,KSW,421730.0,A,A,R,50698,3,5070.0,,,,50.0,507.0,,,,,,,3.9,-0.025,5685.0,1.05,4.0,22171.5,KSW,,,,,,1,,,,,,,,,,,,,,,,,,,,,,,,7.0,,,,,,,,,,,,,3.0,,,,4.0,3.0,5.0,,1.0,10,,10,1
2006-06-21,91231,,11,2,5075.0,48268R10,KSW,K S W INC,KSW,421730.0,A,A,R,50698,3,5070.0,,,,50.0,507.0,,,,,,,3.9,0.0,5685.0,1.05,3.85,22171.5,KSW,,,,,,1,,,,,,,,,,,,,,,,,,,,,,,,7.0,,,,,,,,,,,,,3.0,,,,4.0,3.0,5.0,,1.0,10,,10,1
2006-06-22,91231,,11,2,5075.0,48268R10,KSW,K S W INC,KSW,421730.0,A,A,R,50698,3,5070.0,,,,50.0,507.0,,,,,,,4.0,0.025641,5685.0,1.05,3.91,22740.0,KSW,,,,,,1,,,,,,,,,,,,,,,,,,,,,,,,7.0,,,,,,,,,,,,,3.0,,,,4.0,3.0,5.0,,1.0,10,,10,1
2006-06-23,91231,,11,2,5075.0,48268R10,KSW,K S W INC,KSW,421730.0,A,A,R,50698,3,5070.0,,,,50.0,507.0,,,,,,,3.85,-0.0375,5685.0,1.05,4.0,21887.25,KSW,,,,,,1,,,,,,,,,,,,,,,,,,,,,,,,7.0,,,,,,,,,,,,,3.0,,,,4.0,3.0,5.0,,1.0,10,,10,1
2006-06-26,91231,,11,2,5075.0,48268R10,KSW,K S W INC,KSW,421730.0,A,A,R,50698,3,5070.0,,,,50.0,507.0,,,,,,,3.8,-0.012987,5685.0,1.05,3.75,21603.0,KSW,,,,,,1,,,,,,,,,,,,,,,,,,,,,,,,7.0,,,,,,,,,,,,,3.0,,,,4.0,3.0,5.0,,1.0,10,,10,1
2006-06-27,91231,,11,2,5075.0,48268R10,KSW,K S W INC,KSW,421730.0,A,A,R,50698,3,5070.0,,,,50.0,507.0,,,,,,,3.7,-0.026316,5685.0,1.05,3.76,21034.5,KSW,,,,,,1,,,,,,,,,,,,,,,,,,,,,,,,7.0,,,,,,,,,,,,,3.0,,,,4.0,3.0,5.0,,1.0,10,,10,1
2006-06-28,91231,,11,2,5075.0,48268R10,KSW,K S W INC,KSW,421730.0,A,A,R,50698,3,5070.0,,,,50.0,507.0,,,,,,,3.7,0.0,5685.0,1.05,3.7,21034.5,KSW,,,,,,1,,,,,,,,,,,,,,,,,,,,,,,,7.0,,,,,,,,,,,,,3.0,,,,4.0,3.0,5.0,,1.0,10,,10,1
2006-06-29,91231,,11,2,5075.0,48268R10,KSW,K S W INC,KSW,421730.0,A,A,R,50698,3,5070.0,,,,50.0,507.0,,,,,,,3.97,0.072973,5685.0,1.05,3.74,22569.45,KSW,,,,,,1,,,,,,,,,,,,,,,,,,,,,,,,7.0,,,,,,,,,,,,,3.0,,,,4.0,3.0,5.0,,1.0,10,,10,1
2006-06-30,91231,20071111.0,11,2,4961.0,48268R10,KSW,K S W INC,KSW,221330.0,A,A,R,50698,3,5070.0,,,,50.0,507.0,,,,,,,3.95,-0.005038,5685.0,1.05,3.97,22455.75,KSW,,,,,,1,,,,,,,,,,,,,,,,,,,,,,,,7.0,,,,,,,,,,,,,3.0,,,,4.0,3.0,5.0,,1.0,10,,10,1
2006-07-03,91231,,11,2,4961.0,48268R10,KSW,K S W INC,KSW,221330.0,A,A,R,50698,3,5070.0,,,,50.0,507.0,,,,,,,3.95,0.0,5685.0,1.05,3.98,22455.75,KSW,10.0,,,,,1,10.0,1.0,,,,,,,,,,,,,,,,,,,,,,6.0,,,,,,,10.0,,,2.0,,3.0,10.0,,,,10.0,10.0,10.0,,1.0,10,2.0,10,1
2006-07-05,91231,,11,2,4961.0,48268R10,KSW,K S W INC,KSW,221330.0,A,A,R,50698,3,5070.0,,,,50.0,507.0,,,,,,,3.9,-0.012658,5685.0,1.05,3.98,22171.5,KSW,10.0,,,,,1,10.0,1.0,,,,,,,,,,,,,,,,,,,,,,6.0,,,,,,,10.0,,,2.0,,3.0,10.0,,,,10.0,10.0,10.0,,1.0,10,2.0,10,1
2006-07-06,91231,,11,2,4961.0,48268R10,KSW,K S W INC,KSW,221330.0,A,A,R,50698,3,5070.0,,,,50.0,507.0,,,,,,,3.86,-0.010256,5685.0,1.05,3.9,21944.1,KSW,10.0,,,,,1,10.0,1.0,,,,,,,,,,,,,,,,,,,,,,6.0,,,,,,,10.0,,,2.0,,3.0,10.0,,,,10.0,10.0,10.0,,1.0,10,2.0,10,1
2006-07-07,91231,,11,2,4961.0,48268R10,KSW,K S W INC,KSW,221330.0,A,A,R,50698,3,5070.0,,,,50.0,507.0,,,,,,,3.9575,0.025259,5685.0,1.05,3.91,22498.3875,KSW,10.0,,,,,1,10.0,1.0,,,,,,,,,,,,,,,,,,,,,,6.0,,,,,,,10.0,,,2.0,,3.0,10.0,,,,10.0,10.0,10.0,,1.0,10,2.0,10,1
2006-07-10,91231,,11,2,4961.0,48268R10,KSW,K S W INC,KSW,221330.0,A,A,R,50698,3,5070.0,,,,50.0,507.0,,,,,,,3.9,-0.014529,5685.0,1.05,3.96,22171.5,KSW,10.0,,,,,1,10.0,1.0,,,,,,,,,,,,,,,,,,,,,,6.0,,,,,,,10.0,,,2.0,,3.0,10.0,,,,10.0,10.0,10.0,,1.0,10,2.0,10,1
2006-07-11,91231,,11,2,4961.0,48268R10,KSW,K S W INC,KSW,221330.0,A,A,R,50698,3,5070.0,,,,50.0,507.0,,,,,,,4.13,0.058974,5685.0,1.05,3.95,23479.05,KSW,10.0,,,,,1,10.0,1.0,,,,,,,,,,,,,,,,,,,,,,6.0,,,,,,,10.0,,,2.0,,3.0,10.0,,,,10.0,10.0,10.0,,1.0,10,2.0,10,1
2006-07-12,91231,,11,2,4961.0,48268R10,KSW,K S W INC,KSW,221330.0,A,A,R,50698,3,5070.0,,,,50.0,507.0,,,,,,,4.21,0.01937,5685.0,1.05,4.2,23933.85,KSW,10.0,,,,,1,10.0,1.0,,,,,,,,,,,,,,,,,,,,,,6.0,,,,,,,10.0,,,2.0,,3.0,10.0,,,,10.0,10.0,10.0,,1.0,10,2.0,10,1
2006-07-13,91231,,11,2,4961.0,48268R10,KSW,K S W INC,KSW,221330.0,A,A,R,50698,3,5070.0,,,,50.0,507.0,,,,,,,4.3,0.021378,5685.0,1.05,4.29,24445.5,KSW,10.0,,,,,1,10.0,1.0,,,,,,,,,,,,,,,,,,,,,,6.0,,,,,,,10.0,,,2.0,,3.0,10.0,,,,10.0,10.0,10.0,,1.0,10,2.0,10,1
2006-07-14,91231,,11,2,4961.0,48268R10,KSW,K S W INC,KSW,221330.0,A,A,R,50698,3,5070.0,,,,50.0,507.0,,,,,,,4.4,0.023256,5685.0,1.05,4.34,25014.0,KSW,10.0,,,,,1,10.0,1.0,,,,,,,,,,,,,,,,,,,,,,6.0,,,,,,,10.0,,,2.0,,3.0,10.0,,,,10.0,10.0,10.0,,1.0,10,2.0,10,1
2006-07-17,91231,,11,2,4961.0,48268R10,KSW,K S W INC,KSW,221330.0,A,A,R,50698,3,5070.0,,,,50.0,507.0,,,,,,,4.26,-0.031818,5685.0,1.05,4.43,24218.1,KSW,10.0,,,,,1,10.0,1.0,,,,,,,,,,,,,,,,,,,,,,6.0,,,,,,,10.0,,,2.0,,3.0,10.0,,,,10.0,10.0,10.0,,1.0,10,2.0,10,1
2006-07-18,91231,,11,2,4961.0,48268R10,KSW,K S W INC,KSW,221330.0,A,A,R,50698,3,5070.0,,,,50.0,507.0,,,,,,,4.32,0.014084,5685.0,1.05,4.36,24559.2,KSW,10.0,,,,,1,10.0,1.0,,,,,,,,,,,,,,,,,,,,,,6.0,,,,,,,10.0,,,2.0,,3.0,10.0,,,,10.0,10.0,10.0,,1.0,10,2.0,10,1
2006-07-19,91231,,11,2,4961.0,48268R10,KSW,K S W INC,KSW,221330.0,A,A,R,50698,3,5070.0,,,,50.0,507.0,,,,,,,4.09,-0.053241,5685.0,1.05,4.32,23251.65,KSW,10.0,,,,,1,10.0,1.0,,,,,,,,,,,,,,,,,,,,,,6.0,,,,,,,10.0,,,2.0,,3.0,10.0,,,,10.0,10.0,10.0,,1.0,10,2.0,10,1
2006-07-20,91231,,11,2,4961.0,48268R10,KSW,K S W INC,KSW,221330.0,A,A,R,50698,3,5070.0,,,,50.0,507.0,,,,,,,4.12,0.007335,5685.0,1.05,4.19,23422.2,KSW,10.0,,,,,1,10.0,1.0,,,,,,,,,,,,,,,,,,,,,,6.0,,,,,,,10.0,,,2.0,,3.0,10.0,,,,10.0,10.0,10.0,,1.0,10,2.0,10,1
2006-07-21,91231,,11,2,4961.0,48268R10,KSW,K S W INC,KSW,221330.0,A,A,R,50698,3,5070.0,,,,50.0,507.0,,,,,,,4.17,0.012136,5685.0,1.05,4.11,23706.45,KSW,10.0,,,,,1,10.0,1.0,,,,,,,,,,,,,,,,,,,,,,6.0,,,,,,,10.0,,,2.0,,3.0,10.0,,,,10.0,10.0,10.0,,1.0,10,2.0,10,1
2006-07-24,91231,,11,2,4961.0,48268R10,KSW,K S W INC,KSW,221330.0,A,A,R,50698,3,5070.0,,,,50.0,507.0,,,,,,,4.17,0.0,5685.0,1.05,4.27,23706.45,KSW,10.0,,,,,1,10.0,1.0,,,,,,,,,,,,,,,,,,,,,,6.0,,,,,,,10.0,,,2.0,,3.0,10.0,,,,10.0,10.0,10.0,,1.0,10,2.0,10,1
2006-07-25,91231,,11,2,4961.0,48268R10,KSW,K S W INC,KSW,221330.0,A,A,R,50698,3,5070.0,,,,50.0,507.0,,,,,,,4.2,0.007194,5685.0,1.05,4.19,23877.0,KSW,10.0,,,,,1,10.0,1.0,,,,,,,,,,,,,,,,,,,,,,6.0,,,,,,,10.0,,,2.0,,3.0,10.0,,,,10.0,10.0,10.0,,1.0,10,2.0,10,1
2006-07-26,91231,,11,2,4961.0,48268R10,KSW,K S W INC,KSW,221330.0,A,A,R,50698,3,5070.0,,,,50.0,507.0,,,,,,,4.25,0.011905,5685.0,1.05,4.2,24161.25,KSW,10.0,,,,,1,10.0,1.0,,,,,,,,,,,,,,,,,,,,,,6.0,,,,,,,10.0,,,2.0,,3.0,10.0,,,,10.0,10.0,10.0,,1.0,10,2.0,10,1
2006-07-27,91231,,11,2,4961.0,48268R10,KSW,K S W INC,KSW,221330.0,A,A,R,50698,3,5070.0,,,,50.0,507.0,,,,,,,4.25,0.0,5685.0,1.05,4.2,24161.25,KSW,10.0,,,,,1,10.0,1.0,,,,,,,,,,,,,,,,,,,,,,6.0,,,,,,,10.0,,,2.0,,3.0,10.0,,,,10.0,10.0,10.0,,1.0,10,2.0,10,1
2006-07-28,91231,,11,2,4961.0,48268R10,KSW,K S W INC,KSW,221330.0,A,A,R,50698,3,5070.0,,,,50.0,507.0,,,,,,,4.16,-0.021177,5685.0,1.05,4.2,23649.6,KSW,10.0,,,,,1,10.0,1.0,,,,,,,,,,,,,,,,,,,,,,6.0,,,,,,,10.0,,,2.0,,3.0,10.0,,,,10.0,10.0,10.0,,1.0,10,2.0,10,1
2006-07-31,91231,,11,2,4961.0,48268R10,KSW,K S W INC,KSW,221330.0,A,A,R,50698,3,5070.0,,,,50.0,507.0,,,,,,,4.29,0.03125,5685.0,1.05,4.16,24388.65,KSW,10.0,,,,,1,10.0,1.0,,,,,,,,,,,,,,,,,,,,,,6.0,,,,,,,10.0,,,2.0,,3.0,10.0,,,,10.0,10.0,10.0,,1.0,10,2.0,10,1
2006-08-01,91231,,11,2,4961.0,48268R10,KSW,K S W INC,KSW,221330.0,A,A,R,50698,3,5070.0,,,,50.0,507.0,,,,,,,4.19,-0.02331,5685.0,1.05,4.35,23820.15,KSW,10.0,,,,,1,10.0,1.0,,,,,,,,,,,,,,,,,,,,,,4.0,,,,,,,,,,,,,1.0,,,,1.0,1.0,1.0,,1.0,10,3.0,10,1
2006-08-02,91231,,11,2,4961.0,48268R10,KSW,K S W INC,KSW,221330.0,A,A,R,50698,3,5070.0,,,,50.0,507.0,,,,,,,4.13,-0.01432,5685.0,1.05,4.25,23479.05,KSW,10.0,,,,,1,10.0,1.0,,,,,,,,,,,,,,,,,,,,,,4.0,,,,,,,,,,,,,1.0,,,,1.0,1.0,1.0,,1.0,10,3.0,10,1
2006-08-03,91231,,11,2,4961.0,48268R10,KSW,K S W INC,KSW,221330.0,A,A,R,50698,3,5070.0,,,,50.0,507.0,,,,,,,4.3,0.041162,5685.0,1.05,4.35,24445.5,KSW,10.0,,,,,1,10.0,1.0,,,,,,,,,,,,,,,,,,,,,,4.0,,,,,,,,,,,,,1.0,,,,1.0,1.0,1.0,,1.0,10,3.0,10,1
2006-08-04,91231,,11,2,4961.0,48268R10,KSW,K S W INC,KSW,221330.0,A,A,R,50698,3,5070.0,,,,50.0,507.0,,,,,,,4.1555,-0.033605,5685.0,1.05,4.37,23624.0175,KSW,10.0,,,,,1,10.0,1.0,,,,,,,,,,,,,,,,,,,,,,4.0,,,,,,,,,,,,,1.0,,,,1.0,1.0,1.0,,1.0,10,3.0,10,1
2006-08-07,91231,,11,2,4961.0,48268R10,KSW,K S W INC,KSW,221330.0,A,A,R,50698,3,5070.0,,,,50.0,507.0,,,,,,,4.13,-0.006136,5685.0,1.05,4.16,23479.05,KSW,10.0,,,,,1,10.0,1.0,,,,,,,,,,,,,,,,,,,,,,4.0,,,,,,,,,,,,,1.0,,,,1.0,1.0,1.0,,1.0,10,3.0,10,1
2006-08-08,91231,,11,2,4961.0,48268R10,KSW,K S W INC,KSW,221330.0,A,A,R,50698,3,5070.0,,,,50.0,507.0,,,,,,,4.0,-0.031477,5685.0,1.05,4.09,22740.0,KSW,10.0,,,,,1,10.0,1.0,,,,,,,,,,,,,,,,,,,,,,4.0,,,,,,,,,,,,,1.0,,,,1.0,1.0,1.0,,1.0,10,3.0,10,1
2006-08-09,91231,,11,2,4961.0,48268R10,KSW,K S W INC,KSW,221330.0,A,A,R,50698,3,5070.0,,,,50.0,507.0,,,,,,,3.95,-0.0125,5685.0,1.05,4.0101,22455.75,KSW,10.0,,,,,1,10.0,1.0,,,,,,,,,,,,,,,,,,,,,,4.0,,,,,,,,,,,,,1.0,,,,1.0,1.0,1.0,,1.0,10,3.0,10,1
2006-08-10,91231,,11,2,4961.0,48268R10,KSW,K S W INC,KSW,221330.0,A,A,R,50698,3,5070.0,,,,50.0,507.0,,,,,,,4.0,0.012658,5685.0,1.05,3.9,22740.0,KSW,10.0,,,,,1,10.0,1.0,,,,,,,,,,,,,,,,,,,,,,4.0,,,,,,,,,,,,,1.0,,,,1.0,1.0,1.0,,1.0,10,3.0,10,1
2006-08-11,91231,,11,2,4961.0,48268R10,KSW,K S W INC,KSW,221330.0,A,A,R,50698,3,5070.0,,,,50.0,507.0,,,,,,,4.02,0.005,5685.0,1.05,4.1,22853.7,KSW,10.0,,,,,1,10.0,1.0,,,,,,,,,,,,,,,,,,,,,,4.0,,,,,,,,,,,,,1.0,,,,1.0,1.0,1.0,,1.0,10,3.0,10,1
2006-08-14,91231,,11,2,4961.0,48268R10,KSW,K S W INC,KSW,221330.0,A,A,R,50698,3,5070.0,,,,50.0,507.0,,,,,,,3.92,-0.024876,5685.0,1.05,4.02,22285.2,KSW,10.0,,,,,1,10.0,1.0,,,,,,,,,,,,,,,,,,,,,,4.0,,,,,,,,,,,,,1.0,,,,1.0,1.0,1.0,,1.0,10,3.0,10,1
2006-08-15,91231,,11,2,4961.0,48268R10,KSW,K S W INC,KSW,221330.0,A,A,R,50698,3,5070.0,,,,50.0,507.0,,,,,,,4.0,0.020408,5685.0,1.05,4.0,22740.0,KSW,10.0,,,,,1,10.0,1.0,,,,,,,,,,,,,,,,,,,,,,4.0,,,,,,,,,,,,,1.0,,,,1.0,1.0,1.0,,1.0,10,3.0,10,1
2006-08-16,91231,,11,2,4961.0,48268R10,KSW,K S W INC,KSW,221330.0,A,A,R,50698,3,5070.0,,,,50.0,507.0,,,,,,,4.03,0.0075,5685.0,1.05,4.0,22910.55,KSW,10.0,,,,,1,10.0,1.0,,,,,,,,,,,,,,,,,,,,,,4.0,,,,,,,,,,,,,1.0,,,,1.0,1.0,1.0,,1.0,10,3.0,10,1
2006-08-17,91231,,11,2,4961.0,48268R10,KSW,K S W INC,KSW,221330.0,A,A,R,50698,3,5070.0,,,,50.0,507.0,,,,,,,3.97,-0.014888,5685.0,1.05,4.01,22569.45,KSW,10.0,,,,,1,10.0,1.0,,,,,,,,,,,,,,,,,,,,,,4.0,,,,,,,,,,,,,1.0,,,,1.0,1.0,1.0,,1.0,10,3.0,10,1
2006-08-18,91231,,11,2,4961.0,48268R10,KSW,K S W INC,KSW,221330.0,A,A,R,50698,3,5070.0,,,,50.0,507.0,,,,,,,3.91,-0.015113,5685.0,1.05,4.0,22228.35,KSW,10.0,,,,,1,10.0,1.0,,,,,,,,,,,,,,,,,,,,,,4.0,,,,,,,,,,,,,1.0,,,,1.0,1.0,1.0,,1.0,10,3.0,10,1
2006-08-21,91231,,11,2,4961.0,48268R10,KSW,K S W INC,KSW,221330.0,A,A,R,50698,3,5070.0,,,,50.0,507.0,,,,,,,3.91,0.0,5685.0,1.05,3.91,22228.35,KSW,10.0,,,,,1,10.0,1.0,,,,,,,,,,,,,,,,,,,,,,4.0,,,,,,,,,,,,,1.0,,,,1.0,1.0,1.0,,1.0,10,3.0,10,1
2006-08-22,91231,,11,2,4961.0,48268R10,KSW,K S W INC,KSW,221330.0,A,A,R,50698,3,5070.0,,,,50.0,507.0,,,,,,,3.85,-0.015345,5685.0,1.05,3.82,21887.25,KSW,10.0,,,,,1,10.0,1.0,,,,,,,,,,,,,,,,,,,,,,4.0,,,,,,,,,,,,,1.0,,,,1.0,1.0,1.0,,1.0,10,3.0,10,1
2006-08-23,91231,,11,2,4961.0,48268R10,KSW,K S W INC,KSW,221330.0,A,A,R,50698,3,5070.0,,,,50.0,507.0,,,,,,,3.8,-0.012987,5685.0,1.05,3.8,21603.0,KSW,10.0,,,,,1,10.0,1.0,,,,,,,,,,,,,,,,,,,,,,4.0,,,,,,,,,,,,,1.0,,,,1.0,1.0,1.0,,1.0,10,3.0,10,1
2006-08-24,91231,,11,2,4961.0,48268R10,KSW,K S W INC,KSW,221330.0,A,A,R,50698,3,5070.0,,,,50.0,507.0,,,,,,,3.71,-0.023684,5685.0,1.05,3.77,21091.35,KSW,10.0,,,,,1,10.0,1.0,,,,,,,,,,,,,,,,,,,,,,4.0,,,,,,,,,,,,,1.0,,,,1.0,1.0,1.0,,1.0,10,3.0,10,1
2006-08-25,91231,,11,2,4961.0,48268R10,KSW,K S W INC,KSW,221330.0,A,A,R,50698,3,5070.0,,,,50.0,507.0,,,,,,,3.84,0.03504,5685.0,1.05,3.75,21830.4,KSW,10.0,,,,,1,10.0,1.0,,,,,,,,,,,,,,,,,,,,,,4.0,,,,,,,,,,,,,1.0,,,,1.0,1.0,1.0,,1.0,10,3.0,10,1
2006-08-28,91231,,11,2,4961.0,48268R10,KSW,K S W INC,KSW,221330.0,A,A,R,50698,3,5070.0,,,,50.0,507.0,,,,,,,3.8,-0.010417,5685.0,1.05,3.75,21603.0,KSW,10.0,,,,,1,10.0,1.0,,,,,,,,,,,,,,,,,,,,,,4.0,,,,,,,,,,,,,1.0,,,,1.0,1.0,1.0,,1.0,10,3.0,10,1
2006-08-29,91231,,11,2,4961.0,48268R10,KSW,K S W INC,KSW,221330.0,A,A,R,50698,3,5070.0,,,,50.0,507.0,,,,,,,3.77,-0.007895,5685.0,1.05,3.8,21432.45,KSW,10.0,,,,,1,10.0,1.0,,,,,,,,,,,,,,,,,,,,,,4.0,,,,,,,,,,,,,1.0,,,,1.0,1.0,1.0,,1.0,10,3.0,10,1
2006-08-30,91231,,11,2,4961.0,48268R10,KSW,K S W INC,KSW,221330.0,A,A,R,50698,3,5070.0,,,,50.0,507.0,,,,,,,3.85,0.02122,5685.0,1.05,3.8,21887.25,KSW,10.0,,,,,1,10.0,1.0,,,,,,,,,,,,,,,,,,,,,,4.0,,,,,,,,,,,,,1.0,,,,1.0,1.0,1.0,,1.0,10,3.0,10,1
2006-08-31,91231,,11,2,4961.0,48268R10,KSW,K S W INC,KSW,221330.0,A,A,R,50698,3,5070.0,,,,50.0,507.0,,,,,,,3.85,0.0,5710.0,1.05,3.9,21983.5,KSW,10.0,,,,,1,10.0,1.0,,,,,,,,,,,,,,,,,,,,,,4.0,,,,,,,,,,,,,1.0,,,,1.0,1.0,1.0,,1.0,10,3.0,10,1
2006-09-01,91231,,11,2,4961.0,48268R10,KSW,K S W INC,KSW,221330.0,A,A,R,50698,3,5070.0,,,,50.0,507.0,,,,,,,3.75,-0.025974,5710.0,1.05,3.8,21412.5,KSW,10.0,,,,,1,10.0,1.0,,,,,,,,,,,,,,,,,,,,,,3.0,,,,,,,6.0,,,9.0,9.0,8.0,10.0,1.0,,,10.0,,,,1.0,10,5.0,10,1
2006-09-05,91231,,11,2,4961.0,48268R10,KSW,K S W INC,KSW,221330.0,A,A,R,50698,3,5070.0,,,,50.0,507.0,,,,,,,3.95,0.053333,5710.0,1.05,3.72,22554.5,KSW,10.0,,,,,1,10.0,1.0,,,,,,,,,,,,,,,,,,,,,,3.0,,,,,,,6.0,,,9.0,9.0,8.0,10.0,1.0,,,10.0,,,,1.0,10,5.0,10,1
2006-09-06,91231,,11,2,4961.0,48268R10,KSW,K S W INC,KSW,221330.0,A,A,R,50698,3,5070.0,,,,50.0,507.0,,,,,,,3.99,0.010127,5710.0,1.05,3.95,22782.9,KSW,10.0,,,,,1,10.0,1.0,,,,,,,,,,,,,,,,,,,,,,3.0,,,,,,,6.0,,,9.0,9.0,8.0,10.0,1.0,,,10.0,,,,1.0,10,5.0,10,1
2006-09-07,91231,,11,2,4961.0,48268R10,KSW,K S W INC,KSW,221330.0,A,A,R,50698,3,5070.0,,,,50.0,507.0,,,,,,,4.0,0.002506,5710.0,1.05,3.98,22840.0,KSW,10.0,,,,,1,10.0,1.0,,,,,,,,,,,,,,,,,,,,,,3.0,,,,,,,6.0,,,9.0,9.0,8.0,10.0,1.0,,,10.0,,,,1.0,10,5.0,10,1
2006-09-08,91231,,11,2,4961.0,48268R10,KSW,K S W INC,KSW,221330.0,A,A,R,50698,3,5070.0,,,,50.0,507.0,,,,,,,3.9846,-0.00385,5710.0,1.05,4.0,22752.066,KSW,10.0,,,,,1,10.0,1.0,,,,,,,,,,,,,,,,,,,,,,3.0,,,,,,,6.0,,,9.0,9.0,8.0,10.0,1.0,,,10.0,,,,1.0,10,5.0,10,1
2006-09-11,91231,,11,2,4961.0,48268R10,KSW,K S W INC,KSW,221330.0,A,A,R,50698,3,5070.0,,,,50.0,507.0,,,,,,,3.75,-0.058877,5710.0,1.05,3.95,21412.5,KSW,10.0,,,,,1,10.0,1.0,,,,,,,,,,,,,,,,,,,,,,3.0,,,,,,,6.0,,,9.0,9.0,8.0,10.0,1.0,,,10.0,,,,1.0,10,5.0,10,1
2006-09-12,91231,,11,2,4961.0,48268R10,KSW,K S W INC,KSW,221330.0,A,A,R,50698,3,5070.0,,,,50.0,507.0,,,,,,,3.949,0.053067,5710.0,1.05,3.8,22548.79,KSW,10.0,,,,,1,10.0,1.0,,,,,,,,,,,,,,,,,,,,,,3.0,,,,,,,6.0,,,9.0,9.0,8.0,10.0,1.0,,,10.0,,,,1.0,10,5.0,10,1
2006-09-13,91231,,11,2,4961.0,48268R10,KSW,K S W INC,KSW,221330.0,A,A,R,50698,3,5070.0,,,,50.0,507.0,,,,,,,4.0,0.012915,5710.0,1.05,4.0,22840.0,KSW,10.0,,,,,1,10.0,1.0,,,,,,,,,,,,,,,,,,,,,,3.0,,,,,,,6.0,,,9.0,9.0,8.0,10.0,1.0,,,10.0,,,,1.0,10,5.0,10,1
2006-09-14,91231,,11,2,4961.0,48268R10,KSW,K S W INC,KSW,221330.0,A,A,R,50698,3,5070.0,,,,50.0,507.0,,,,,,,3.98,-0.005,5710.0,1.05,4.05,22725.8,KSW,10.0,,,,,1,10.0,1.0,,,,,,,,,,,,,,,,,,,,,,3.0,,,,,,,6.0,,,9.0,9.0,8.0,10.0,1.0,,,10.0,,,,1.0,10,5.0,10,1
2006-09-15,91231,,11,2,4961.0,48268R10,KSW,K S W INC,KSW,221330.0,A,A,R,50698,3,5070.0,,,,50.0,507.0,,,,,,,3.95,-0.007538,5710.0,1.05,3.96,22554.5,KSW,10.0,,,,,1,10.0,1.0,,,,,,,,,,,,,,,,,,,,,,3.0,,,,,,,6.0,,,9.0,9.0,8.0,10.0,1.0,,,10.0,,,,1.0,10,5.0,10,1
2006-09-18,91231,,11,2,4961.0,48268R10,KSW,K S W INC,KSW,221330.0,A,A,R,50698,3,5070.0,,,,50.0,507.0,,,,,,,3.95,0.0,5710.0,1.05,4.05,22554.5,KSW,10.0,,,,,1,10.0,1.0,,,,,,,,,,,,,,,,,,,,,,3.0,,,,,,,6.0,,,9.0,9.0,8.0,10.0,1.0,,,10.0,,,,1.0,10,5.0,10,1
2006-09-19,91231,,11,2,4961.0,48268R10,KSW,K S W INC,KSW,221330.0,A,A,R,50698,3,5070.0,,,,50.0,507.0,,,,,,,3.89,-0.01519,5710.0,1.05,3.9,22211.9,KSW,10.0,,,,,1,10.0,1.0,,,,,,,,,,,,,,,,,,,,,,3.0,,,,,,,6.0,,,9.0,9.0,8.0,10.0,1.0,,,10.0,,,,1.0,10,5.0,10,1
2006-09-20,91231,,11,2,4961.0,48268R10,KSW,K S W INC,KSW,221330.0,A,A,R,50698,3,5070.0,,,,50.0,507.0,,,,,,,3.8701,-0.005116,5710.0,1.05,3.86,22098.271,KSW,10.0,,,,,1,10.0,1.0,,,,,,,,,,,,,,,,,,,,,,3.0,,,,,,,6.0,,,9.0,9.0,8.0,10.0,1.0,,,10.0,,,,1.0,10,5.0,10,1
2006-09-21,91231,,11,2,4961.0,48268R10,KSW,K S W INC,KSW,221330.0,A,A,R,50698,3,5070.0,,,,50.0,507.0,,,,,,,4.0,0.033565,5710.0,1.05,3.9,22840.0,KSW,10.0,,,,,1,10.0,1.0,,,,,,,,,,,,,,,,,,,,,,3.0,,,,,,,6.0,,,9.0,9.0,8.0,10.0,1.0,,,10.0,,,,1.0,10,5.0,10,1
2006-09-22,91231,,11,2,4961.0,48268R10,KSW,K S W INC,KSW,221330.0,A,A,R,50698,3,5070.0,,,,50.0,507.0,,,,,,,4.08,0.02,5710.0,1.05,4.04,23296.8,KSW,10.0,,,,,1,10.0,1.0,,,,,,,,,,,,,,,,,,,,,,3.0,,,,,,,6.0,,,9.0,9.0,8.0,10.0,1.0,,,10.0,,,,1.0,10,5.0,10,1
2006-09-25,91231,,11,2,4961.0,48268R10,KSW,K S W INC,KSW,221330.0,A,A,R,50698,3,5070.0,,,,50.0,507.0,,,,,,,4.15,0.017157,5710.0,1.05,4.05,23696.5,KSW,10.0,,,,,1,10.0,1.0,,,,,,,,,,,,,,,,,,,,,,3.0,,,,,,,6.0,,,9.0,9.0,8.0,10.0,1.0,,,10.0,,,,1.0,10,5.0,10,1
2006-09-26,91231,,11,2,4961.0,48268R10,KSW,K S W INC,KSW,221330.0,A,A,R,50698,3,5070.0,,,,50.0,507.0,,,,,,,4.23,0.019277,5710.0,1.05,4.2,24153.3,KSW,10.0,,,,,1,10.0,1.0,,,,,,,,,,,,,,,,,,,,,,3.0,,,,,,,6.0,,,9.0,9.0,8.0,10.0,1.0,,,10.0,,,,1.0,10,5.0,10,1
2006-09-27,91231,,11,2,4961.0,48268R10,KSW,K S W INC,KSW,221330.0,A,A,R,50698,3,5070.0,,,,50.0,507.0,,,,,,,4.2,-0.007092,5710.0,1.05,4.25,23982.0,KSW,10.0,,,,,1,10.0,1.0,,,,,,,,,,,,,,,,,,,,,,3.0,,,,,,,6.0,,,9.0,9.0,8.0,10.0,1.0,,,10.0,,,,1.0,10,5.0,10,1
2006-09-28,91231,,11,2,4961.0,48268R10,KSW,K S W INC,KSW,221330.0,A,A,R,50698,3,5070.0,,,,50.0,507.0,,,,,,,4.22,0.004762,5710.0,1.05,4.25,24096.2,KSW,10.0,,,,,1,10.0,1.0,,,,,,,,,,,,,,,,,,,,,,3.0,,,,,,,6.0,,,9.0,9.0,8.0,10.0,1.0,,,10.0,,,,1.0,10,5.0,10,1
2006-09-29,91231,,11,2,4961.0,48268R10,KSW,K S W INC,KSW,221330.0,A,A,R,50698,3,5070.0,,,,50.0,507.0,,,,,,,4.28,0.014218,5710.0,1.05,4.22,24438.8,KSW,10.0,,,,,1,10.0,1.0,,,,,,,,,,,,,,,,,,,,,,3.0,,,,,,,6.0,,,9.0,9.0,8.0,10.0,1.0,,,10.0,,,,1.0,10,5.0,10,1
2006-10-02,91231,,11,2,4961.0,48268R10,KSW,K S W INC,KSW,221330.0,A,A,R,50698,3,5070.0,,,,50.0,507.0,,,,,,,4.2,-0.018692,5710.0,1.05,4.3,23982.0,KSW,10.0,,,,,1,10.0,1.0,,,,,,,,,,,,,,,,,,,,,,3.0,,,,,,,5.0,,,9.0,9.0,8.0,1.0,3.0,,,1.0,,,,1.0,10,6.0,10,1
2006-10-03,91231,,11,2,4961.0,48268R10,KSW,K S W INC,KSW,221330.0,A,A,R,50698,3,5070.0,,,,50.0,507.0,,,,,,,4.1,-0.02381,5710.0,1.05,4.15,23411.0,KSW,10.0,,,,,1,10.0,1.0,,,,,,,,,,,,,,,,,,,,,,3.0,,,,,,,5.0,,,9.0,9.0,8.0,1.0,3.0,,,1.0,,,,1.0,10,6.0,10,1
2006-10-04,91231,,11,2,4961.0,48268R10,KSW,K S W INC,KSW,221330.0,A,A,R,50698,3,5070.0,,,,50.0,507.0,,,,,,,4.04,-0.014634,5710.0,1.05,4.07,23068.4,KSW,10.0,,,,,1,10.0,1.0,,,,,,,,,,,,,,,,,,,,,,3.0,,,,,,,5.0,,,9.0,9.0,8.0,1.0,3.0,,,1.0,,,,1.0,10,6.0,10,1
2006-10-05,91231,,11,2,4961.0,48268R10,KSW,K S W INC,KSW,221330.0,A,A,R,50698,3,5070.0,,,,50.0,507.0,,,,,,,4.23,0.04703,5710.0,1.05,4.03,24153.3,KSW,10.0,,,,,1,10.0,1.0,,,,,,,,,,,,,,,,,,,,,,3.0,,,,,,,5.0,,,9.0,9.0,8.0,1.0,3.0,,,1.0,,,,1.0,10,6.0,10,1
2006-10-06,91231,,11,2,4961.0,48268R10,KSW,K S W INC,KSW,221330.0,A,A,R,50698,3,5070.0,,,,50.0,507.0,,,,,,,4.24,0.002364,5710.0,1.05,4.23,24210.4,KSW,10.0,,,,,1,10.0,1.0,,,,,,,,,,,,,,,,,,,,,,3.0,,,,,,,5.0,,,9.0,9.0,8.0,1.0,3.0,,,1.0,,,,1.0,10,6.0,10,1
2006-10-09,91231,,11,2,4961.0,48268R10,KSW,K S W INC,KSW,221330.0,A,A,R,50698,3,5070.0,,,,50.0,507.0,,,,,,,4.9,0.15566,5710.0,1.05,4.4,27979.0,KSW,10.0,,,,,1,10.0,1.0,,,,,,,,,,,,,,,,,,,,,,3.0,,,,,,,5.0,,,9.0,9.0,8.0,1.0,3.0,,,1.0,,,,1.0,10,6.0,10,1
2006-10-10,91231,,11,2,4961.0,48268R10,KSW,K S W INC,KSW,221330.0,A,A,R,50698,3,5070.0,,,,50.0,507.0,,,,,,,5.04,0.028571,5710.0,1.05,5.0,28778.4,KSW,10.0,,,,,1,10.0,1.0,,,,,,,,,,,,,,,,,,,,,,3.0,,,,,,,5.0,,,9.0,9.0,8.0,1.0,3.0,,,1.0,,,,1.0,10,6.0,10,1
2006-10-11,91231,,11,2,4961.0,48268R10,KSW,K S W INC,KSW,221330.0,A,A,R,50698,3,5070.0,,,,50.0,507.0,,,,,,,5.15,0.021825,5710.0,1.05,5.1,29406.5,KSW,10.0,,,,,1,10.0,1.0,,,,,,,,,,,,,,,,,,,,,,3.0,,,,,,,5.0,,,9.0,9.0,8.0,1.0,3.0,,,1.0,,,,1.0,10,6.0,10,1
2006-10-12,91231,,11,2,4961.0,48268R10,KSW,K S W INC,KSW,221330.0,A,A,R,50698,3,5070.0,,,,50.0,507.0,,,,,,,5.15,0.0,5710.0,1.05,5.19,29406.5,KSW,10.0,,,,,1,10.0,1.0,,,,,,,,,,,,,,,,,,,,,,3.0,,,,,,,5.0,,,9.0,9.0,8.0,1.0,3.0,,,1.0,,,,1.0,10,6.0,10,1
2006-10-13,91231,,11,2,4961.0,48268R10,KSW,K S W INC,KSW,221330.0,A,A,R,50698,3,5070.0,,,,50.0,507.0,,,,,,,4.94,-0.040777,5710.0,1.05,5.18,28207.4,KSW,10.0,,,,,1,10.0,1.0,,,,,,,,,,,,,,,,,,,,,,3.0,,,,,,,5.0,,,9.0,9.0,8.0,1.0,3.0,,,1.0,,,,1.0,10,6.0,10,1
2006-10-16,91231,,11,2,4961.0,48268R10,KSW,K S W INC,KSW,221330.0,A,A,R,50698,3,5070.0,,,,50.0,507.0,,,,,,,5.06,0.024291,5710.0,1.05,4.99,28892.6,KSW,10.0,,,,,1,10.0,1.0,,,,,,,,,,,,,,,,,,,,,,3.0,,,,,,,5.0,,,9.0,9.0,8.0,1.0,3.0,,,1.0,,,,1.0,10,6.0,10,1
2006-10-17,91231,,11,2,4961.0,48268R10,KSW,K S W INC,KSW,221330.0,A,A,R,50698,3,5070.0,,,,50.0,507.0,,,,,,,5.51,0.088933,5710.0,1.05,5.15,31462.1,KSW,10.0,,,,,1,10.0,1.0,,,,,,,,,,,,,,,,,,,,,,3.0,,,,,,,5.0,,,9.0,9.0,8.0,1.0,3.0,,,1.0,,,,1.0,10,6.0,10,1
2006-10-18,91231,,11,2,4961.0,48268R10,KSW,K S W INC,KSW,221330.0,A,A,R,50698,3,5070.0,,,,50.0,507.0,,,,,,,5.67,0.029038,5710.0,1.05,5.59,32375.7,KSW,10.0,,,,,1,10.0,1.0,,,,,,,,,,,,,,,,,,,,,,3.0,,,,,,,5.0,,,9.0,9.0,8.0,1.0,3.0,,,1.0,,,,1.0,10,6.0,10,1
2006-10-19,91231,,11,2,4961.0,48268R10,KSW,K S W INC,KSW,221330.0,A,A,R,50698,3,5070.0,,,,50.0,507.0,,,,,,,5.67,0.0,5710.0,1.05,5.66,32375.7,KSW,10.0,,,,,1,10.0,1.0,,,,,,,,,,,,,,,,,,,,,,3.0,,,,,,,5.0,,,9.0,9.0,8.0,1.0,3.0,,,1.0,,,,1.0,10,6.0,10,1
2006-10-20,91231,,11,2,4961.0,48268R10,KSW,K S W INC,KSW,221330.0,A,A,R,50698,3,5070.0,,,,50.0,507.0,,,,,,,5.5,-0.029982,5710.0,1.05,5.7,31405.0,KSW,10.0,,,,,1,10.0,1.0,,,,,,,,,,,,,,,,,,,,,,3.0,,,,,,,5.0,,,9.0,9.0,8.0,1.0,3.0,,,1.0,,,,1.0,10,6.0,10,1
2006-10-23,91231,,11,2,4961.0,48268R10,KSW,K S W INC,KSW,221330.0,A,A,R,50698,3,5070.0,,,,50.0,507.0,,,,,,,5.6239,0.022527,5710.0,1.05,5.55,32112.469,KSW,10.0,,,,,1,10.0,1.0,,,,,,,,,,,,,,,,,,,,,,3.0,,,,,,,5.0,,,9.0,9.0,8.0,1.0,3.0,,,1.0,,,,1.0,10,6.0,10,1
2006-10-24,91231,,11,2,4961.0,48268R10,KSW,K S W INC,KSW,221330.0,A,A,R,50698,3,5070.0,,,,50.0,507.0,,,,,,,5.4205,-0.036167,5710.0,1.05,5.6,30951.055,KSW,10.0,,,,,1,10.0,1.0,,,,,,,,,,,,,,,,,,,,,,3.0,,,,,,,5.0,,,9.0,9.0,8.0,1.0,3.0,,,1.0,,,,1.0,10,6.0,10,1
2006-10-25,91231,,11,2,4961.0,48268R10,KSW,K S W INC,KSW,221330.0,A,A,R,50698,3,5070.0,,,,50.0,507.0,,,,,,,5.45,0.005442,5710.0,1.05,5.5,31119.5,KSW,10.0,,,,,1,10.0,1.0,,,,,,,,,,,,,,,,,,,,,,3.0,,,,,,,5.0,,,9.0,9.0,8.0,1.0,3.0,,,1.0,,,,1.0,10,6.0,10,1
2006-10-26,91231,,11,2,4961.0,48268R10,KSW,K S W INC,KSW,221330.0,A,A,R,50698,3,5070.0,,,,50.0,507.0,,,,,,,5.52,0.012844,5710.0,1.05,5.55,31519.2,KSW,10.0,,,,,1,10.0,1.0,,,,,,,,,,,,,,,,,,,,,,3.0,,,,,,,5.0,,,9.0,9.0,8.0,1.0,3.0,,,1.0,,,,1.0,10,6.0,10,1
2006-10-27,91231,,11,2,4961.0,48268R10,KSW,K S W INC,KSW,221330.0,A,A,R,50698,3,5070.0,,,,50.0,507.0,,,,,,,5.61,0.016304,5710.0,1.05,5.72,32033.1,KSW,10.0,,,,,1,10.0,1.0,,,,,,,,,,,,,,,,,,,,,,3.0,,,,,,,5.0,,,9.0,9.0,8.0,1.0,3.0,,,1.0,,,,1.0,10,6.0,10,1
2006-10-30,91231,,11,2,4961.0,48268R10,KSW,K S W INC,KSW,221330.0,A,A,R,50698,3,5070.0,,,,50.0,507.0,,,,,,,5.6499,0.007112,5710.0,1.05,5.61,32260.929,KSW,10.0,,,,,1,10.0,1.0,,,,,,,,,,,,,,,,,,,,,,3.0,,,,,,,5.0,,,9.0,9.0,8.0,1.0,3.0,,,1.0,,,,1.0,10,6.0,10,1
2006-10-31,91231,,11,2,4961.0,48268R10,KSW,K S W INC,KSW,221330.0,A,A,R,50698,3,5070.0,,,,50.0,507.0,,,,,,,5.6,-0.008832,5710.0,1.05,5.7,31976.0,KSW,10.0,,,,,1,10.0,1.0,,,,,,,,,,,,,,,,,,,,,,3.0,,,,,,,5.0,,,9.0,9.0,8.0,1.0,3.0,,,1.0,,,,1.0,10,6.0,10,1
2006-11-01,91231,,11,2,4961.0,48268R10,KSW,K S W INC,KSW,221330.0,A,A,R,50698,3,5070.0,,,,50.0,507.0,,,,,,,5.35,-0.044643,5710.0,1.05,5.55,30548.5,KSW,10.0,,,,,1,10.0,1.0,,,,,,,,,,,,,,,,,,,,,,5.0,,,,,,,4.0,,,9.0,9.0,8.0,1.0,1.0,,,1.0,,,,1.0,10,5.0,10,1
2006-11-02,91231,,11,2,4961.0,48268R10,KSW,K S W INC,KSW,221330.0,A,A,R,50698,3,5070.0,,,,50.0,507.0,,,,,,,5.3,-0.009346,5710.0,1.05,5.4,30263.0,KSW,10.0,,,,,1,10.0,1.0,,,,,,,,,,,,,,,,,,,,,,5.0,,,,,,,4.0,,,9.0,9.0,8.0,1.0,1.0,,,1.0,,,,1.0,10,5.0,10,1
2006-11-03,91231,,11,2,4961.0,48268R10,KSW,K S W INC,KSW,221330.0,A,A,R,50698,3,5070.0,,,,50.0,507.0,,,,,,,5.35,0.009434,5710.0,1.05,5.4,30548.5,KSW,10.0,,,,,1,10.0,1.0,,,,,,,,,,,,,,,,,,,,,,5.0,,,,,,,4.0,,,9.0,9.0,8.0,1.0,1.0,,,1.0,,,,1.0,10,5.0,10,1
2006-11-06,91231,,11,2,4961.0,48268R10,KSW,K S W INC,KSW,221330.0,A,A,R,50698,3,5070.0,,,,50.0,507.0,,,,,,,5.24,-0.020561,5710.0,1.05,5.38,29920.4,KSW,10.0,,,,,1,10.0,1.0,,,,,,,,,,,,,,,,,,,,,,5.0,,,,,,,4.0,,,9.0,9.0,8.0,1.0,1.0,,,1.0,,,,1.0,10,5.0,10,1
2006-11-07,91231,,11,2,4961.0,48268R10,KSW,K S W INC,KSW,221330.0,A,A,R,50698,3,5070.0,,,,50.0,507.0,,,,,,,5.33,0.017176,5710.0,1.05,5.23,30434.3,KSW,10.0,,,,,1,10.0,1.0,,,,,,,,,,,,,,,,,,,,,,5.0,,,,,,,4.0,,,9.0,9.0,8.0,1.0,1.0,,,1.0,,,,1.0,10,5.0,10,1
2006-11-08,91231,,11,2,4961.0,48268R10,KSW,K S W INC,KSW,221330.0,A,A,R,50698,3,5070.0,,,,50.0,507.0,,,,,,,5.45,0.022514,5710.0,1.05,5.3299,31119.5,KSW,10.0,,,,,1,10.0,1.0,,,,,,,,,,,,,,,,,,,,,,5.0,,,,,,,4.0,,,9.0,9.0,8.0,1.0,1.0,,,1.0,,,,1.0,10,5.0,10,1
2006-11-09,91231,,11,2,4961.0,48268R10,KSW,K S W INC,KSW,221330.0,A,A,R,50698,3,5070.0,,,,50.0,507.0,,,,,,,5.4,-0.009174,5710.0,1.05,5.5,30834.0,KSW,10.0,,,,,1,10.0,1.0,,,,,,,,,,,,,,,,,,,,,,5.0,,,,,,,4.0,,,9.0,9.0,8.0,1.0,1.0,,,1.0,,,,1.0,10,5.0,10,1
2006-11-10,91231,,11,2,4961.0,48268R10,KSW,K S W INC,KSW,221330.0,A,A,R,50698,3,5070.0,,,,50.0,507.0,,,,,,,5.59,0.035185,5710.0,1.05,5.4,31918.9,KSW,10.0,,,,,1,10.0,1.0,,,,,,,,,,,,,,,,,,,,,,5.0,,,,,,,4.0,,,9.0,9.0,8.0,1.0,1.0,,,1.0,,,,1.0,10,5.0,10,1
2006-11-13,91231,,11,2,4961.0,48268R10,KSW,K S W INC,KSW,221330.0,A,A,R,50698,3,5070.0,,,,50.0,507.0,,,,,,,6.03,0.078712,5710.0,1.05,5.59,34431.3,KSW,10.0,,,,,1,10.0,1.0,,,,,,,,,,,,,,,,,,,,,,5.0,,,,,,,4.0,,,9.0,9.0,8.0,1.0,1.0,,,1.0,,,,1.0,10,5.0,10,1
2006-11-14,91231,,11,2,4961.0,48268R10,KSW,K S W INC,KSW,221330.0,A,A,R,50698,3,5070.0,,,,50.0,507.0,,,,,,,6.02,-0.001658,5710.0,1.05,6.1,34374.2,KSW,10.0,,,,,1,10.0,1.0,,,,,,,,,,,,,,,,,,,,,,5.0,,,,,,,4.0,,,9.0,9.0,8.0,1.0,1.0,,,1.0,,,,1.0,10,5.0,10,1
2006-11-15,91231,,11,2,4961.0,48268R10,KSW,K S W INC,KSW,221330.0,A,A,R,50698,3,5070.0,,,,50.0,507.0,,,,,,,5.9,-0.019934,5710.0,1.05,6.08,33689.0,KSW,10.0,,,,,1,10.0,1.0,,,,,,,,,,,,,,,,,,,,,,5.0,,,,,,,4.0,,,9.0,9.0,8.0,1.0,1.0,,,1.0,,,,1.0,10,5.0,10,1
2006-11-16,91231,,11,2,4961.0,48268R10,KSW,K S W INC,KSW,221330.0,A,A,R,50698,3,5070.0,,,,50.0,507.0,,,,,,,5.9801,0.013576,5710.0,1.05,5.96,34146.371,KSW,10.0,,,,,1,10.0,1.0,,,,,,,,,,,,,,,,,,,,,,5.0,,,,,,,4.0,,,9.0,9.0,8.0,1.0,1.0,,,1.0,,,,1.0,10,5.0,10,1
2006-11-17,91231,,11,2,4961.0,48268R10,KSW,K S W INC,KSW,221330.0,A,A,R,50698,3,5070.0,,,,50.0,507.0,,,,,,,5.9,-0.013394,5710.0,1.05,6.0,33689.0,KSW,10.0,,,,,1,10.0,1.0,,,,,,,,,,,,,,,,,,,,,,5.0,,,,,,,4.0,,,9.0,9.0,8.0,1.0,1.0,,,1.0,,,,1.0,10,5.0,10,1
2006-11-20,91231,,11,2,4961.0,48268R10,KSW,K S W INC,KSW,221330.0,A,A,R,50698,3,5070.0,,,,50.0,507.0,,,,,,,5.9,0.0,5710.0,1.05,6.05,33689.0,KSW,10.0,,,,,1,10.0,1.0,,,,,,,,,,,,,,,,,,,,,,5.0,,,,,,,4.0,,,9.0,9.0,8.0,1.0,1.0,,,1.0,,,,1.0,10,5.0,10,1
2006-11-21,91231,,11,2,4961.0,48268R10,KSW,K S W INC,KSW,221330.0,A,A,R,50698,3,5070.0,,,,50.0,507.0,,,,,,,5.769,-0.022203,5710.0,1.05,5.87,32940.99,KSW,10.0,,,,,1,10.0,1.0,,,,,,,,,,,,,,,,,,,,,,5.0,,,,,,,4.0,,,9.0,9.0,8.0,1.0,1.0,,,1.0,,,,1.0,10,5.0,10,1
2006-11-22,91231,,11,2,4961.0,48268R10,KSW,K S W INC,KSW,221330.0,A,A,R,50698,3,5070.0,,,,50.0,507.0,,,,,,,5.94,0.029641,5710.0,1.05,5.76,33917.4,KSW,10.0,,,,,1,10.0,1.0,,,,,,,,,,,,,,,,,,,,,,5.0,,,,,,,4.0,,,9.0,9.0,8.0,1.0,1.0,,,1.0,,,,1.0,10,5.0,10,1
2006-11-24,91231,,11,2,4961.0,48268R10,KSW,K S W INC,KSW,221330.0,A,A,R,50698,3,5070.0,,,,50.0,507.0,,,,,,,5.93,-0.001684,5710.0,1.05,5.94,33860.3,KSW,10.0,,,,,1,10.0,1.0,,,,,,,,,,,,,,,,,,,,,,5.0,,,,,,,4.0,,,9.0,9.0,8.0,1.0,1.0,,,1.0,,,,1.0,10,5.0,10,1
2006-11-27,91231,,11,2,4961.0,48268R10,KSW,K S W INC,KSW,221330.0,A,A,R,50698,3,5070.0,,,,50.0,507.0,,,,,,,5.87,-0.010118,5710.0,1.05,5.8,33517.7,KSW,10.0,,,,,1,10.0,1.0,,,,,,,,,,,,,,,,,,,,,,5.0,,,,,,,4.0,,,9.0,9.0,8.0,1.0,1.0,,,1.0,,,,1.0,10,5.0,10,1
2006-11-28,91231,,11,2,4961.0,48268R10,KSW,K S W INC,KSW,221330.0,A,A,R,50698,3,5070.0,,,,50.0,507.0,,,,,,,5.794,-0.012947,5710.0,1.05,5.85,33083.74,KSW,10.0,,,,,1,10.0,1.0,,,,,,,,,,,,,,,,,,,,,,5.0,,,,,,,4.0,,,9.0,9.0,8.0,1.0,1.0,,,1.0,,,,1.0,10,5.0,10,1
2006-11-29,91231,,11,2,4961.0,48268R10,KSW,K S W INC,KSW,221330.0,A,A,R,50698,3,5070.0,,,,50.0,507.0,,,,,,,5.75,-0.007594,5710.0,1.05,5.87,32832.5,KSW,10.0,,,,,1,10.0,1.0,,,,,,,,,,,,,,,,,,,,,,5.0,,,,,,,4.0,,,9.0,9.0,8.0,1.0,1.0,,,1.0,,,,1.0,10,5.0,10,1
2006-11-30,91231,,11,2,4961.0,48268R10,KSW,K S W INC,KSW,221330.0,A,A,R,50698,3,5070.0,,,,50.0,507.0,,,,,,,5.64,-0.01913,5735.0,1.05,5.8,32345.4,KSW,10.0,,,,,1,10.0,1.0,,,,,,,,,,,,,,,,,,,,,,5.0,,,,,,,4.0,,,9.0,9.0,8.0,1.0,1.0,,,1.0,,,,1.0,10,5.0,10,1
2006-12-01,91231,,11,2,4961.0,48268R10,KSW,K S W INC,KSW,221330.0,A,A,R,50698,3,5070.0,,,,50.0,507.0,,,,,,,5.44,-0.035461,5735.0,1.05,5.64,31198.4,KSW,10.0,,,,,1,10.0,1.0,,,,,,,,,,,,,,,,,,,,,9.0,5.0,,,,,,,4.0,,,9.0,10.0,8.0,7.0,1.0,,,7.0,,,,1.0,10,4.0,10,1
2006-12-04,91231,,11,2,4961.0,48268R10,KSW,K S W INC,KSW,221330.0,A,A,R,50698,3,5070.0,,,,50.0,507.0,,,,,,,5.35,-0.016544,5735.0,1.05,5.4,30682.25,KSW,10.0,,,,,1,10.0,1.0,,,,,,,,,,,,,,,,,,,,,9.0,5.0,,,,,,,4.0,,,9.0,10.0,8.0,7.0,1.0,,,7.0,,,,1.0,10,4.0,10,1
2006-12-05,91231,,11,2,4961.0,48268R10,KSW,K S W INC,KSW,221330.0,A,A,R,50698,3,5070.0,,,,50.0,507.0,,,,,,,5.32,-0.005607,5735.0,1.05,5.45,30510.2,KSW,10.0,,,,,1,10.0,1.0,,,,,,,,,,,,,,,,,,,,,9.0,5.0,,,,,,,4.0,,,9.0,10.0,8.0,7.0,1.0,,,7.0,,,,1.0,10,4.0,10,1
2006-12-06,91231,,11,2,4961.0,48268R10,KSW,K S W INC,KSW,221330.0,A,A,R,50698,3,5070.0,,,,50.0,507.0,,,,,,,5.52,0.037594,5735.0,1.05,5.38,31657.2,KSW,10.0,,,,,1,10.0,1.0,,,,,,,,,,,,,,,,,,,,,9.0,5.0,,,,,,,4.0,,,9.0,10.0,8.0,7.0,1.0,,,7.0,,,,1.0,10,4.0,10,1
2006-12-07,91231,,11,2,4961.0,48268R10,KSW,K S W INC,KSW,221330.0,A,A,R,50698,3,5070.0,,,,50.0,507.0,,,,,,,5.59,0.012681,5735.0,1.05,5.55,32058.65,KSW,10.0,,,,,1,10.0,1.0,,,,,,,,,,,,,,,,,,,,,9.0,5.0,,,,,,,4.0,,,9.0,10.0,8.0,7.0,1.0,,,7.0,,,,1.0,10,4.0,10,1
2006-12-08,91231,,11,2,4961.0,48268R10,KSW,K S W INC,KSW,221330.0,A,A,R,50698,3,5070.0,,,,50.0,507.0,,,,,,,5.5,-0.0161,5735.0,1.05,5.59,31542.5,KSW,10.0,,,,,1,10.0,1.0,,,,,,,,,,,,,,,,,,,,,9.0,5.0,,,,,,,4.0,,,9.0,10.0,8.0,7.0,1.0,,,7.0,,,,1.0,10,4.0,10,1
2006-12-11,91231,,11,2,4961.0,48268R10,KSW,K S W INC,KSW,221330.0,A,A,R,50698,3,5070.0,,,,50.0,507.0,,,,,,,5.37,-0.023636,5735.0,1.05,5.49,30796.95,KSW,10.0,,,,,1,10.0,1.0,,,,,,,,,,,,,,,,,,,,,9.0,5.0,,,,,,,4.0,,,9.0,10.0,8.0,7.0,1.0,,,7.0,,,,1.0,10,4.0,10,1
2006-12-12,91231,,11,2,4961.0,48268R10,KSW,K S W INC,KSW,221330.0,A,A,R,50698,3,5070.0,,,,50.0,507.0,,,,,,,5.71,0.063315,5735.0,1.05,5.94,32746.85,KSW,10.0,,,,,1,10.0,1.0,,,,,,,,,,,,,,,,,,,,,9.0,5.0,,,,,,,4.0,,,9.0,10.0,8.0,7.0,1.0,,,7.0,,,,1.0,10,4.0,10,1
2006-12-13,91231,,11,2,4961.0,48268R10,KSW,K S W INC,KSW,221330.0,A,A,R,50698,3,5070.0,,,,50.0,507.0,,,,,,,5.8999,0.033257,5735.0,1.05,5.75,33835.9265,KSW,10.0,,,,,1,10.0,1.0,,,,,,,,,,,,,,,,,,,,,9.0,5.0,,,,,,,4.0,,,9.0,10.0,8.0,7.0,1.0,,,7.0,,,,1.0,10,4.0,10,1
2006-12-14,91231,,11,2,4961.0,48268R10,KSW,K S W INC,KSW,221330.0,A,A,R,50698,3,5070.0,,,,50.0,507.0,,,,,,,6.23,0.05595,5735.0,1.05,5.9,35729.05,KSW,10.0,,,,,1,10.0,1.0,,,,,,,,,,,,,,,,,,,,,9.0,5.0,,,,,,,4.0,,,9.0,10.0,8.0,7.0,1.0,,,7.0,,,,1.0,10,4.0,10,1
2006-12-15,91231,,11,2,4961.0,48268R10,KSW,K S W INC,KSW,221330.0,A,A,R,50698,3,5070.0,,,,50.0,507.0,,,,,,,6.5001,0.043355,5735.0,1.05,6.21,37278.0735,KSW,10.0,,,,,1,10.0,1.0,,,,,,,,,,,,,,,,,,,,,9.0,5.0,,,,,,,4.0,,,9.0,10.0,8.0,7.0,1.0,,,7.0,,,,1.0,10,4.0,10,1
2006-12-18,91231,,11,2,4961.0,48268R10,KSW,K S W INC,KSW,221330.0,A,A,R,50698,3,5070.0,,,,50.0,507.0,,,,,,,6.88,0.058445,5735.0,1.05,6.65,39456.8,KSW,10.0,,,,,1,10.0,1.0,,,,,,,,,,,,,,,,,,,,,9.0,5.0,,,,,,,4.0,,,9.0,10.0,8.0,7.0,1.0,,,7.0,,,,1.0,10,4.0,10,1
2006-12-19,91231,,11,2,4961.0,48268R10,KSW,K S W INC,KSW,221330.0,A,A,R,50698,3,5070.0,,,,50.0,507.0,,,,,,,6.89,0.001453,5735.0,1.05,6.9,39514.15,KSW,10.0,,,,,1,10.0,1.0,,,,,,,,,,,,,,,,,,,,,9.0,5.0,,,,,,,4.0,,,9.0,10.0,8.0,7.0,1.0,,,7.0,,,,1.0,10,4.0,10,1
2006-12-20,91231,,11,2,4961.0,48268R10,KSW,K S W INC,KSW,221330.0,A,A,R,50698,3,5070.0,,,,50.0,507.0,,,,,,,6.757,-0.019303,5735.0,1.05,6.82,38751.395,KSW,10.0,,,,,1,10.0,1.0,,,,,,,,,,,,,,,,,,,,,9.0,5.0,,,,,,,4.0,,,9.0,10.0,8.0,7.0,1.0,,,7.0,,,,1.0,10,4.0,10,1
2006-12-21,91231,,11,2,4961.0,48268R10,KSW,K S W INC,KSW,221330.0,A,A,R,50698,3,5070.0,,,,50.0,507.0,,,,,,,6.85,0.013763,5735.0,1.05,6.83,39284.75,KSW,10.0,,,,,1,10.0,1.0,,,,,,,,,,,,,,,,,,,,,9.0,5.0,,,,,,,4.0,,,9.0,10.0,8.0,7.0,1.0,,,7.0,,,,1.0,10,4.0,10,1
2006-12-22,91231,,11,2,4961.0,48268R10,KSW,K S W INC,KSW,221330.0,A,A,R,50698,3,5070.0,,,,50.0,507.0,,,,,,,6.7391,-0.01619,5735.0,1.05,6.85,38648.7385,KSW,10.0,,,,,1,10.0,1.0,,,,,,,,,,,,,,,,,,,,,9.0,5.0,,,,,,,4.0,,,9.0,10.0,8.0,7.0,1.0,,,7.0,,,,1.0,10,4.0,10,1
2006-12-26,91231,,11,2,4961.0,48268R10,KSW,K S W INC,KSW,221330.0,A,A,R,50698,3,5070.0,,,,50.0,507.0,,,,,,,6.94,0.029811,5735.0,1.05,6.76,39800.9,KSW,10.0,,,,,1,10.0,1.0,,,,,,,,,,,,,,,,,,,,,9.0,5.0,,,,,,,4.0,,,9.0,10.0,8.0,7.0,1.0,,,7.0,,,,1.0,10,4.0,10,1
2006-12-27,91231,,11,2,4961.0,48268R10,KSW,K S W INC,KSW,221330.0,A,A,R,50698,3,5070.0,,,,50.0,507.0,,,,,,,7.05,0.01585,5735.0,1.05,6.94,40431.75,KSW,10.0,,,,,1,10.0,1.0,,,,,,,,,,,,,,,,,,,,,9.0,5.0,,,,,,,4.0,,,9.0,10.0,8.0,7.0,1.0,,,7.0,,,,1.0,10,4.0,10,1
2006-12-28,91231,,11,2,4961.0,48268R10,KSW,K S W INC,KSW,221330.0,A,A,R,50698,3,5070.0,,,,50.0,507.0,,,,,,,7.3499,0.042539,5735.0,1.05,7.06,42151.6765,KSW,10.0,,,,,1,10.0,1.0,,,,,,,,,,,,,,,,,,,,,9.0,5.0,,,,,,,4.0,,,9.0,10.0,8.0,7.0,1.0,,,7.0,,,,1.0,10,4.0,10,1
2006-12-29,91231,,11,2,4961.0,48268R10,KSW,K S W INC,KSW,221330.0,A,A,R,50698,3,5070.0,,,,50.0,507.0,,,,,,,7.4,0.006816,5735.0,1.05,7.35,42439.0,KSW,10.0,,,,,1,10.0,1.0,,,,,,,,,,,,,,,,,,,,,9.0,5.0,,,,,,,4.0,,,9.0,10.0,8.0,7.0,1.0,,,7.0,,,,1.0,10,4.0,10,1
2007-01-03,91231,,11,2,4961.0,48268R10,KSW,K S W INC,KSW,221330.0,A,A,R,50698,3,5070.0,,,,50.0,507.0,,,,,,,7.35,-0.006757,5735.0,1.05,7.41,42152.25,KSW,10.0,,,,,1,10.0,1.0,,,,,,,,,,,,,,,,,,,,,9.0,4.0,,,,,,,3.0,,,9.0,10.0,8.0,1.0,1.0,,,1.0,,,,1.0,10,2.0,10,1
2007-01-04,91231,,11,2,4961.0,48268R10,KSW,K S W INC,KSW,221330.0,A,A,R,50698,3,5070.0,,,,50.0,507.0,,,,,,,7.25,-0.013605,5735.0,1.05,7.39,41578.75,KSW,10.0,,,,,1,10.0,1.0,,,,,,,,,,,,,,,,,,,,,9.0,4.0,,,,,,,3.0,,,9.0,10.0,8.0,1.0,1.0,,,1.0,,,,1.0,10,2.0,10,1
2007-01-05,91231,,11,2,4961.0,48268R10,KSW,K S W INC,KSW,221330.0,A,A,R,50698,3,5070.0,,,,50.0,507.0,,,,,,,6.7999,-0.062083,5735.0,1.05,7.15,38997.4265,KSW,10.0,,,,,1,10.0,1.0,,,,,,,,,,,,,,,,,,,,,9.0,4.0,,,,,,,3.0,,,9.0,10.0,8.0,1.0,1.0,,,1.0,,,,1.0,10,2.0,10,1
2007-01-08,91231,,11,2,4961.0,48268R10,KSW,K S W INC,KSW,221330.0,A,A,R,50698,3,5070.0,,,,50.0,507.0,,,,,,,6.39,-0.06028,5735.0,1.05,6.6,36646.65,KSW,10.0,,,,,1,10.0,1.0,,,,,,,,,,,,,,,,,,,,,9.0,4.0,,,,,,,3.0,,,9.0,10.0,8.0,1.0,1.0,,,1.0,,,,1.0,10,2.0,10,1
2007-01-09,91231,,11,2,4961.0,48268R10,KSW,K S W INC,KSW,221330.0,A,A,R,50698,3,5070.0,,,,50.0,507.0,,,,,,,6.4799,0.014069,5735.0,1.05,6.25,37162.2265,KSW,10.0,,,,,1,10.0,1.0,,,,,,,,,,,,,,,,,,,,,9.0,4.0,,,,,,,3.0,,,9.0,10.0,8.0,1.0,1.0,,,1.0,,,,1.0,10,2.0,10,1
2007-01-10,91231,,11,2,4961.0,48268R10,KSW,K S W INC,KSW,221330.0,A,A,R,50698,3,5070.0,,,,50.0,507.0,,,,,,,6.8,0.049399,5735.0,1.05,6.56,38998.0,KSW,10.0,,,,,1,10.0,1.0,,,,,,,,,,,,,,,,,,,,,9.0,4.0,,,,,,,3.0,,,9.0,10.0,8.0,1.0,1.0,,,1.0,,,,1.0,10,2.0,10,1
2007-01-11,91231,,11,2,4961.0,48268R10,KSW,K S W INC,KSW,221330.0,A,A,R,50698,3,5070.0,,,,50.0,507.0,,,,,,,6.69,-0.016176,5735.0,1.05,6.84,38367.15,KSW,10.0,,,,,1,10.0,1.0,,,,,,,,,,,,,,,,,,,,,9.0,4.0,,,,,,,3.0,,,9.0,10.0,8.0,1.0,1.0,,,1.0,,,,1.0,10,2.0,10,1
2007-01-12,91231,,11,2,4961.0,48268R10,KSW,K S W INC,KSW,221330.0,A,A,R,50698,3,5070.0,,,,50.0,507.0,,,,,,,6.7,0.001495,5735.0,1.05,6.66,38424.5,KSW,10.0,,,,,1,10.0,1.0,,,,,,,,,,,,,,,,,,,,,9.0,4.0,,,,,,,3.0,,,9.0,10.0,8.0,1.0,1.0,,,1.0,,,,1.0,10,2.0,10,1
2007-01-16,91231,,11,2,4961.0,48268R10,KSW,K S W INC,KSW,221330.0,A,A,R,50698,3,5070.0,,,,50.0,507.0,,,,,,,6.86,0.023881,5735.0,1.05,6.58,39342.1,KSW,10.0,,,,,1,10.0,1.0,,,,,,,,,,,,,,,,,,,,,9.0,4.0,,,,,,,3.0,,,9.0,10.0,8.0,1.0,1.0,,,1.0,,,,1.0,10,2.0,10,1
2007-01-17,91231,,11,2,4961.0,48268R10,KSW,K S W INC,KSW,221330.0,A,A,R,50698,3,5070.0,,,,50.0,507.0,,,,,,,6.7,-0.023324,5735.0,1.05,6.86,38424.5,KSW,10.0,,,,,1,10.0,1.0,,,,,,,,,,,,,,,,,,,,,9.0,4.0,,,,,,,3.0,,,9.0,10.0,8.0,1.0,1.0,,,1.0,,,,1.0,10,2.0,10,1
2007-01-18,91231,,11,2,4961.0,48268R10,KSW,K S W INC,KSW,221330.0,A,A,R,50698,3,5070.0,,,,50.0,507.0,,,,,,,6.62,-0.01194,5735.0,1.05,6.68,37965.7,KSW,10.0,,,,,1,10.0,1.0,,,,,,,,,,,,,,,,,,,,,9.0,4.0,,,,,,,3.0,,,9.0,10.0,8.0,1.0,1.0,,,1.0,,,,1.0,10,2.0,10,1
2007-01-19,91231,,11,2,4961.0,48268R10,KSW,K S W INC,KSW,221330.0,A,A,R,50698,3,5070.0,,,,50.0,507.0,,,,,,,6.51,-0.016616,5735.0,1.05,6.6,37334.85,KSW,10.0,,,,,1,10.0,1.0,,,,,,,,,,,,,,,,,,,,,9.0,4.0,,,,,,,3.0,,,9.0,10.0,8.0,1.0,1.0,,,1.0,,,,1.0,10,2.0,10,1
2007-01-22,91231,,11,2,4961.0,48268R10,KSW,K S W INC,KSW,221330.0,A,A,R,50698,3,5070.0,,,,50.0,507.0,,,,,,,6.42,-0.013825,5735.0,1.05,6.41,36818.7,KSW,10.0,,,,,1,10.0,1.0,,,,,,,,,,,,,,,,,,,,,9.0,4.0,,,,,,,3.0,,,9.0,10.0,8.0,1.0,1.0,,,1.0,,,,1.0,10,2.0,10,1
2007-01-23,91231,,11,2,4961.0,48268R10,KSW,K S W INC,KSW,221330.0,A,A,R,50698,3,5070.0,,,,50.0,507.0,,,,,,,6.58,0.024922,5735.0,1.05,6.4,37736.3,KSW,10.0,,,,,1,10.0,1.0,,,,,,,,,,,,,,,,,,,,,9.0,4.0,,,,,,,3.0,,,9.0,10.0,8.0,1.0,1.0,,,1.0,,,,1.0,10,2.0,10,1
2007-01-24,91231,,11,2,4961.0,48268R10,KSW,K S W INC,KSW,221330.0,A,A,R,50698,3,5070.0,,,,50.0,507.0,,,,,,,6.59,0.00152,5735.0,1.05,6.61,37793.65,KSW,10.0,,,,,1,10.0,1.0,,,,,,,,,,,,,,,,,,,,,9.0,4.0,,,,,,,3.0,,,9.0,10.0,8.0,1.0,1.0,,,1.0,,,,1.0,10,2.0,10,1
2007-01-25,91231,,11,2,4961.0,48268R10,KSW,K S W INC,KSW,221330.0,A,A,R,50698,3,5070.0,,,,50.0,507.0,,,,,,,6.45,-0.021244,5735.0,1.05,6.59,36990.75,KSW,10.0,,,,,1,10.0,1.0,,,,,,,,,,,,,,,,,,,,,9.0,4.0,,,,,,,3.0,,,9.0,10.0,8.0,1.0,1.0,,,1.0,,,,1.0,10,2.0,10,1
2007-01-26,91231,,11,2,4961.0,48268R10,KSW,K S W INC,KSW,221330.0,A,A,R,50698,3,5070.0,,,,50.0,507.0,,,,,,,6.6,0.023256,5735.0,1.05,6.55,37851.0,KSW,10.0,,,,,1,10.0,1.0,,,,,,,,,,,,,,,,,,,,,9.0,4.0,,,,,,,3.0,,,9.0,10.0,8.0,1.0,1.0,,,1.0,,,,1.0,10,2.0,10,1
2007-01-29,91231,,11,2,4961.0,48268R10,KSW,K S W INC,KSW,221330.0,A,A,R,50698,3,5070.0,,,,50.0,507.0,,,,,,,6.48,-0.018182,5735.0,1.05,6.6,37162.8,KSW,10.0,,,,,1,10.0,1.0,,,,,,,,,,,,,,,,,,,,,9.0,4.0,,,,,,,3.0,,,9.0,10.0,8.0,1.0,1.0,,,1.0,,,,1.0,10,2.0,10,1
2007-01-30,91231,,11,2,4961.0,48268R10,KSW,K S W INC,KSW,221330.0,A,A,R,50698,3,5070.0,,,,50.0,507.0,,,,,,,6.5499,0.010787,5735.0,1.05,6.5,37563.6765,KSW,10.0,,,,,1,10.0,1.0,,,,,,,,,,,,,,,,,,,,,9.0,4.0,,,,,,,3.0,,,9.0,10.0,8.0,1.0,1.0,,,1.0,,,,1.0,10,2.0,10,1
2007-01-31,91231,,11,2,4961.0,48268R10,KSW,K S W INC,KSW,221330.0,A,A,R,50698,3,5070.0,,,,50.0,507.0,,,,,,,6.5,-0.007618,5735.0,1.05,6.53,37277.5,KSW,10.0,,,,,1,10.0,1.0,,,,,,,,,,,,,,,,,,,,,9.0,4.0,,,,,,,3.0,,,9.0,10.0,8.0,1.0,1.0,,,1.0,,,,1.0,10,2.0,10,1
2007-02-01,91231,,11,2,4961.0,48268R10,KSW,K S W INC,KSW,221330.0,A,A,R,50698,3,5070.0,,,,50.0,507.0,,,,,,,6.49,-0.001538,5735.0,1.05,6.48,37220.15,KSW,10.0,,,,,1,10.0,1.0,,,,,,,,,,,,,,,,,,,,,10.0,5.0,,,,,,,3.0,,,9.0,9.0,8.0,10.0,1.0,,,10.0,,,,1.0,10,2.0,10,1
2007-02-02,91231,,11,2,4961.0,48268R10,KSW,K S W INC,KSW,221330.0,A,A,R,50698,3,5070.0,,,,50.0,507.0,,,,,,,6.45,-0.006163,5735.0,1.05,6.49,36990.75,KSW,10.0,,,,,1,10.0,1.0,,,,,,,,,,,,,,,,,,,,,10.0,5.0,,,,,,,3.0,,,9.0,9.0,8.0,10.0,1.0,,,10.0,,,,1.0,10,2.0,10,1
2007-02-05,91231,,11,2,4961.0,48268R10,KSW,K S W INC,KSW,221330.0,A,A,R,50698,3,5070.0,,,,50.0,507.0,,,,,,,6.3,-0.023256,5735.0,1.05,6.41,36130.5,KSW,10.0,,,,,1,10.0,1.0,,,,,,,,,,,,,,,,,,,,,10.0,5.0,,,,,,,3.0,,,9.0,9.0,8.0,10.0,1.0,,,10.0,,,,1.0,10,2.0,10,1
2007-02-06,91231,,11,2,4961.0,48268R10,KSW,K S W INC,KSW,221330.0,A,A,R,50698,3,5070.0,,,,50.0,507.0,,,,,,,6.18,-0.019048,5735.0,1.05,6.25,35442.3,KSW,10.0,,,,,1,10.0,1.0,,,,,,,,,,,,,,,,,,,,,10.0,5.0,,,,,,,3.0,,,9.0,9.0,8.0,10.0,1.0,,,10.0,,,,1.0,10,2.0,10,1
2007-02-07,91231,,11,2,4961.0,48268R10,KSW,K S W INC,KSW,221330.0,A,A,R,50698,3,5070.0,,,,50.0,507.0,,,,,,,6.3799,0.032346,5735.0,1.05,6.18,36588.7265,KSW,10.0,,,,,1,10.0,1.0,,,,,,,,,,,,,,,,,,,,,10.0,5.0,,,,,,,3.0,,,9.0,9.0,8.0,10.0,1.0,,,10.0,,,,1.0,10,2.0,10,1
2007-02-08,91231,,11,2,4961.0,48268R10,KSW,K S W INC,KSW,221330.0,A,A,R,50698,3,5070.0,,,,50.0,507.0,,,,,,,6.36,-0.003119,5735.0,1.05,6.45,36474.6,KSW,10.0,,,,,1,10.0,1.0,,,,,,,,,,,,,,,,,,,,,10.0,5.0,,,,,,,3.0,,,9.0,9.0,8.0,10.0,1.0,,,10.0,,,,1.0,10,2.0,10,1
2007-02-09,91231,,11,2,4961.0,48268R10,KSW,K S W INC,KSW,221330.0,A,A,R,50698,3,5070.0,,,,50.0,507.0,,,,,,,6.35,-0.001572,5735.0,1.05,6.31,36417.25,KSW,10.0,,,,,1,10.0,1.0,,,,,,,,,,,,,,,,,,,,,10.0,5.0,,,,,,,3.0,,,9.0,9.0,8.0,10.0,1.0,,,10.0,,,,1.0,10,2.0,10,1
2007-02-12,91231,,11,2,4961.0,48268R10,KSW,K S W INC,KSW,221330.0,A,A,R,50698,3,5070.0,,,,50.0,507.0,,,,,,,6.15,-0.031496,5735.0,1.05,6.5,35270.25,KSW,10.0,,,,,1,10.0,1.0,,,,,,,,,,,,,,,,,,,,,10.0,5.0,,,,,,,3.0,,,9.0,9.0,8.0,10.0,1.0,,,10.0,,,,1.0,10,2.0,10,1
2007-02-13,91231,,11,2,4961.0,48268R10,KSW,K S W INC,KSW,221330.0,A,A,R,50698,3,5070.0,,,,50.0,507.0,,,,,,,6.1,-0.00813,5735.0,1.05,6.12,34983.5,KSW,10.0,,,,,1,10.0,1.0,,,,,,,,,,,,,,,,,,,,,10.0,5.0,,,,,,,3.0,,,9.0,9.0,8.0,10.0,1.0,,,10.0,,,,1.0,10,2.0,10,1
2007-02-14,91231,,11,2,4961.0,48268R10,KSW,K S W INC,KSW,221330.0,A,A,R,50698,3,5070.0,,,,50.0,507.0,,,,,,,6.18,0.013115,5735.0,1.05,6.07,35442.3,KSW,10.0,,,,,1,10.0,1.0,,,,,,,,,,,,,,,,,,,,,10.0,5.0,,,,,,,3.0,,,9.0,9.0,8.0,10.0,1.0,,,10.0,,,,1.0,10,2.0,10,1
2007-02-15,91231,,11,2,4961.0,48268R10,KSW,K S W INC,KSW,221330.0,A,A,R,50698,3,5070.0,,,,50.0,507.0,,,,,,,6.1,-0.012945,5735.0,1.05,6.17,34983.5,KSW,10.0,,,,,1,10.0,1.0,,,,,,,,,,,,,,,,,,,,,10.0,5.0,,,,,,,3.0,,,9.0,9.0,8.0,10.0,1.0,,,10.0,,,,1.0,10,2.0,10,1
2007-02-16,91231,,11,2,4961.0,48268R10,KSW,K S W INC,KSW,221330.0,A,A,R,50698,3,5070.0,,,,50.0,507.0,,,,,,,6.15,0.008197,5735.0,1.05,6.1,35270.25,KSW,10.0,,,,,1,10.0,1.0,,,,,,,,,,,,,,,,,,,,,10.0,5.0,,,,,,,3.0,,,9.0,9.0,8.0,10.0,1.0,,,10.0,,,,1.0,10,2.0,10,1
2007-02-20,91231,,11,2,4961.0,48268R10,KSW,K S W INC,KSW,221330.0,A,A,R,50698,3,5070.0,,,,50.0,507.0,,,,,,,6.11,-0.006504,5735.0,1.05,6.07,35040.85,KSW,10.0,,,,,1,10.0,1.0,,,,,,,,,,,,,,,,,,,,,10.0,5.0,,,,,,,3.0,,,9.0,9.0,8.0,10.0,1.0,,,10.0,,,,1.0,10,2.0,10,1
2007-02-21,91231,,11,2,4961.0,48268R10,KSW,K S W INC,KSW,221330.0,A,A,R,50698,3,5070.0,,,,50.0,507.0,,,,,,,6.2,0.01473,5735.0,1.05,6.11,35557.0,KSW,10.0,,,,,1,10.0,1.0,,,,,,,,,,,,,,,,,,,,,10.0,5.0,,,,,,,3.0,,,9.0,9.0,8.0,10.0,1.0,,,10.0,,,,1.0,10,2.0,10,1
2007-02-22,91231,,11,2,4961.0,48268R10,KSW,K S W INC,KSW,221330.0,A,A,R,50698,3,5070.0,,,,50.0,507.0,,,,,,,6.55,0.056452,5735.0,1.05,6.27,37564.25,KSW,10.0,,,,,1,10.0,1.0,,,,,,,,,,,,,,,,,,,,,10.0,5.0,,,,,,,3.0,,,9.0,9.0,8.0,10.0,1.0,,,10.0,,,,1.0,10,2.0,10,1
2007-02-23,91231,,11,2,4961.0,48268R10,KSW,K S W INC,KSW,221330.0,A,A,R,50698,3,5070.0,,,,50.0,507.0,,,,,,,6.6699,0.018305,5735.0,1.05,6.53,38251.8765,KSW,10.0,,,,,1,10.0,1.0,,,,,,,,,,,,,,,,,,,,,10.0,5.0,,,,,,,3.0,,,9.0,9.0,8.0,10.0,1.0,,,10.0,,,,1.0,10,2.0,10,1
2007-02-26,91231,,11,2,4961.0,48268R10,KSW,K S W INC,KSW,221330.0,A,A,R,50698,3,5070.0,,,,50.0,507.0,,,,,,,6.78,0.016507,5735.0,1.05,6.7,38883.3,KSW,10.0,,,,,1,10.0,1.0,,,,,,,,,,,,,,,,,,,,,10.0,5.0,,,,,,,3.0,,,9.0,9.0,8.0,10.0,1.0,,,10.0,,,,1.0,10,2.0,10,1
2007-02-27,91231,,11,2,4961.0,48268R10,KSW,K S W INC,KSW,221330.0,A,A,R,50698,3,5070.0,,,,50.0,507.0,,,,,,,6.684,-0.014159,5735.0,1.05,6.77,38332.74,KSW,10.0,,,,,1,10.0,1.0,,,,,,,,,,,,,,,,,,,,,10.0,5.0,,,,,,,3.0,,,9.0,9.0,8.0,10.0,1.0,,,10.0,,,,1.0,10,2.0,10,1
2007-02-28,91231,,11,2,4961.0,48268R10,KSW,K S W INC,KSW,221330.0,A,A,R,50698,3,5070.0,,,,50.0,507.0,,,,,,,6.68,-0.000598,5735.0,1.05,6.73,38309.8,KSW,10.0,,,,,1,10.0,1.0,,,,,,,,,,,,,,,,,,,,,10.0,5.0,,,,,,,3.0,,,9.0,9.0,8.0,10.0,1.0,,,10.0,,,,1.0,10,2.0,10,1
2007-03-01,91231,,11,2,4961.0,48268R10,KSW,K S W INC,KSW,221330.0,A,A,R,50698,3,5070.0,,,,50.0,507.0,,,,,,,6.49,-0.028443,5735.0,1.05,6.62,37220.15,KSW,10.0,,,,,1,10.0,1.0,,,,,,,,,,,,,,,,,,,,,10.0,6.0,,,,,,,3.0,,,10.0,10.0,9.0,3.0,1.0,,,4.0,,,,1.0,10,2.0,10,1
2007-03-02,91231,,11,2,4961.0,48268R10,KSW,K S W INC,KSW,221330.0,A,A,R,50698,3,5070.0,,,,50.0,507.0,,,,,,,6.31,-0.027735,5735.0,1.05,6.54,36187.85,KSW,10.0,,,,,1,10.0,1.0,,,,,,,,,,,,,,,,,,,,,10.0,6.0,,,,,,,3.0,,,10.0,10.0,9.0,3.0,1.0,,,4.0,,,,1.0,10,2.0,10,1
2007-03-05,91231,,11,2,4961.0,48268R10,KSW,K S W INC,KSW,221330.0,A,A,R,50698,3,5070.0,,,,50.0,507.0,,,,,,,6.233,-0.012203,5735.0,1.05,6.3,35746.255,KSW,10.0,,,,,1,10.0,1.0,,,,,,,,,,,,,,,,,,,,,10.0,6.0,,,,,,,3.0,,,10.0,10.0,9.0,3.0,1.0,,,4.0,,,,1.0,10,2.0,10,1
2007-03-06,91231,,11,2,4961.0,48268R10,KSW,K S W INC,KSW,221330.0,A,A,R,50698,3,5070.0,,,,50.0,507.0,,,,,,,6.35,0.018771,5735.0,1.05,6.25,36417.25,KSW,10.0,,,,,1,10.0,1.0,,,,,,,,,,,,,,,,,,,,,10.0,6.0,,,,,,,3.0,,,10.0,10.0,9.0,3.0,1.0,,,4.0,,,,1.0,10,2.0,10,1
2007-03-07,91231,,11,2,4961.0,48268R10,KSW,K S W INC,KSW,221330.0,A,A,R,50698,3,5070.0,,,,50.0,507.0,,,,,,,6.4199,0.011008,5735.0,1.05,6.35,36818.1265,KSW,10.0,,,,,1,10.0,1.0,,,,,,,,,,,,,,,,,,,,,10.0,6.0,,,,,,,3.0,,,10.0,10.0,9.0,3.0,1.0,,,4.0,,,,1.0,10,2.0,10,1
2007-03-08,91231,,11,2,4961.0,48268R10,KSW,K S W INC,KSW,221330.0,A,A,R,50698,3,5070.0,,,,50.0,507.0,,,,,,,6.38,-0.006215,5735.0,1.05,6.43,36589.3,KSW,10.0,,,,,1,10.0,1.0,,,,,,,,,,,,,,,,,,,,,10.0,6.0,,,,,,,3.0,,,10.0,10.0,9.0,3.0,1.0,,,4.0,,,,1.0,10,2.0,10,1
2007-03-09,91231,,11,2,4961.0,48268R10,KSW,K S W INC,KSW,221330.0,A,A,R,50698,3,5070.0,,,,50.0,507.0,,,,,,,6.2101,-0.02663,5735.0,1.05,6.25,35614.9235,KSW,10.0,,,,,1,10.0,1.0,,,,,,,,,,,,,,,,,,,,,10.0,6.0,,,,,,,3.0,,,10.0,10.0,9.0,3.0,1.0,,,4.0,,,,1.0,10,2.0,10,1
2007-03-12,91231,,11,2,4961.0,48268R10,KSW,K S W INC,KSW,221330.0,A,A,R,50698,3,5070.0,,,,50.0,507.0,,,,,,,6.21,-1.6e-05,5735.0,1.05,6.21,35614.35,KSW,10.0,,,,,1,10.0,1.0,,,,,,,,,,,,,,,,,,,,,10.0,6.0,,,,,,,3.0,,,10.0,10.0,9.0,3.0,1.0,,,4.0,,,,1.0,10,2.0,10,1
2007-03-13,91231,,11,2,4961.0,48268R10,KSW,K S W INC,KSW,221330.0,A,A,R,50698,3,5070.0,,,,50.0,507.0,,,,,,,6.25,0.006441,5735.0,1.05,6.26,35843.75,KSW,10.0,,,,,1,10.0,1.0,,,,,,,,,,,,,,,,,,,,,10.0,6.0,,,,,,,3.0,,,10.0,10.0,9.0,3.0,1.0,,,4.0,,,,1.0,10,2.0,10,1
2007-03-14,91231,,11,2,4961.0,48268R10,KSW,K S W INC,KSW,221330.0,A,A,R,50698,3,5070.0,,,,50.0,507.0,,,,,,,6.34,0.0144,5735.0,1.05,6.12,36359.9,KSW,10.0,,,,,1,10.0,1.0,,,,,,,,,,,,,,,,,,,,,10.0,6.0,,,,,,,3.0,,,10.0,10.0,9.0,3.0,1.0,,,4.0,,,,1.0,10,2.0,10,1
2007-03-15,91231,,11,2,4961.0,48268R10,KSW,K S W INC,KSW,221330.0,A,A,R,50698,3,5070.0,,,,50.0,507.0,,,,,,,6.35,0.001577,5735.0,1.05,6.3,36417.25,KSW,10.0,,,,,1,10.0,1.0,,,,,,,,,,,,,,,,,,,,,10.0,6.0,,,,,,,3.0,,,10.0,10.0,9.0,3.0,1.0,,,4.0,,,,1.0,10,2.0,10,1
2007-03-16,91231,,11,2,4961.0,48268R10,KSW,K S W INC,KSW,221330.0,A,A,R,50698,3,5070.0,,,,50.0,507.0,,,,,,,6.44,0.014173,5735.0,1.05,6.3,36933.4,KSW,10.0,,,,,1,10.0,1.0,,,,,,,,,,,,,,,,,,,,,10.0,6.0,,,,,,,3.0,,,10.0,10.0,9.0,3.0,1.0,,,4.0,,,,1.0,10,2.0,10,1
2007-03-19,91231,,11,2,4961.0,48268R10,KSW,K S W INC,KSW,221330.0,A,A,R,50698,3,5070.0,,,,50.0,507.0,,,,,,,6.48,0.006211,5735.0,1.05,6.44,37162.8,KSW,10.0,,,,,1,10.0,1.0,,,,,,,,,,,,,,,,,,,,,10.0,6.0,,,,,,,3.0,,,10.0,10.0,9.0,3.0,1.0,,,4.0,,,,1.0,10,2.0,10,1
2007-03-20,91231,,11,2,4961.0,48268R10,KSW,K S W INC,KSW,221330.0,A,A,R,50698,3,5070.0,,,,50.0,507.0,,,,,,,6.45,-0.00463,5735.0,1.05,6.41,36990.75,KSW,10.0,,,,,1,10.0,1.0,,,,,,,,,,,,,,,,,,,,,10.0,6.0,,,,,,,3.0,,,10.0,10.0,9.0,3.0,1.0,,,4.0,,,,1.0,10,2.0,10,1
2007-03-21,91231,,11,2,4961.0,48268R10,KSW,K S W INC,KSW,221330.0,A,A,R,50698,3,5070.0,,,,50.0,507.0,,,,,,,6.4,-0.007752,5735.0,1.05,6.41,36704.0,KSW,10.0,,,,,1,10.0,1.0,,,,,,,,,,,,,,,,,,,,,10.0,6.0,,,,,,,3.0,,,10.0,10.0,9.0,3.0,1.0,,,4.0,,,,1.0,10,2.0,10,1
2007-03-22,91231,,11,2,4961.0,48268R10,KSW,K S W INC,KSW,221330.0,A,A,R,50698,3,5070.0,,,,50.0,507.0,,,,,,,6.39,-0.001563,5735.0,1.05,6.38,36646.65,KSW,10.0,,,,,1,10.0,1.0,,,,,,,,,,,,,,,,,,,,,10.0,6.0,,,,,,,3.0,,,10.0,10.0,9.0,3.0,1.0,,,4.0,,,,1.0,10,2.0,10,1
2007-03-23,91231,,11,2,4961.0,48268R10,KSW,K S W INC,KSW,221330.0,A,A,R,50698,3,5070.0,,,,50.0,507.0,,,,,,,6.46,0.010955,5735.0,1.05,6.4,37048.1,KSW,10.0,,,,,1,10.0,1.0,,,,,,,,,,,,,,,,,,,,,10.0,6.0,,,,,,,3.0,,,10.0,10.0,9.0,3.0,1.0,,,4.0,,,,1.0,10,2.0,10,1
2007-03-26,91231,,11,2,4961.0,48268R10,KSW,K S W INC,KSW,221330.0,A,A,R,50698,3,5070.0,,,,50.0,507.0,,,,,,,6.34,-0.018576,5735.0,1.05,6.37,36359.9,KSW,10.0,,,,,1,10.0,1.0,,,,,,,,,,,,,,,,,,,,,10.0,6.0,,,,,,,3.0,,,10.0,10.0,9.0,3.0,1.0,,,4.0,,,,1.0,10,2.0,10,1
2007-03-27,91231,,11,2,4961.0,48268R10,KSW,K S W INC,KSW,221330.0,A,A,R,50698,3,5070.0,,,,50.0,507.0,,,,,,,6.43,0.014196,5735.0,1.05,6.31,36876.05,KSW,10.0,,,,,1,10.0,1.0,,,,,,,,,,,,,,,,,,,,,10.0,6.0,,,,,,,3.0,,,10.0,10.0,9.0,3.0,1.0,,,4.0,,,,1.0,10,2.0,10,1
2007-03-28,91231,,11,2,4961.0,48268R10,KSW,K S W INC,KSW,221330.0,A,A,R,50698,3,5070.0,,,,50.0,507.0,,,,,,,6.25,-0.027994,5735.0,1.05,6.41,35843.75,KSW,10.0,,,,,1,10.0,1.0,,,,,,,,,,,,,,,,,,,,,10.0,6.0,,,,,,,3.0,,,10.0,10.0,9.0,3.0,1.0,,,4.0,,,,1.0,10,2.0,10,1
2007-03-29,91231,,11,2,4961.0,48268R10,KSW,K S W INC,KSW,221330.0,A,A,R,50698,3,5070.0,,,,50.0,507.0,,,,,,,6.28,0.0048,5735.0,1.05,6.23,36015.8,KSW,10.0,,,,,1,10.0,1.0,,,,,,,,,,,,,,,,,,,,,10.0,6.0,,,,,,,3.0,,,10.0,10.0,9.0,3.0,1.0,,,4.0,,,,1.0,10,2.0,10,1
2007-03-30,91231,,11,2,4961.0,48268R10,KSW,K S W INC,KSW,221330.0,A,A,R,50698,3,5070.0,,,,50.0,507.0,,,,,,,6.41,0.020701,5804.0,1.05,6.23,37203.64,KSW,10.0,,,,,1,10.0,1.0,,,,,,,,,,,,,,,,,,,,,10.0,6.0,,,,,,,3.0,,,10.0,10.0,9.0,3.0,1.0,,,4.0,,,,1.0,10,2.0,10,1
2007-04-02,91231,,11,2,4961.0,48268R10,KSW,K S W INC,KSW,221330.0,A,A,R,50698,3,5070.0,,,,50.0,507.0,,,,,,,6.29,-0.018721,5804.0,1.05,6.35,36507.16,KSW,10.0,,,,,1,10.0,1.0,,,,,,,,,,,,,,,,,,,,,10.0,7.0,,,,,,,4.0,,,10.0,9.0,9.0,9.0,2.0,,,9.0,,,,1.0,10,4.0,10,1
2007-04-03,91231,,11,2,4961.0,48268R10,KSW,K S W INC,KSW,221330.0,A,A,R,50698,3,5070.0,,,,50.0,507.0,,,,,,,6.334,0.006995,5804.0,1.05,6.25,36762.536,KSW,10.0,,,,,1,10.0,1.0,,,,,,,,,,,,,,,,,,,,,10.0,7.0,,,,,,,4.0,,,10.0,9.0,9.0,9.0,2.0,,,9.0,,,,1.0,10,4.0,10,1
2007-04-04,91231,,11,2,4961.0,48268R10,KSW,K S W INC,KSW,221330.0,A,A,R,50698,3,5070.0,,,,50.0,507.0,,,,,,,6.4,0.01042,5804.0,1.05,6.25,37145.6,KSW,10.0,,,,,1,10.0,1.0,,,,,,,,,,,,,,,,,,,,,10.0,7.0,,,,,,,4.0,,,10.0,9.0,9.0,9.0,2.0,,,9.0,,,,1.0,10,4.0,10,1
2007-04-05,91231,,11,2,4961.0,48268R10,KSW,K S W INC,KSW,221330.0,A,A,R,50698,3,5070.0,,,,50.0,507.0,,,,,,,6.59,0.029688,5804.0,1.05,6.4,38248.36,KSW,10.0,,,,,1,10.0,1.0,,,,,,,,,,,,,,,,,,,,,10.0,7.0,,,,,,,4.0,,,10.0,9.0,9.0,9.0,2.0,,,9.0,,,,1.0,10,4.0,10,1
2007-04-09,91231,,11,2,4961.0,48268R10,KSW,K S W INC,KSW,221330.0,A,A,R,50698,3,5070.0,,,,50.0,507.0,,,,,,,6.7264,0.020698,5804.0,1.05,6.65,39040.0256,KSW,10.0,,,,,1,10.0,1.0,,,,,,,,,,,,,,,,,,,,,10.0,7.0,,,,,,,4.0,,,10.0,9.0,9.0,9.0,2.0,,,9.0,,,,1.0,10,4.0,10,1
2007-04-10,91231,,11,2,4961.0,48268R10,KSW,K S W INC,KSW,221330.0,A,A,R,50698,3,5070.0,,,,50.0,507.0,,,,,,,6.71,-0.002438,5804.0,1.05,6.83,38944.84,KSW,10.0,,,,,1,10.0,1.0,,,,,,,,,,,,,,,,,,,,,10.0,7.0,,,,,,,4.0,,,10.0,9.0,9.0,9.0,2.0,,,9.0,,,,1.0,10,4.0,10,1
2007-04-11,91231,,11,2,4961.0,48268R10,KSW,K S W INC,KSW,221330.0,A,A,R,50698,3,5070.0,,,,50.0,507.0,,,,,,,6.89,0.026826,5804.0,1.05,6.74,39989.56,KSW,10.0,,,,,1,10.0,1.0,,,,,,,,,,,,,,,,,,,,,10.0,7.0,,,,,,,4.0,,,10.0,9.0,9.0,9.0,2.0,,,9.0,,,,1.0,10,4.0,10,1
2007-04-12,91231,,11,2,4961.0,48268R10,KSW,K S W INC,KSW,221330.0,A,A,R,50698,3,5070.0,,,,50.0,507.0,,,,,,,7.15,0.037736,5804.0,1.05,6.93,41498.6,KSW,10.0,,,,,1,10.0,1.0,,,,,,,,,,,,,,,,,,,,,10.0,7.0,,,,,,,4.0,,,10.0,9.0,9.0,9.0,2.0,,,9.0,,,,1.0,10,4.0,10,1
2007-04-13,91231,,11,2,4961.0,48268R10,KSW,K S W INC,KSW,221330.0,A,A,R,50698,3,5070.0,,,,50.0,507.0,,,,,,,7.06,-0.012587,5804.0,1.05,7.15,40976.24,KSW,10.0,,,,,1,10.0,1.0,,,,,,,,,,,,,,,,,,,,,10.0,7.0,,,,,,,4.0,,,10.0,9.0,9.0,9.0,2.0,,,9.0,,,,1.0,10,4.0,10,1
2007-04-16,91231,,11,2,4961.0,48268R10,KSW,K S W INC,KSW,221330.0,A,A,R,50698,3,5070.0,,,,50.0,507.0,,,,,,,7.0,-0.008499,5804.0,1.05,7.05,40628.0,KSW,10.0,,,,,1,10.0,1.0,,,,,,,,,,,,,,,,,,,,,10.0,7.0,,,,,,,4.0,,,10.0,9.0,9.0,9.0,2.0,,,9.0,,,,1.0,10,4.0,10,1
2007-04-17,91231,,11,2,4961.0,48268R10,KSW,K S W INC,KSW,221330.0,A,A,R,50698,3,5070.0,,,,50.0,507.0,,,,,,,6.97,-0.004286,5804.0,1.05,6.95,40453.88,KSW,10.0,,,,,1,10.0,1.0,,,,,,,,,,,,,,,,,,,,,10.0,7.0,,,,,,,4.0,,,10.0,9.0,9.0,9.0,2.0,,,9.0,,,,1.0,10,4.0,10,1
2007-04-18,91231,,11,2,4961.0,48268R10,KSW,K S W INC,KSW,221330.0,A,A,R,50698,3,5070.0,,,,50.0,507.0,,,,,,,6.98,0.001435,5804.0,1.05,6.97,40511.92,KSW,10.0,,,,,1,10.0,1.0,,,,,,,,,,,,,,,,,,,,,10.0,7.0,,,,,,,4.0,,,10.0,9.0,9.0,9.0,2.0,,,9.0,,,,1.0,10,4.0,10,1
2007-04-19,91231,,11,2,4961.0,48268R10,KSW,K S W INC,KSW,221330.0,A,A,R,50698,3,5070.0,,,,50.0,507.0,,,,,,,6.98,0.0,5804.0,1.05,6.99,40511.92,KSW,10.0,,,,,1,10.0,1.0,,,,,,,,,,,,,,,,,,,,,10.0,7.0,,,,,,,4.0,,,10.0,9.0,9.0,9.0,2.0,,,9.0,,,,1.0,10,4.0,10,1
2007-04-20,91231,,11,2,4961.0,48268R10,KSW,K S W INC,KSW,221330.0,A,A,R,50698,3,5070.0,,,,50.0,507.0,,,,,,,7.12,0.020057,5804.0,1.05,6.93,41324.48,KSW,10.0,,,,,1,10.0,1.0,,,,,,,,,,,,,,,,,,,,,10.0,7.0,,,,,,,4.0,,,10.0,9.0,9.0,9.0,2.0,,,9.0,,,,1.0,10,4.0,10,1
2007-04-23,91231,,11,2,4961.0,48268R10,KSW,K S W INC,KSW,221330.0,A,A,R,50698,3,5070.0,,,,50.0,507.0,,,,,,,7.0,-0.016854,5804.0,1.05,7.06,40628.0,KSW,10.0,,,,,1,10.0,1.0,,,,,,,,,,,,,,,,,,,,,10.0,7.0,,,,,,,4.0,,,10.0,9.0,9.0,9.0,2.0,,,9.0,,,,1.0,10,4.0,10,1
2007-04-24,91231,,11,2,4961.0,48268R10,KSW,K S W INC,KSW,221330.0,A,A,R,50698,3,5070.0,,,,50.0,507.0,,,,,,,6.9,-0.014286,5804.0,1.05,6.9,40047.6,KSW,10.0,,,,,1,10.0,1.0,,,,,,,,,,,,,,,,,,,,,10.0,7.0,,,,,,,4.0,,,10.0,9.0,9.0,9.0,2.0,,,9.0,,,,1.0,10,4.0,10,1
2007-04-25,91231,,11,2,4961.0,48268R10,KSW,K S W INC,KSW,221330.0,A,A,R,50698,3,5070.0,,,,50.0,507.0,,,,,,,6.89,-0.001449,5804.0,1.05,6.93,39989.56,KSW,10.0,,,,,1,10.0,1.0,,,,,,,,,,,,,,,,,,,,,10.0,7.0,,,,,,,4.0,,,10.0,9.0,9.0,9.0,2.0,,,9.0,,,,1.0,10,4.0,10,1
2007-04-26,91231,,11,2,4961.0,48268R10,KSW,K S W INC,KSW,221330.0,A,A,R,50698,3,5070.0,,,,50.0,507.0,,,,,,,7.0,0.015965,5804.0,1.05,6.9,40628.0,KSW,10.0,,,,,1,10.0,1.0,,,,,,,,,,,,,,,,,,,,,10.0,7.0,,,,,,,4.0,,,10.0,9.0,9.0,9.0,2.0,,,9.0,,,,1.0,10,4.0,10,1
2007-04-27,91231,,11,2,4961.0,48268R10,KSW,K S W INC,KSW,221330.0,A,A,R,50698,3,5070.0,,,,50.0,507.0,,,,,,,7.04,0.005714,5804.0,1.05,7.0,40860.16,KSW,10.0,,,,,1,10.0,1.0,,,,,,,,,,,,,,,,,,,,,10.0,7.0,,,,,,,4.0,,,10.0,9.0,9.0,9.0,2.0,,,9.0,,,,1.0,10,4.0,10,1
2007-04-30,91231,,11,2,4961.0,48268R10,KSW,K S W INC,KSW,221330.0,A,A,R,50698,3,5070.0,,,,50.0,507.0,,,,,,,7.0,-0.005682,5804.0,1.05,6.91,40628.0,KSW,10.0,,,,,1,10.0,1.0,,,,,,,,,,,,,,,,,,,,,10.0,7.0,,,,,,,4.0,,,10.0,9.0,9.0,9.0,2.0,,,9.0,,,,1.0,10,4.0,10,1
2007-05-01,91231,,11,2,4961.0,48268R10,KSW,K S W INC,KSW,221330.0,A,A,R,50698,3,5070.0,,,,50.0,507.0,,,,,,,7.05,0.007143,5804.0,1.05,7.0,40918.2,KSW,10.0,,,,,1,10.0,1.0,,,,,,,,,,,,,,,,,,,,,10.0,5.0,,,,9.0,,,4.0,,,10.0,10.0,9.0,2.0,3.0,,,1.0,,,,1.0,10,5.0,10,1
2007-05-02,91231,,11,2,4961.0,48268R10,KSW,K S W INC,KSW,221330.0,A,A,R,50698,3,5070.0,,,,50.0,507.0,,,,,,,7.3799,0.046794,5804.0,1.05,7.04,42832.9396,KSW,10.0,,,,,1,10.0,1.0,,,,,,,,,,,,,,,,,,,,,10.0,5.0,,,,9.0,,,4.0,,,10.0,10.0,9.0,2.0,3.0,,,1.0,,,,1.0,10,5.0,10,1
2007-05-03,91231,,11,2,4961.0,48268R10,KSW,K S W INC,KSW,221330.0,A,A,R,50698,3,5070.0,,,,50.0,507.0,,,,,,,6.96,-0.056898,5804.0,1.05,7.39,40395.84,KSW,10.0,,,,,1,10.0,1.0,,,,,,,,,,,,,,,,,,,,,10.0,5.0,,,,9.0,,,4.0,,,10.0,10.0,9.0,2.0,3.0,,,1.0,,,,1.0,10,5.0,10,1
2007-05-04,91231,,11,2,4961.0,48268R10,KSW,K S W INC,KSW,221330.0,A,A,R,50698,3,5070.0,,,,50.0,507.0,,,,,,,6.98,0.002874,5804.0,1.05,6.95,40511.92,KSW,10.0,,,,,1,10.0,1.0,,,,,,,,,,,,,,,,,,,,,10.0,5.0,,,,9.0,,,4.0,,,10.0,10.0,9.0,2.0,3.0,,,1.0,,,,1.0,10,5.0,10,1
2007-05-07,91231,,11,2,4961.0,48268R10,KSW,K S W INC,KSW,221330.0,A,A,R,50698,3,5070.0,,,,50.0,507.0,,,,,,,7.0,0.002865,5804.0,1.05,7.08,40628.0,KSW,10.0,,,,,1,10.0,1.0,,,,,,,,,,,,,,,,,,,,,10.0,5.0,,,,9.0,,,4.0,,,10.0,10.0,9.0,2.0,3.0,,,1.0,,,,1.0,10,5.0,10,1
2007-05-08,91231,,11,2,4961.0,48268R10,KSW,K S W INC,KSW,221330.0,A,A,R,50698,3,5070.0,,,,50.0,507.0,,,,,,,6.88,-0.017143,5804.0,1.05,6.98,39931.52,KSW,10.0,,,,,1,10.0,1.0,,,,,,,,,,,,,,,,,,,,,10.0,5.0,,,,9.0,,,4.0,,,10.0,10.0,9.0,2.0,3.0,,,1.0,,,,1.0,10,5.0,10,1
2007-05-09,91231,,11,2,4961.0,48268R10,KSW,K S W INC,KSW,221330.0,A,A,R,50698,3,5070.0,,,,50.0,507.0,,,,,,,6.85,-0.00436,5804.0,1.05,6.84,39757.4,KSW,10.0,,,,,1,10.0,1.0,,,,,,,,,,,,,,,,,,,,,10.0,5.0,,,,9.0,,,4.0,,,10.0,10.0,9.0,2.0,3.0,,,1.0,,,,1.0,10,5.0,10,1
2007-05-10,91231,,11,2,4961.0,48268R10,KSW,K S W INC,KSW,221330.0,A,A,R,50698,3,5070.0,,,,50.0,507.0,,,,,,,6.81,-0.005839,5804.0,1.05,6.85,39525.24,KSW,10.0,,,,,1,10.0,1.0,,,,,,,,,,,,,,,,,,,,,10.0,5.0,,,,9.0,,,4.0,,,10.0,10.0,9.0,2.0,3.0,,,1.0,,,,1.0,10,5.0,10,1
2007-05-11,91231,,11,2,4961.0,48268R10,KSW,K S W INC,KSW,221330.0,A,A,R,50698,3,5070.0,,,,50.0,507.0,,,,,,,6.86,0.007342,5804.0,1.05,6.9,39815.44,KSW,10.0,,,,,1,10.0,1.0,,,,,,,,,,,,,,,,,,,,,10.0,5.0,,,,9.0,,,4.0,,,10.0,10.0,9.0,2.0,3.0,,,1.0,,,,1.0,10,5.0,10,1
2007-05-14,91231,,11,2,4961.0,48268R10,KSW,K S W INC,KSW,221330.0,A,A,R,50698,3,5070.0,,,,50.0,507.0,,,,,,,6.84,-0.002915,5804.0,1.05,6.84,39699.36,KSW,10.0,,,,,1,10.0,1.0,,,,,,,,,,,,,,,,,,,,,10.0,5.0,,,,9.0,,,4.0,,,10.0,10.0,9.0,2.0,3.0,,,1.0,,,,1.0,10,5.0,10,1
2007-05-15,91231,,11,2,4961.0,48268R10,KSW,K S W INC,KSW,221330.0,A,A,R,50698,3,5070.0,,,,50.0,507.0,,,,,,,6.95,0.016082,5804.0,1.05,6.8,40337.8,KSW,10.0,,,,,1,10.0,1.0,,,,,,,,,,,,,,,,,,,,,10.0,5.0,,,,9.0,,,4.0,,,10.0,10.0,9.0,2.0,3.0,,,1.0,,,,1.0,10,5.0,10,1
2007-05-16,91231,,11,2,4961.0,48268R10,KSW,K S W INC,KSW,221330.0,A,A,R,50698,3,5070.0,,,,50.0,507.0,,,,,,,6.95,0.0,5804.0,1.05,6.97,40337.8,KSW,10.0,,,,,1,10.0,1.0,,,,,,,,,,,,,,,,,,,,,10.0,5.0,,,,9.0,,,4.0,,,10.0,10.0,9.0,2.0,3.0,,,1.0,,,,1.0,10,5.0,10,1
2007-05-17,91231,,11,2,4961.0,48268R10,KSW,K S W INC,KSW,221330.0,A,A,R,50698,3,5070.0,,,,50.0,507.0,,,,,,,7.0699,0.017252,5804.0,1.05,6.97,41033.6996,KSW,10.0,,,,,1,10.0,1.0,,,,,,,,,,,,,,,,,,,,,10.0,5.0,,,,9.0,,,4.0,,,10.0,10.0,9.0,2.0,3.0,,,1.0,,,,1.0,10,5.0,10,1
2007-05-18,91231,,11,2,4961.0,48268R10,KSW,K S W INC,KSW,221330.0,A,A,R,50698,3,5070.0,,,,50.0,507.0,,,,,,,7.04,-0.004229,5804.0,1.05,7.14,40860.16,KSW,10.0,,,,,1,10.0,1.0,,,,,,,,,,,,,,,,,,,,,10.0,5.0,,,,9.0,,,4.0,,,10.0,10.0,9.0,2.0,3.0,,,1.0,,,,1.0,10,5.0,10,1
2007-05-21,91231,,11,2,4961.0,48268R10,KSW,K S W INC,KSW,221330.0,A,A,R,50698,3,5070.0,,,,50.0,507.0,,,,,,,7.1399,0.01419,5804.0,1.05,7.05,41439.9796,KSW,10.0,,,,,1,10.0,1.0,,,,,,,,,,,,,,,,,,,,,10.0,5.0,,,,9.0,,,4.0,,,10.0,10.0,9.0,2.0,3.0,,,1.0,,,,1.0,10,5.0,10,1
2007-05-22,91231,,11,2,4961.0,48268R10,KSW,K S W INC,KSW,221330.0,A,A,R,50698,3,5070.0,,,,50.0,507.0,5533.0,0.0,0.05,,,,6.95,0.022073,6094.0,1.0,6.85,42353.3,KSW,10.0,,,,,1,10.0,1.0,,,,,,,,,,,,,,,,,,,,,10.0,5.0,,,,9.0,,,4.0,,,10.0,10.0,9.0,2.0,3.0,,,1.0,,,,1.0,10,5.0,10,1
2007-05-23,91231,,11,2,4961.0,48268R10,KSW,K S W INC,KSW,221330.0,A,A,R,50698,3,5070.0,,,,50.0,507.0,,,,,,,7.05,0.014389,6094.0,1.0,6.98,42962.7,KSW,10.0,,,,,1,10.0,1.0,,,,,,,,,,,,,,,,,,,,,10.0,5.0,,,,9.0,,,4.0,,,10.0,10.0,9.0,2.0,3.0,,,1.0,,,,1.0,10,5.0,10,1
2007-05-24,91231,,11,2,4961.0,48268R10,KSW,K S W INC,KSW,221330.0,A,A,R,50698,3,5070.0,,,,50.0,507.0,,,,,,,6.94,-0.015603,6094.0,1.0,6.95,42292.36,KSW,10.0,,,,,1,10.0,1.0,,,,,,,,,,,,,,,,,,,,,10.0,5.0,,,,9.0,,,4.0,,,10.0,10.0,9.0,2.0,3.0,,,1.0,,,,1.0,10,5.0,10,1
2007-05-25,91231,,11,2,4961.0,48268R10,KSW,K S W INC,KSW,221330.0,A,A,R,50698,3,5070.0,,,,50.0,507.0,,,,,,,6.9,-0.005764,6094.0,1.0,6.9,42048.6,KSW,10.0,,,,,1,10.0,1.0,,,,,,,,,,,,,,,,,,,,,10.0,5.0,,,,9.0,,,4.0,,,10.0,10.0,9.0,2.0,3.0,,,1.0,,,,1.0,10,5.0,10,1
2007-05-29,91231,,11,2,4961.0,48268R10,KSW,K S W INC,KSW,221330.0,A,A,R,50698,3,5070.0,,,,50.0,507.0,,,,,,,6.93,0.004348,6094.0,1.0,6.9,42231.42,KSW,10.0,,,,,1,10.0,1.0,,,,,,,,,,,,,,,,,,,,,10.0,5.0,,,,9.0,,,4.0,,,10.0,10.0,9.0,2.0,3.0,,,1.0,,,,1.0,10,5.0,10,1
2007-05-30,91231,,11,2,4961.0,48268R10,KSW,K S W INC,KSW,221330.0,A,A,R,50698,3,5070.0,,,,50.0,507.0,,,,,,,7.1,0.024531,6094.0,1.0,6.97,43267.4,KSW,10.0,,,,,1,10.0,1.0,,,,,,,,,,,,,,,,,,,,,10.0,5.0,,,,9.0,,,4.0,,,10.0,10.0,9.0,2.0,3.0,,,1.0,,,,1.0,10,5.0,10,1
2007-05-31,91231,,11,2,4961.0,48268R10,KSW,K S W INC,KSW,221330.0,A,A,R,50698,3,5070.0,,,,50.0,507.0,,,,,,,7.1,0.0,6094.0,1.0,7.1,43267.4,KSW,10.0,,,,,1,10.0,1.0,,,,,,,,,,,,,,,,,,,,,10.0,5.0,,,,9.0,,,4.0,,,10.0,10.0,9.0,2.0,3.0,,,1.0,,,,1.0,10,5.0,10,1
2007-06-01,91231,,11,2,4961.0,48268R10,KSW,K S W INC,KSW,221330.0,A,A,R,50698,3,5070.0,,,,50.0,507.0,,,,,,,7.0,-0.014084,6094.0,1.0,7.0,42658.0,KSW,10.0,,,,,1,10.0,1.0,,,,,,,,,,,,,,,,,,,,,9.0,5.0,,,,9.0,,,4.0,3.0,,10.0,9.0,9.0,4.0,3.0,,,3.0,,,,1.0,10,7.0,10,1
2007-06-04,91231,,11,2,4961.0,48268R10,KSW,K S W INC,KSW,221330.0,A,A,R,50698,3,5070.0,,,,50.0,507.0,,,,,,,7.0,0.0,6094.0,1.0,6.97,42658.0,KSW,10.0,,,,,1,10.0,1.0,,,,,,,,,,,,,,,,,,,,,9.0,5.0,,,,9.0,,,4.0,3.0,,10.0,9.0,9.0,4.0,3.0,,,3.0,,,,1.0,10,7.0,10,1
2007-06-05,91231,,11,2,4961.0,48268R10,KSW,K S W INC,KSW,221330.0,A,A,R,50698,3,5070.0,,,,50.0,507.0,,,,,,,7.0,0.0,6094.0,1.0,7.0,42658.0,KSW,10.0,,,,,1,10.0,1.0,,,,,,,,,,,,,,,,,,,,,9.0,5.0,,,,9.0,,,4.0,3.0,,10.0,9.0,9.0,4.0,3.0,,,3.0,,,,1.0,10,7.0,10,1
2007-06-06,91231,,11,2,4961.0,48268R10,KSW,K S W INC,KSW,221330.0,A,A,R,50698,3,5070.0,,,,50.0,507.0,,,,,,,6.99,-0.001429,6094.0,1.0,6.9,42597.06,KSW,10.0,,,,,1,10.0,1.0,,,,,,,,,,,,,,,,,,,,,9.0,5.0,,,,9.0,,,4.0,3.0,,10.0,9.0,9.0,4.0,3.0,,,3.0,,,,1.0,10,7.0,10,1
2007-06-07,91231,,11,2,4961.0,48268R10,KSW,K S W INC,KSW,221330.0,A,A,R,50698,3,5070.0,,,,50.0,507.0,,,,,,,7.04,0.007153,6094.0,1.0,6.9,42901.76,KSW,10.0,,,,,1,10.0,1.0,,,,,,,,,,,,,,,,,,,,,9.0,5.0,,,,9.0,,,4.0,3.0,,10.0,9.0,9.0,4.0,3.0,,,3.0,,,,1.0,10,7.0,10,1
2007-06-08,91231,,11,2,4961.0,48268R10,KSW,K S W INC,KSW,221330.0,A,A,R,50698,3,5070.0,,,,50.0,507.0,,,,,,,7.1,0.008523,6094.0,1.0,7.0001,43267.4,KSW,10.0,,,,,1,10.0,1.0,,,,,,,,,,,,,,,,,,,,,9.0,5.0,,,,9.0,,,4.0,3.0,,10.0,9.0,9.0,4.0,3.0,,,3.0,,,,1.0,10,7.0,10,1
2007-06-11,91231,,11,2,4961.0,48268R10,KSW,K S W INC,KSW,221330.0,A,A,R,50698,3,5070.0,,,,50.0,507.0,,,,,,,7.08,-0.002817,6094.0,1.0,7.17,43145.52,KSW,10.0,,,,,1,10.0,1.0,,,,,,,,,,,,,,,,,,,,,9.0,5.0,,,,9.0,,,4.0,3.0,,10.0,9.0,9.0,4.0,3.0,,,3.0,,,,1.0,10,7.0,10,1
2007-06-12,91231,,11,2,4961.0,48268R10,KSW,K S W INC,KSW,221330.0,A,A,R,50698,3,5070.0,,,,50.0,507.0,,,,,,,7.19,0.015537,6094.0,1.0,7.13,43815.86,KSW,10.0,,,,,1,10.0,1.0,,,,,,,,,,,,,,,,,,,,,9.0,5.0,,,,9.0,,,4.0,3.0,,10.0,9.0,9.0,4.0,3.0,,,3.0,,,,1.0,10,7.0,10,1
2007-06-13,91231,,11,2,4961.0,48268R10,KSW,K S W INC,KSW,221330.0,A,A,R,50698,3,5070.0,,,,50.0,507.0,,,,,,,7.27,0.011127,6094.0,1.0,7.09,44303.38,KSW,10.0,,,,,1,10.0,1.0,,,,,,,,,,,,,,,,,,,,,9.0,5.0,,,,9.0,,,4.0,3.0,,10.0,9.0,9.0,4.0,3.0,,,3.0,,,,1.0,10,7.0,10,1
2007-06-14,91231,,11,2,4961.0,48268R10,KSW,K S W INC,KSW,221330.0,A,A,R,50698,3,5070.0,,,,50.0,507.0,,,,,,,7.65,0.05227,6094.0,1.0,7.28,46619.1,KSW,10.0,,,,,1,10.0,1.0,,,,,,,,,,,,,,,,,,,,,9.0,5.0,,,,9.0,,,4.0,3.0,,10.0,9.0,9.0,4.0,3.0,,,3.0,,,,1.0,10,7.0,10,1
2007-06-15,91231,,11,2,4961.0,48268R10,KSW,K S W INC,KSW,221330.0,A,A,R,50698,3,5070.0,,,,50.0,507.0,,,,,,,7.63,-0.002614,6094.0,1.0,7.75,46497.22,KSW,10.0,,,,,1,10.0,1.0,,,,,,,,,,,,,,,,,,,,,9.0,5.0,,,,9.0,,,4.0,3.0,,10.0,9.0,9.0,4.0,3.0,,,3.0,,,,1.0,10,7.0,10,1
2007-06-18,91231,,11,2,4961.0,48268R10,KSW,K S W INC,KSW,221330.0,A,A,R,50698,3,5070.0,,,,50.0,507.0,,,,,,,7.56,-0.009174,6094.0,1.0,7.87,46070.64,KSW,10.0,,,,,1,10.0,1.0,,,,,,,,,,,,,,,,,,,,,9.0,5.0,,,,9.0,,,4.0,3.0,,10.0,9.0,9.0,4.0,3.0,,,3.0,,,,1.0,10,7.0,10,1
2007-06-19,91231,,11,2,4961.0,48268R10,KSW,K S W INC,KSW,221330.0,A,A,R,50698,3,5070.0,,,,50.0,507.0,,,,,,,7.45,-0.01455,6094.0,1.0,7.63,45400.3,KSW,10.0,,,,,1,10.0,1.0,,,,,,,,,,,,,,,,,,,,,9.0,5.0,,,,9.0,,,4.0,3.0,,10.0,9.0,9.0,4.0,3.0,,,3.0,,,,1.0,10,7.0,10,1
2007-06-20,91231,,11,2,4961.0,48268R10,KSW,K S W INC,KSW,221330.0,A,A,R,50698,3,5070.0,,,,50.0,507.0,,,,,,,7.16,-0.038926,6094.0,1.0,7.43,43633.04,KSW,10.0,,,,,1,10.0,1.0,,,,,,,,,,,,,,,,,,,,,9.0,5.0,,,,9.0,,,4.0,3.0,,10.0,9.0,9.0,4.0,3.0,,,3.0,,,,1.0,10,7.0,10,1
2007-06-21,91231,,11,2,4961.0,48268R10,KSW,K S W INC,KSW,221330.0,A,A,R,50698,3,5070.0,,,,50.0,507.0,,,,,,,7.35,0.026536,6094.0,1.0,7.23,44790.9,KSW,10.0,,,,,1,10.0,1.0,,,,,,,,,,,,,,,,,,,,,9.0,5.0,,,,9.0,,,4.0,3.0,,10.0,9.0,9.0,4.0,3.0,,,3.0,,,,1.0,10,7.0,10,1
2007-06-22,91231,,11,2,4961.0,48268R10,KSW,K S W INC,KSW,221330.0,A,A,R,50698,3,5070.0,,,,50.0,507.0,,,,,,,7.16,-0.02585,6094.0,1.0,7.35,43633.04,KSW,10.0,,,,,1,10.0,1.0,,,,,,,,,,,,,,,,,,,,,9.0,5.0,,,,9.0,,,4.0,3.0,,10.0,9.0,9.0,4.0,3.0,,,3.0,,,,1.0,10,7.0,10,1
2007-06-25,91231,,11,2,4961.0,48268R10,KSW,K S W INC,KSW,221330.0,A,A,R,50698,3,5070.0,,,,50.0,507.0,,,,,,,7.23,0.009777,6094.0,1.0,7.24,44059.62,KSW,10.0,,,,,1,10.0,1.0,,,,,,,,,,,,,,,,,,,,,9.0,5.0,,,,9.0,,,4.0,3.0,,10.0,9.0,9.0,4.0,3.0,,,3.0,,,,1.0,10,7.0,10,1
2007-06-26,91231,,11,2,4961.0,48268R10,KSW,K S W INC,KSW,221330.0,A,A,R,50698,3,5070.0,,,,50.0,507.0,,,,,,,7.5,0.037344,6094.0,1.0,7.25,45705.0,KSW,10.0,,,,,1,10.0,1.0,,,,,,,,,,,,,,,,,,,,,9.0,5.0,,,,9.0,,,4.0,3.0,,10.0,9.0,9.0,4.0,3.0,,,3.0,,,,1.0,10,7.0,10,1
2007-06-27,91231,,11,2,4961.0,48268R10,KSW,K S W INC,KSW,221330.0,A,A,R,50698,3,5070.0,,,,50.0,507.0,,,,,,,7.58,0.010667,6094.0,1.0,7.51,46192.52,KSW,10.0,,,,,1,10.0,1.0,,,,,,,,,,,,,,,,,,,,,9.0,5.0,,,,9.0,,,4.0,3.0,,10.0,9.0,9.0,4.0,3.0,,,3.0,,,,1.0,10,7.0,10,1
2007-06-28,91231,,11,2,4961.0,48268R10,KSW,K S W INC,KSW,221330.0,A,A,R,50698,3,5070.0,,,,50.0,507.0,,,,,,,7.52,-0.007916,6094.0,1.0,7.62,45826.88,KSW,10.0,,,,,1,10.0,1.0,,,,,,,,,,,,,,,,,,,,,9.0,5.0,,,,9.0,,,4.0,3.0,,10.0,9.0,9.0,4.0,3.0,,,3.0,,,,1.0,10,7.0,10,1
2007-06-29,91231,,11,2,4961.0,48268R10,KSW,K S W INC,KSW,221330.0,A,A,R,50698,3,5070.0,,,,50.0,507.0,,,,,,,7.55,0.003989,5839.0,1.0,7.55,44084.45,KSW,10.0,,,,,1,10.0,1.0,,,,,,,,,,,,,,,,,,,,,9.0,5.0,,,,9.0,,,4.0,3.0,,10.0,9.0,9.0,4.0,3.0,,,3.0,,,,1.0,10,7.0,10,1
2007-07-02,91231,,11,2,4961.0,48268R10,KSW,K S W INC,KSW,221330.0,A,A,R,50698,3,5070.0,,,,50.0,507.0,,,,,,,7.74,0.025166,5839.0,1.0,7.65,45193.86,KSW,10.0,3.0,5.0,,2.0,1,10.0,1.0,8.0,,,10.0,1.0,,8.0,3.0,,,1.0,,,4.0,8.0,9.0,9.0,,,,9.0,6.0,6.0,6.0,10.0,10.0,,,4.0,8.0,,9.0,9.0,9.0,1.0,3.0,,,1.0,,,,1.0,10,7.0,10,1
2007-07-03,91231,,11,2,4961.0,48268R10,KSW,K S W INC,KSW,221330.0,A,A,R,50698,3,5070.0,,,,50.0,507.0,,,,,,,7.78,0.005168,5839.0,1.0,7.84,45427.42,KSW,10.0,3.0,5.0,,2.0,1,10.0,1.0,8.0,,,10.0,1.0,,8.0,3.0,,,1.0,,,4.0,8.0,9.0,9.0,,,,9.0,6.0,6.0,6.0,10.0,10.0,,,4.0,8.0,,9.0,9.0,9.0,1.0,3.0,,,1.0,,,,1.0,10,7.0,10,1
2007-07-05,91231,,11,2,4961.0,48268R10,KSW,K S W INC,KSW,221330.0,A,A,R,50698,3,5070.0,,,,50.0,507.0,,,,,,,7.85,0.008997,5839.0,1.0,7.9,45836.15,KSW,10.0,3.0,5.0,,2.0,1,10.0,1.0,8.0,,,10.0,1.0,,8.0,3.0,,,1.0,,,4.0,8.0,9.0,9.0,,,,9.0,6.0,6.0,6.0,10.0,10.0,,,4.0,8.0,,9.0,9.0,9.0,1.0,3.0,,,1.0,,,,1.0,10,7.0,10,1
2007-07-06,91231,,11,2,4961.0,48268R10,KSW,K S W INC,KSW,221330.0,A,A,R,50698,3,5070.0,,,,50.0,507.0,,,,,,,7.86,0.001274,5839.0,1.0,7.97,45894.54,KSW,10.0,3.0,5.0,,2.0,1,10.0,1.0,8.0,,,10.0,1.0,,8.0,3.0,,,1.0,,,4.0,8.0,9.0,9.0,,,,9.0,6.0,6.0,6.0,10.0,10.0,,,4.0,8.0,,9.0,9.0,9.0,1.0,3.0,,,1.0,,,,1.0,10,7.0,10,1
2007-07-09,91231,,11,2,4961.0,48268R10,KSW,K S W INC,KSW,221330.0,A,A,R,50698,3,5070.0,,,,50.0,507.0,,,,,,,8.1199,0.033066,5839.0,1.0,7.99,47412.0961,KSW,10.0,3.0,5.0,,2.0,1,10.0,1.0,8.0,,,10.0,1.0,,8.0,3.0,,,1.0,,,4.0,8.0,9.0,9.0,,,,9.0,6.0,6.0,6.0,10.0,10.0,,,4.0,8.0,,9.0,9.0,9.0,1.0,3.0,,,1.0,,,,1.0,10,7.0,10,1
2007-07-10,91231,,11,2,4961.0,48268R10,KSW,K S W INC,KSW,221330.0,A,A,R,50698,3,5070.0,,,,50.0,507.0,,,,,,,8.07,-0.006145,5839.0,1.0,8.2,47120.73,KSW,10.0,3.0,5.0,,2.0,1,10.0,1.0,8.0,,,10.0,1.0,,8.0,3.0,,,1.0,,,4.0,8.0,9.0,9.0,,,,9.0,6.0,6.0,6.0,10.0,10.0,,,4.0,8.0,,9.0,9.0,9.0,1.0,3.0,,,1.0,,,,1.0,10,7.0,10,1
2007-07-11,91231,,11,2,4961.0,48268R10,KSW,K S W INC,KSW,221330.0,A,A,R,50698,3,5070.0,,,,50.0,507.0,,,,,,,7.996,-0.00917,5839.0,1.0,8.13,46688.644,KSW,10.0,3.0,5.0,,2.0,1,10.0,1.0,8.0,,,10.0,1.0,,8.0,3.0,,,1.0,,,4.0,8.0,9.0,9.0,,,,9.0,6.0,6.0,6.0,10.0,10.0,,,4.0,8.0,,9.0,9.0,9.0,1.0,3.0,,,1.0,,,,1.0,10,7.0,10,1
2007-07-12,91231,,11,2,4961.0,48268R10,KSW,K S W INC,KSW,221330.0,A,A,R,50698,3,5070.0,,,,50.0,507.0,,,,,,,7.95,-0.005753,5839.0,1.0,8.1,46420.05,KSW,10.0,3.0,5.0,,2.0,1,10.0,1.0,8.0,,,10.0,1.0,,8.0,3.0,,,1.0,,,4.0,8.0,9.0,9.0,,,,9.0,6.0,6.0,6.0,10.0,10.0,,,4.0,8.0,,9.0,9.0,9.0,1.0,3.0,,,1.0,,,,1.0,10,7.0,10,1
2007-07-13,91231,,11,2,4961.0,48268R10,KSW,K S W INC,KSW,221330.0,A,A,R,50698,3,5070.0,,,,50.0,507.0,,,,,,,8.02,0.008805,5839.0,1.0,8.0,46828.78,KSW,10.0,3.0,5.0,,2.0,1,10.0,1.0,8.0,,,10.0,1.0,,8.0,3.0,,,1.0,,,4.0,8.0,9.0,9.0,,,,9.0,6.0,6.0,6.0,10.0,10.0,,,4.0,8.0,,9.0,9.0,9.0,1.0,3.0,,,1.0,,,,1.0,10,7.0,10,1
2007-07-16,91231,,11,2,4961.0,48268R10,KSW,K S W INC,KSW,221330.0,A,A,R,50698,3,5070.0,,,,50.0,507.0,,,,,,,8.1599,0.017444,5839.0,1.0,8.15,47645.6561,KSW,10.0,3.0,5.0,,2.0,1,10.0,1.0,8.0,,,10.0,1.0,,8.0,3.0,,,1.0,,,4.0,8.0,9.0,9.0,,,,9.0,6.0,6.0,6.0,10.0,10.0,,,4.0,8.0,,9.0,9.0,9.0,1.0,3.0,,,1.0,,,,1.0,10,7.0,10,1
2007-07-17,91231,,11,2,4961.0,48268R10,KSW,K S W INC,KSW,221330.0,A,A,R,50698,3,5070.0,,,,50.0,507.0,,,,,,,8.24,0.009816,5839.0,1.0,8.16,48113.36,KSW,10.0,3.0,5.0,,2.0,1,10.0,1.0,8.0,,,10.0,1.0,,8.0,3.0,,,1.0,,,4.0,8.0,9.0,9.0,,,,9.0,6.0,6.0,6.0,10.0,10.0,,,4.0,8.0,,9.0,9.0,9.0,1.0,3.0,,,1.0,,,,1.0,10,7.0,10,1
2007-07-18,91231,,11,2,4961.0,48268R10,KSW,K S W INC,KSW,221330.0,A,A,R,50698,3,5070.0,,,,50.0,507.0,,,,,,,8.36,0.014563,5839.0,1.0,8.38,48814.04,KSW,10.0,3.0,5.0,,2.0,1,10.0,1.0,8.0,,,10.0,1.0,,8.0,3.0,,,1.0,,,4.0,8.0,9.0,9.0,,,,9.0,6.0,6.0,6.0,10.0,10.0,,,4.0,8.0,,9.0,9.0,9.0,1.0,3.0,,,1.0,,,,1.0,10,7.0,10,1
2007-07-19,91231,,11,2,4961.0,48268R10,KSW,K S W INC,KSW,221330.0,A,A,R,50698,3,5070.0,,,,50.0,507.0,,,,,,,8.44,0.009569,5839.0,1.0,8.41,49281.16,KSW,10.0,3.0,5.0,,2.0,1,10.0,1.0,8.0,,,10.0,1.0,,8.0,3.0,,,1.0,,,4.0,8.0,9.0,9.0,,,,9.0,6.0,6.0,6.0,10.0,10.0,,,4.0,8.0,,9.0,9.0,9.0,1.0,3.0,,,1.0,,,,1.0,10,7.0,10,1
2007-07-20,91231,,11,2,4961.0,48268R10,KSW,K S W INC,KSW,221330.0,A,A,R,50698,3,5070.0,,,,50.0,507.0,,,,,,,8.34,-0.011848,5839.0,1.0,8.48,48697.26,KSW,10.0,3.0,5.0,,2.0,1,10.0,1.0,8.0,,,10.0,1.0,,8.0,3.0,,,1.0,,,4.0,8.0,9.0,9.0,,,,9.0,6.0,6.0,6.0,10.0,10.0,,,4.0,8.0,,9.0,9.0,9.0,1.0,3.0,,,1.0,,,,1.0,10,7.0,10,1
2007-07-23,91231,,11,2,4961.0,48268R10,KSW,K S W INC,KSW,221330.0,A,A,R,50698,3,5070.0,,,,50.0,507.0,,,,,,,8.5,0.019185,5839.0,1.0,8.54,49631.5,KSW,10.0,3.0,5.0,,2.0,1,10.0,1.0,8.0,,,10.0,1.0,,8.0,3.0,,,1.0,,,4.0,8.0,9.0,9.0,,,,9.0,6.0,6.0,6.0,10.0,10.0,,,4.0,8.0,,9.0,9.0,9.0,1.0,3.0,,,1.0,,,,1.0,10,7.0,10,1
2007-07-24,91231,,11,2,4961.0,48268R10,KSW,K S W INC,KSW,221330.0,A,A,R,50698,3,5070.0,,,,50.0,507.0,,,,,,,8.54,0.004706,5839.0,1.0,8.55,49865.06,KSW,10.0,3.0,5.0,,2.0,1,10.0,1.0,8.0,,,10.0,1.0,,8.0,3.0,,,1.0,,,4.0,8.0,9.0,9.0,,,,9.0,6.0,6.0,6.0,10.0,10.0,,,4.0,8.0,,9.0,9.0,9.0,1.0,3.0,,,1.0,,,,1.0,10,7.0,10,1
2007-07-25,91231,,11,2,4961.0,48268R10,KSW,K S W INC,KSW,221330.0,A,A,R,50698,3,5070.0,,,,50.0,507.0,,,,,,,8.471,-0.00808,5839.0,1.0,8.64,49462.169,KSW,10.0,3.0,5.0,,2.0,1,10.0,1.0,8.0,,,10.0,1.0,,8.0,3.0,,,1.0,,,4.0,8.0,9.0,9.0,,,,9.0,6.0,6.0,6.0,10.0,10.0,,,4.0,8.0,,9.0,9.0,9.0,1.0,3.0,,,1.0,,,,1.0,10,7.0,10,1
2007-07-26,91231,,11,2,4961.0,48268R10,KSW,K S W INC,KSW,221330.0,A,A,R,50698,3,5070.0,,,,50.0,507.0,,,,,,,8.18,-0.034352,5839.0,1.0,8.32,47763.02,KSW,10.0,3.0,5.0,,2.0,1,10.0,1.0,8.0,,,10.0,1.0,,8.0,3.0,,,1.0,,,4.0,8.0,9.0,9.0,,,,9.0,6.0,6.0,6.0,10.0,10.0,,,4.0,8.0,,9.0,9.0,9.0,1.0,3.0,,,1.0,,,,1.0,10,7.0,10,1
2007-07-27,91231,,11,2,4961.0,48268R10,KSW,K S W INC,KSW,221330.0,A,A,R,50698,3,5070.0,,,,50.0,507.0,,,,,,,8.02,-0.01956,5839.0,1.0,8.14,46828.78,KSW,10.0,3.0,5.0,,2.0,1,10.0,1.0,8.0,,,10.0,1.0,,8.0,3.0,,,1.0,,,4.0,8.0,9.0,9.0,,,,9.0,6.0,6.0,6.0,10.0,10.0,,,4.0,8.0,,9.0,9.0,9.0,1.0,3.0,,,1.0,,,,1.0,10,7.0,10,1
2007-07-30,91231,,11,2,4961.0,48268R10,KSW,K S W INC,KSW,221330.0,A,A,R,50698,3,5070.0,,,,50.0,507.0,,,,,,,8.0,-0.002494,5839.0,1.0,8.1,46712.0,KSW,10.0,3.0,5.0,,2.0,1,10.0,1.0,8.0,,,10.0,1.0,,8.0,3.0,,,1.0,,,4.0,8.0,9.0,9.0,,,,9.0,6.0,6.0,6.0,10.0,10.0,,,4.0,8.0,,9.0,9.0,9.0,1.0,3.0,,,1.0,,,,1.0,10,7.0,10,1
2007-07-31,91231,,11,2,4961.0,48268R10,KSW,K S W INC,KSW,221330.0,A,A,R,50698,3,5070.0,,,,50.0,507.0,,,,,,,7.97,-0.00375,5839.0,1.0,7.97,46536.83,KSW,10.0,3.0,5.0,,2.0,1,10.0,1.0,8.0,,,10.0,1.0,,8.0,3.0,,,1.0,,,4.0,8.0,9.0,9.0,,,,9.0,6.0,6.0,6.0,10.0,10.0,,,4.0,8.0,,9.0,9.0,9.0,1.0,3.0,,,1.0,,,,1.0,10,7.0,10,1
2007-08-01,91231,,11,2,4961.0,48268R10,KSW,K S W INC,KSW,221330.0,A,A,R,50698,3,5070.0,,,,50.0,507.0,,,,,,,7.88,-0.011292,5839.0,1.0,7.87,46011.32,KSW,10.0,3.0,5.0,,2.0,1,10.0,1.0,8.0,,,10.0,1.0,,8.0,3.0,,,1.0,,,4.0,8.0,9.0,9.0,,,,5.0,4.0,3.0,3.0,10.0,10.0,,,3.0,8.0,,9.0,9.0,8.0,1.0,3.0,,,1.0,,,,1.0,10,8.0,10,1
2007-08-02,91231,,11,2,4961.0,48268R10,KSW,K S W INC,KSW,221330.0,A,A,R,50698,3,5070.0,,,,50.0,507.0,,,,,,,7.22,-0.083756,5839.0,1.0,7.51,42157.58,KSW,10.0,3.0,5.0,,2.0,1,10.0,1.0,8.0,,,10.0,1.0,,8.0,3.0,,,1.0,,,4.0,8.0,9.0,9.0,,,,5.0,4.0,3.0,3.0,10.0,10.0,,,3.0,8.0,,9.0,9.0,8.0,1.0,3.0,,,1.0,,,,1.0,10,8.0,10,1
2007-08-03,91231,,11,2,4961.0,48268R10,KSW,K S W INC,KSW,221330.0,A,A,R,50698,3,5070.0,,,,50.0,507.0,,,,,,,7.1,-0.01662,5839.0,1.0,7.25,41456.9,KSW,10.0,3.0,5.0,,2.0,1,10.0,1.0,8.0,,,10.0,1.0,,8.0,3.0,,,1.0,,,4.0,8.0,9.0,9.0,,,,5.0,4.0,3.0,3.0,10.0,10.0,,,3.0,8.0,,9.0,9.0,8.0,1.0,3.0,,,1.0,,,,1.0,10,8.0,10,1
2007-08-06,91231,,11,2,4961.0,48268R10,KSW,K S W INC,KSW,221330.0,A,A,R,50698,3,5070.0,,,,50.0,507.0,,,,,,,6.78,-0.04507,5839.0,1.0,6.85,39588.42,KSW,10.0,3.0,5.0,,2.0,1,10.0,1.0,8.0,,,10.0,1.0,,8.0,3.0,,,1.0,,,4.0,8.0,9.0,9.0,,,,5.0,4.0,3.0,3.0,10.0,10.0,,,3.0,8.0,,9.0,9.0,8.0,1.0,3.0,,,1.0,,,,1.0,10,8.0,10,1
2007-08-07,91231,,11,2,4961.0,48268R10,KSW,K S W INC,KSW,221330.0,A,A,R,50698,3,5070.0,,,,50.0,507.0,,,,,,,6.95,0.025074,5839.0,1.0,6.7,40581.05,KSW,10.0,3.0,5.0,,2.0,1,10.0,1.0,8.0,,,10.0,1.0,,8.0,3.0,,,1.0,,,4.0,8.0,9.0,9.0,,,,5.0,4.0,3.0,3.0,10.0,10.0,,,3.0,8.0,,9.0,9.0,8.0,1.0,3.0,,,1.0,,,,1.0,10,8.0,10,1
2007-08-08,91231,,11,2,4961.0,48268R10,KSW,K S W INC,KSW,221330.0,A,A,R,50698,3,5070.0,,,,50.0,507.0,,,,,,,6.85,-0.014388,5839.0,1.0,7.03,39997.15,KSW,10.0,3.0,5.0,,2.0,1,10.0,1.0,8.0,,,10.0,1.0,,8.0,3.0,,,1.0,,,4.0,8.0,9.0,9.0,,,,5.0,4.0,3.0,3.0,10.0,10.0,,,3.0,8.0,,9.0,9.0,8.0,1.0,3.0,,,1.0,,,,1.0,10,8.0,10,1
2007-08-09,91231,,11,2,4961.0,48268R10,KSW,K S W INC,KSW,221330.0,A,A,R,50698,3,5070.0,,,,50.0,507.0,,,,,,,6.75,-0.014599,5839.0,1.0,6.93,39413.25,KSW,10.0,3.0,5.0,,2.0,1,10.0,1.0,8.0,,,10.0,1.0,,8.0,3.0,,,1.0,,,4.0,8.0,9.0,9.0,,,,5.0,4.0,3.0,3.0,10.0,10.0,,,3.0,8.0,,9.0,9.0,8.0,1.0,3.0,,,1.0,,,,1.0,10,8.0,10,1
2007-08-10,91231,,11,2,4961.0,48268R10,KSW,K S W INC,KSW,221330.0,A,A,R,50698,3,5070.0,,,,50.0,507.0,,,,,,,6.55,-0.02963,5839.0,1.0,6.6,38245.45,KSW,10.0,3.0,5.0,,2.0,1,10.0,1.0,8.0,,,10.0,1.0,,8.0,3.0,,,1.0,,,4.0,8.0,9.0,9.0,,,,5.0,4.0,3.0,3.0,10.0,10.0,,,3.0,8.0,,9.0,9.0,8.0,1.0,3.0,,,1.0,,,,1.0,10,8.0,10,1
2007-08-13,91231,,11,2,4961.0,48268R10,KSW,K S W INC,KSW,221330.0,A,A,R,50698,3,5070.0,,,,50.0,507.0,,,,,,,7.15,0.091603,5839.0,1.0,6.6,41748.85,KSW,10.0,3.0,5.0,,2.0,1,10.0,1.0,8.0,,,10.0,1.0,,8.0,3.0,,,1.0,,,4.0,8.0,9.0,9.0,,,,5.0,4.0,3.0,3.0,10.0,10.0,,,3.0,8.0,,9.0,9.0,8.0,1.0,3.0,,,1.0,,,,1.0,10,8.0,10,1
2007-08-14,91231,,11,2,4961.0,48268R10,KSW,K S W INC,KSW,221330.0,A,A,R,50698,3,5070.0,,,,50.0,507.0,,,,,,,7.27,0.016783,5839.0,1.0,7.18,42449.53,KSW,10.0,3.0,5.0,,2.0,1,10.0,1.0,8.0,,,10.0,1.0,,8.0,3.0,,,1.0,,,4.0,8.0,9.0,9.0,,,,5.0,4.0,3.0,3.0,10.0,10.0,,,3.0,8.0,,9.0,9.0,8.0,1.0,3.0,,,1.0,,,,1.0,10,8.0,10,1
2007-08-15,91231,,11,2,4961.0,48268R10,KSW,K S W INC,KSW,221330.0,A,A,R,50698,3,5070.0,,,,50.0,507.0,,,,,,,7.13,-0.019257,5839.0,1.0,7.2,41632.07,KSW,10.0,3.0,5.0,,2.0,1,10.0,1.0,8.0,,,10.0,1.0,,8.0,3.0,,,1.0,,,4.0,8.0,9.0,9.0,,,,5.0,4.0,3.0,3.0,10.0,10.0,,,3.0,8.0,,9.0,9.0,8.0,1.0,3.0,,,1.0,,,,1.0,10,8.0,10,1
2007-08-16,91231,,11,2,4961.0,48268R10,KSW,K S W INC,KSW,221330.0,A,A,R,50698,3,5070.0,,,,50.0,507.0,,,,,,,6.78,-0.049088,5839.0,1.0,7.0,39588.42,KSW,10.0,3.0,5.0,,2.0,1,10.0,1.0,8.0,,,10.0,1.0,,8.0,3.0,,,1.0,,,4.0,8.0,9.0,9.0,,,,5.0,4.0,3.0,3.0,10.0,10.0,,,3.0,8.0,,9.0,9.0,8.0,1.0,3.0,,,1.0,,,,1.0,10,8.0,10,1
2007-08-17,91231,,11,2,4961.0,48268R10,KSW,K S W INC,KSW,221330.0,A,A,R,50698,3,5070.0,,,,50.0,507.0,,,,,,,6.81,0.004425,5839.0,1.0,6.92,39763.59,KSW,10.0,3.0,5.0,,2.0,1,10.0,1.0,8.0,,,10.0,1.0,,8.0,3.0,,,1.0,,,4.0,8.0,9.0,9.0,,,,5.0,4.0,3.0,3.0,10.0,10.0,,,3.0,8.0,,9.0,9.0,8.0,1.0,3.0,,,1.0,,,,1.0,10,8.0,10,1
2007-08-20,91231,,11,2,4961.0,48268R10,KSW,K S W INC,KSW,221330.0,A,A,R,50698,3,5070.0,,,,50.0,507.0,,,,,,,6.85,0.005874,5839.0,1.0,7.0,39997.15,KSW,10.0,3.0,5.0,,2.0,1,10.0,1.0,8.0,,,10.0,1.0,,8.0,3.0,,,1.0,,,4.0,8.0,9.0,9.0,,,,5.0,4.0,3.0,3.0,10.0,10.0,,,3.0,8.0,,9.0,9.0,8.0,1.0,3.0,,,1.0,,,,1.0,10,8.0,10,1
2007-08-21,91231,,11,2,4961.0,48268R10,KSW,K S W INC,KSW,221330.0,A,A,R,50698,3,5070.0,,,,50.0,507.0,,,,,,,6.85,0.0,5839.0,1.0,6.97,39997.15,KSW,10.0,3.0,5.0,,2.0,1,10.0,1.0,8.0,,,10.0,1.0,,8.0,3.0,,,1.0,,,4.0,8.0,9.0,9.0,,,,5.0,4.0,3.0,3.0,10.0,10.0,,,3.0,8.0,,9.0,9.0,8.0,1.0,3.0,,,1.0,,,,1.0,10,8.0,10,1
2007-08-22,91231,,11,2,4961.0,48268R10,KSW,K S W INC,KSW,221330.0,A,A,R,50698,3,5070.0,,,,50.0,507.0,,,,,,,6.92,0.010219,5839.0,1.0,6.92,40405.88,KSW,10.0,3.0,5.0,,2.0,1,10.0,1.0,8.0,,,10.0,1.0,,8.0,3.0,,,1.0,,,4.0,8.0,9.0,9.0,,,,5.0,4.0,3.0,3.0,10.0,10.0,,,3.0,8.0,,9.0,9.0,8.0,1.0,3.0,,,1.0,,,,1.0,10,8.0,10,1
2007-08-23,91231,,11,2,4961.0,48268R10,KSW,K S W INC,KSW,221330.0,A,A,R,50698,3,5070.0,,,,50.0,507.0,,,,,,,7.0,0.011561,5839.0,1.0,6.87,40873.0,KSW,10.0,3.0,5.0,,2.0,1,10.0,1.0,8.0,,,10.0,1.0,,8.0,3.0,,,1.0,,,4.0,8.0,9.0,9.0,,,,5.0,4.0,3.0,3.0,10.0,10.0,,,3.0,8.0,,9.0,9.0,8.0,1.0,3.0,,,1.0,,,,1.0,10,8.0,10,1
2007-08-24,91231,,11,2,4961.0,48268R10,KSW,K S W INC,KSW,221330.0,A,A,R,50698,3,5070.0,,,,50.0,507.0,,,,,,,7.02,0.002857,5839.0,1.0,7.12,40989.78,KSW,10.0,3.0,5.0,,2.0,1,10.0,1.0,8.0,,,10.0,1.0,,8.0,3.0,,,1.0,,,4.0,8.0,9.0,9.0,,,,5.0,4.0,3.0,3.0,10.0,10.0,,,3.0,8.0,,9.0,9.0,8.0,1.0,3.0,,,1.0,,,,1.0,10,8.0,10,1
2007-08-27,91231,,11,2,4961.0,48268R10,KSW,K S W INC,KSW,221330.0,A,A,R,50698,3,5070.0,,,,50.0,507.0,,,,,,,7.17,0.021368,5839.0,1.0,7.2,41865.63,KSW,10.0,3.0,5.0,,2.0,1,10.0,1.0,8.0,,,10.0,1.0,,8.0,3.0,,,1.0,,,4.0,8.0,9.0,9.0,,,,5.0,4.0,3.0,3.0,10.0,10.0,,,3.0,8.0,,9.0,9.0,8.0,1.0,3.0,,,1.0,,,,1.0,10,8.0,10,1
2007-08-28,91231,,11,2,4961.0,48268R10,KSW,K S W INC,KSW,221330.0,A,A,R,50698,3,5070.0,,,,50.0,507.0,,,,,,,7.18,0.001395,5839.0,1.0,7.2,41924.02,KSW,10.0,3.0,5.0,,2.0,1,10.0,1.0,8.0,,,10.0,1.0,,8.0,3.0,,,1.0,,,4.0,8.0,9.0,9.0,,,,5.0,4.0,3.0,3.0,10.0,10.0,,,3.0,8.0,,9.0,9.0,8.0,1.0,3.0,,,1.0,,,,1.0,10,8.0,10,1
2007-08-29,91231,,11,2,4961.0,48268R10,KSW,K S W INC,KSW,221330.0,A,A,R,50698,3,5070.0,,,,50.0,507.0,,,,,,,7.1399,-0.005585,5839.0,1.0,7.2,41689.8761,KSW,10.0,3.0,5.0,,2.0,1,10.0,1.0,8.0,,,10.0,1.0,,8.0,3.0,,,1.0,,,4.0,8.0,9.0,9.0,,,,5.0,4.0,3.0,3.0,10.0,10.0,,,3.0,8.0,,9.0,9.0,8.0,1.0,3.0,,,1.0,,,,1.0,10,8.0,10,1
2007-08-30,91231,,11,2,4961.0,48268R10,KSW,K S W INC,KSW,221330.0,A,A,R,50698,3,5070.0,,,,50.0,507.0,,,,,,,7.15,0.001415,5839.0,1.0,7.14,41748.85,KSW,10.0,3.0,5.0,,2.0,1,10.0,1.0,8.0,,,10.0,1.0,,8.0,3.0,,,1.0,,,4.0,8.0,9.0,9.0,,,,5.0,4.0,3.0,3.0,10.0,10.0,,,3.0,8.0,,9.0,9.0,8.0,1.0,3.0,,,1.0,,,,1.0,10,8.0,10,1
2007-08-31,91231,,11,2,4961.0,48268R10,KSW,K S W INC,KSW,221330.0,A,A,R,50698,3,5070.0,,,,50.0,507.0,,,,,,,7.5,0.048951,6192.0,1.0,7.15,46440.0,KSW,10.0,3.0,5.0,,2.0,1,10.0,1.0,8.0,,,10.0,1.0,,8.0,3.0,,,1.0,,,4.0,8.0,9.0,9.0,,,,5.0,4.0,3.0,3.0,10.0,10.0,,,3.0,8.0,,9.0,9.0,8.0,1.0,3.0,,,1.0,,,,1.0,10,8.0,10,1
2007-09-04,91231,,11,2,4961.0,48268R10,KSW,K S W INC,KSW,221330.0,A,A,R,50698,3,5070.0,,,,50.0,507.0,,,,,,,7.5,0.0,6192.0,1.0,7.5,46440.0,KSW,10.0,3.0,5.0,,2.0,1,10.0,1.0,8.0,,,10.0,1.0,,8.0,3.0,,,1.0,,,4.0,8.0,9.0,9.0,,,,10.0,4.0,7.0,6.0,10.0,10.0,,,4.0,2.0,,9.0,9.0,8.0,8.0,3.0,,,9.0,,,,1.0,10,8.0,10,1
2007-09-05,91231,,11,2,4961.0,48268R10,KSW,K S W INC,KSW,221330.0,A,A,R,50698,3,5070.0,,,,50.0,507.0,,,,,,,7.27,-0.030667,6192.0,1.0,7.5,45015.84,KSW,10.0,3.0,5.0,,2.0,1,10.0,1.0,8.0,,,10.0,1.0,,8.0,3.0,,,1.0,,,4.0,8.0,9.0,9.0,,,,10.0,4.0,7.0,6.0,10.0,10.0,,,4.0,2.0,,9.0,9.0,8.0,8.0,3.0,,,9.0,,,,1.0,10,8.0,10,1
2007-09-06,91231,,11,2,4961.0,48268R10,KSW,K S W INC,KSW,221330.0,A,A,R,50698,3,5070.0,,,,50.0,507.0,,,,,,,7.31,0.005502,6192.0,1.0,7.35,45263.52,KSW,10.0,3.0,5.0,,2.0,1,10.0,1.0,8.0,,,10.0,1.0,,8.0,3.0,,,1.0,,,4.0,8.0,9.0,9.0,,,,10.0,4.0,7.0,6.0,10.0,10.0,,,4.0,2.0,,9.0,9.0,8.0,8.0,3.0,,,9.0,,,,1.0,10,8.0,10,1
2007-09-07,91231,,11,2,4961.0,48268R10,KSW,K S W INC,KSW,221330.0,A,A,R,50698,3,5070.0,,,,50.0,507.0,,,,,,,7.2,-0.015048,6192.0,1.0,7.39,44582.4,KSW,10.0,3.0,5.0,,2.0,1,10.0,1.0,8.0,,,10.0,1.0,,8.0,3.0,,,1.0,,,4.0,8.0,9.0,9.0,,,,10.0,4.0,7.0,6.0,10.0,10.0,,,4.0,2.0,,9.0,9.0,8.0,8.0,3.0,,,9.0,,,,1.0,10,8.0,10,1
2007-09-10,91231,,11,2,4961.0,48268R10,KSW,K S W INC,KSW,221330.0,A,A,R,50698,3,5070.0,,,,50.0,507.0,,,,,,,7.2,0.0,6192.0,1.0,7.27,44582.4,KSW,10.0,3.0,5.0,,2.0,1,10.0,1.0,8.0,,,10.0,1.0,,8.0,3.0,,,1.0,,,4.0,8.0,9.0,9.0,,,,10.0,4.0,7.0,6.0,10.0,10.0,,,4.0,2.0,,9.0,9.0,8.0,8.0,3.0,,,9.0,,,,1.0,10,8.0,10,1
2007-09-11,91231,,11,2,4961.0,48268R10,KSW,K S W INC,KSW,221330.0,A,A,R,50698,3,5070.0,,,,50.0,507.0,,,,,,,6.93,-0.0375,6192.0,1.0,7.2,42910.56,KSW,10.0,3.0,5.0,,2.0,1,10.0,1.0,8.0,,,10.0,1.0,,8.0,3.0,,,1.0,,,4.0,8.0,9.0,9.0,,,,10.0,4.0,7.0,6.0,10.0,10.0,,,4.0,2.0,,9.0,9.0,8.0,8.0,3.0,,,9.0,,,,1.0,10,8.0,10,1
2007-09-12,91231,,11,2,4961.0,48268R10,KSW,K S W INC,KSW,221330.0,A,A,R,50698,3,5070.0,,,,50.0,507.0,,,,,,,7.1,0.024531,6192.0,1.0,6.9,43963.2,KSW,10.0,3.0,5.0,,2.0,1,10.0,1.0,8.0,,,10.0,1.0,,8.0,3.0,,,1.0,,,4.0,8.0,9.0,9.0,,,,10.0,4.0,7.0,6.0,10.0,10.0,,,4.0,2.0,,9.0,9.0,8.0,8.0,3.0,,,9.0,,,,1.0,10,8.0,10,1
2007-09-13,91231,,11,2,4961.0,48268R10,KSW,K S W INC,KSW,221330.0,A,A,R,50698,3,5070.0,,,,50.0,507.0,,,,,,,7.07,-0.004225,6192.0,1.0,7.16,43777.44,KSW,10.0,3.0,5.0,,2.0,1,10.0,1.0,8.0,,,10.0,1.0,,8.0,3.0,,,1.0,,,4.0,8.0,9.0,9.0,,,,10.0,4.0,7.0,6.0,10.0,10.0,,,4.0,2.0,,9.0,9.0,8.0,8.0,3.0,,,9.0,,,,1.0,10,8.0,10,1
2007-09-14,91231,,11,2,4961.0,48268R10,KSW,K S W INC,KSW,221330.0,A,A,R,50698,3,5070.0,,,,50.0,507.0,,,,,,,7.15,0.011315,6192.0,1.0,7.11,44272.8,KSW,10.0,3.0,5.0,,2.0,1,10.0,1.0,8.0,,,10.0,1.0,,8.0,3.0,,,1.0,,,4.0,8.0,9.0,9.0,,,,10.0,4.0,7.0,6.0,10.0,10.0,,,4.0,2.0,,9.0,9.0,8.0,8.0,3.0,,,9.0,,,,1.0,10,8.0,10,1
2007-09-17,91231,,11,2,4961.0,48268R10,KSW,K S W INC,KSW,221330.0,A,A,R,50698,3,5070.0,,,,50.0,507.0,,,,,,,7.05,-0.013986,6192.0,1.0,7.14,43653.6,KSW,10.0,3.0,5.0,,2.0,1,10.0,1.0,8.0,,,10.0,1.0,,8.0,3.0,,,1.0,,,4.0,8.0,9.0,9.0,,,,10.0,4.0,7.0,6.0,10.0,10.0,,,4.0,2.0,,9.0,9.0,8.0,8.0,3.0,,,9.0,,,,1.0,10,8.0,10,1
2007-09-18,91231,,11,2,4961.0,48268R10,KSW,K S W INC,KSW,221330.0,A,A,R,50698,3,5070.0,,,,50.0,507.0,,,,,,,6.95,-0.014184,6192.0,1.0,6.95,43034.4,KSW,10.0,3.0,5.0,,2.0,1,10.0,1.0,8.0,,,10.0,1.0,,8.0,3.0,,,1.0,,,4.0,8.0,9.0,9.0,,,,10.0,4.0,7.0,6.0,10.0,10.0,,,4.0,2.0,,9.0,9.0,8.0,8.0,3.0,,,9.0,,,,1.0,10,8.0,10,1
2007-09-19,91231,,11,2,4961.0,48268R10,KSW,K S W INC,KSW,221330.0,A,A,R,50698,3,5070.0,,,,50.0,507.0,,,,,,,7.08,0.018705,6192.0,1.0,6.93,43839.36,KSW,10.0,3.0,5.0,,2.0,1,10.0,1.0,8.0,,,10.0,1.0,,8.0,3.0,,,1.0,,,4.0,8.0,9.0,9.0,,,,10.0,4.0,7.0,6.0,10.0,10.0,,,4.0,2.0,,9.0,9.0,8.0,8.0,3.0,,,9.0,,,,1.0,10,8.0,10,1
2007-09-20,91231,,11,2,4961.0,48268R10,KSW,K S W INC,KSW,221330.0,A,A,R,50698,3,5070.0,,,,50.0,507.0,,,,,,,7.15,0.009887,6192.0,1.0,7.2,44272.8,KSW,10.0,3.0,5.0,,2.0,1,10.0,1.0,8.0,,,10.0,1.0,,8.0,3.0,,,1.0,,,4.0,8.0,9.0,9.0,,,,10.0,4.0,7.0,6.0,10.0,10.0,,,4.0,2.0,,9.0,9.0,8.0,8.0,3.0,,,9.0,,,,1.0,10,8.0,10,1
2007-09-21,91231,,11,2,4961.0,48268R10,KSW,K S W INC,KSW,221330.0,A,A,R,50698,3,5070.0,,,,50.0,507.0,,,,,,,7.09,-0.008392,6192.0,1.0,7.15,43901.28,KSW,10.0,3.0,5.0,,2.0,1,10.0,1.0,8.0,,,10.0,1.0,,8.0,3.0,,,1.0,,,4.0,8.0,9.0,9.0,,,,10.0,4.0,7.0,6.0,10.0,10.0,,,4.0,2.0,,9.0,9.0,8.0,8.0,3.0,,,9.0,,,,1.0,10,8.0,10,1
2007-09-24,91231,,11,2,4961.0,48268R10,KSW,K S W INC,KSW,221330.0,A,A,R,50698,3,5070.0,,,,50.0,507.0,,,,,,,7.04,-0.007052,6192.0,1.0,7.05,43591.68,KSW,10.0,3.0,5.0,,2.0,1,10.0,1.0,8.0,,,10.0,1.0,,8.0,3.0,,,1.0,,,4.0,8.0,9.0,9.0,,,,10.0,4.0,7.0,6.0,10.0,10.0,,,4.0,2.0,,9.0,9.0,8.0,8.0,3.0,,,9.0,,,,1.0,10,8.0,10,1
2007-09-25,91231,,11,2,4961.0,48268R10,KSW,K S W INC,KSW,221330.0,A,A,R,50698,3,5070.0,,,,50.0,507.0,,,,,,,7.0,-0.005682,6192.0,1.0,7.08,43344.0,KSW,10.0,3.0,5.0,,2.0,1,10.0,1.0,8.0,,,10.0,1.0,,8.0,3.0,,,1.0,,,4.0,8.0,9.0,9.0,,,,10.0,4.0,7.0,6.0,10.0,10.0,,,4.0,2.0,,9.0,9.0,8.0,8.0,3.0,,,9.0,,,,1.0,10,8.0,10,1
2007-09-26,91231,,11,2,4961.0,48268R10,KSW,K S W INC,KSW,221330.0,A,A,R,50698,3,5070.0,,,,50.0,507.0,,,,,,,6.9,-0.014286,6192.0,1.0,7.08,42724.8,KSW,10.0,3.0,5.0,,2.0,1,10.0,1.0,8.0,,,10.0,1.0,,8.0,3.0,,,1.0,,,4.0,8.0,9.0,9.0,,,,10.0,4.0,7.0,6.0,10.0,10.0,,,4.0,2.0,,9.0,9.0,8.0,8.0,3.0,,,9.0,,,,1.0,10,8.0,10,1
2007-09-27,91231,,11,2,4961.0,48268R10,KSW,K S W INC,KSW,221330.0,A,A,R,50698,3,5070.0,,,,50.0,507.0,,,,,,,6.85,-0.007246,6192.0,1.0,6.9,42415.2,KSW,10.0,3.0,5.0,,2.0,1,10.0,1.0,8.0,,,10.0,1.0,,8.0,3.0,,,1.0,,,4.0,8.0,9.0,9.0,,,,10.0,4.0,7.0,6.0,10.0,10.0,,,4.0,2.0,,9.0,9.0,8.0,8.0,3.0,,,9.0,,,,1.0,10,8.0,10,1
2007-09-28,91231,,11,2,4961.0,48268R10,KSW,K S W INC,KSW,221330.0,A,A,R,50698,3,5070.0,,,,50.0,507.0,,,,,,,7.03,0.026277,6192.0,1.0,6.8,43529.76,KSW,10.0,3.0,5.0,,2.0,1,10.0,1.0,8.0,,,10.0,1.0,,8.0,3.0,,,1.0,,,4.0,8.0,9.0,9.0,,,,10.0,4.0,7.0,6.0,10.0,10.0,,,4.0,2.0,,9.0,9.0,8.0,8.0,3.0,,,9.0,,,,1.0,10,8.0,10,1
2007-10-01,91231,,11,2,4961.0,48268R10,KSW,K S W INC,KSW,221330.0,A,A,R,50698,3,5070.0,,,,50.0,507.0,,,,,,,6.9,-0.018492,6192.0,1.0,7.0,42724.8,KSW,10.0,3.0,5.0,,2.0,1,10.0,1.0,8.0,,,10.0,1.0,,8.0,3.0,,,1.0,,,4.0,8.0,9.0,9.0,,,,9.0,2.0,6.0,6.0,10.0,10.0,,,4.0,2.0,,9.0,8.0,8.0,9.0,3.0,,,9.0,,,,1.0,10,9.0,10,1
2007-10-02,91231,,11,2,4961.0,48268R10,KSW,K S W INC,KSW,221330.0,A,A,R,50698,3,5070.0,,,,50.0,507.0,,,,,,,6.75,-0.021739,6192.0,1.0,6.82,41796.0,KSW,10.0,3.0,5.0,,2.0,1,10.0,1.0,8.0,,,10.0,1.0,,8.0,3.0,,,1.0,,,4.0,8.0,9.0,9.0,,,,9.0,2.0,6.0,6.0,10.0,10.0,,,4.0,2.0,,9.0,8.0,8.0,9.0,3.0,,,9.0,,,,1.0,10,9.0,10,1
2007-10-03,91231,,11,2,4961.0,48268R10,KSW,K S W INC,KSW,221330.0,A,A,R,50698,3,5070.0,,,,50.0,507.0,,,,,,,6.8299,0.011837,6192.0,1.0,6.79,42290.7408,KSW,10.0,3.0,5.0,,2.0,1,10.0,1.0,8.0,,,10.0,1.0,,8.0,3.0,,,1.0,,,4.0,8.0,9.0,9.0,,,,9.0,2.0,6.0,6.0,10.0,10.0,,,4.0,2.0,,9.0,8.0,8.0,9.0,3.0,,,9.0,,,,1.0,10,9.0,10,1
2007-10-04,91231,,11,2,4961.0,48268R10,KSW,K S W INC,KSW,221330.0,A,A,R,50698,3,5070.0,,,,50.0,507.0,,,,,,,6.83,1.5e-05,6192.0,1.0,6.8,42291.36,KSW,10.0,3.0,5.0,,2.0,1,10.0,1.0,8.0,,,10.0,1.0,,8.0,3.0,,,1.0,,,4.0,8.0,9.0,9.0,,,,9.0,2.0,6.0,6.0,10.0,10.0,,,4.0,2.0,,9.0,8.0,8.0,9.0,3.0,,,9.0,,,,1.0,10,9.0,10,1
2007-10-05,91231,,11,2,4961.0,48268R10,KSW,K S W INC,KSW,221330.0,A,A,R,50698,3,5070.0,,,,50.0,507.0,,,,,,,6.9801,0.021977,6192.0,1.0,7.03,43220.7792,KSW,10.0,3.0,5.0,,2.0,1,10.0,1.0,8.0,,,10.0,1.0,,8.0,3.0,,,1.0,,,4.0,8.0,9.0,9.0,,,,9.0,2.0,6.0,6.0,10.0,10.0,,,4.0,2.0,,9.0,8.0,8.0,9.0,3.0,,,9.0,,,,1.0,10,9.0,10,1
2007-10-08,91231,,11,2,4961.0,48268R10,KSW,K S W INC,KSW,221330.0,A,A,R,50698,3,5070.0,,,,50.0,507.0,,,,,,,6.96,-0.00288,6192.0,1.0,7.09,43096.32,KSW,10.0,3.0,5.0,,2.0,1,10.0,1.0,8.0,,,10.0,1.0,,8.0,3.0,,,1.0,,,4.0,8.0,9.0,9.0,,,,9.0,2.0,6.0,6.0,10.0,10.0,,,4.0,2.0,,9.0,8.0,8.0,9.0,3.0,,,9.0,,,,1.0,10,9.0,10,1
2007-10-09,91231,,11,2,4961.0,48268R10,KSW,K S W INC,KSW,221330.0,A,A,R,50698,3,5070.0,,,,50.0,507.0,,,,,,,6.8,-0.022988,6192.0,1.0,6.9,42105.6,KSW,10.0,3.0,5.0,,2.0,1,10.0,1.0,8.0,,,10.0,1.0,,8.0,3.0,,,1.0,,,4.0,8.0,9.0,9.0,,,,9.0,2.0,6.0,6.0,10.0,10.0,,,4.0,2.0,,9.0,8.0,8.0,9.0,3.0,,,9.0,,,,1.0,10,9.0,10,1
2007-10-10,91231,,11,2,4961.0,48268R10,KSW,K S W INC,KSW,221330.0,A,A,R,50698,3,5070.0,,,,50.0,507.0,,,,,,,6.87,0.010294,6192.0,1.0,6.84,42539.04,KSW,10.0,3.0,5.0,,2.0,1,10.0,1.0,8.0,,,10.0,1.0,,8.0,3.0,,,1.0,,,4.0,8.0,9.0,9.0,,,,9.0,2.0,6.0,6.0,10.0,10.0,,,4.0,2.0,,9.0,8.0,8.0,9.0,3.0,,,9.0,,,,1.0,10,9.0,10,1
2007-10-11,91231,,11,2,4961.0,48268R10,KSW,K S W INC,KSW,221330.0,A,A,R,50698,3,5070.0,,,,50.0,507.0,,,,,,,6.8,-0.010189,6192.0,1.0,6.97,42105.6,KSW,10.0,3.0,5.0,,2.0,1,10.0,1.0,8.0,,,10.0,1.0,,8.0,3.0,,,1.0,,,4.0,8.0,9.0,9.0,,,,9.0,2.0,6.0,6.0,10.0,10.0,,,4.0,2.0,,9.0,8.0,8.0,9.0,3.0,,,9.0,,,,1.0,10,9.0,10,1
2007-10-12,91231,,11,2,4961.0,48268R10,KSW,K S W INC,KSW,221330.0,A,A,R,50698,3,5070.0,,,,50.0,507.0,,,,,,,6.74,-0.008824,6192.0,1.0,6.75,41734.08,KSW,10.0,3.0,5.0,,2.0,1,10.0,1.0,8.0,,,10.0,1.0,,8.0,3.0,,,1.0,,,4.0,8.0,9.0,9.0,,,,9.0,2.0,6.0,6.0,10.0,10.0,,,4.0,2.0,,9.0,8.0,8.0,9.0,3.0,,,9.0,,,,1.0,10,9.0,10,1
2007-10-15,91231,,11,2,4961.0,48268R10,KSW,K S W INC,KSW,221330.0,A,A,R,50698,3,5070.0,,,,50.0,507.0,,,,,,,6.75,0.001484,6192.0,1.0,6.65,41796.0,KSW,10.0,3.0,5.0,,2.0,1,10.0,1.0,8.0,,,10.0,1.0,,8.0,3.0,,,1.0,,,4.0,8.0,9.0,9.0,,,,9.0,2.0,6.0,6.0,10.0,10.0,,,4.0,2.0,,9.0,8.0,8.0,9.0,3.0,,,9.0,,,,1.0,10,9.0,10,1
2007-10-16,91231,,11,2,4961.0,48268R10,KSW,K S W INC,KSW,221330.0,A,A,R,50698,3,5070.0,,,,50.0,507.0,,,,,,,6.66,-0.013333,6192.0,1.0,6.7,41238.72,KSW,10.0,3.0,5.0,,2.0,1,10.0,1.0,8.0,,,10.0,1.0,,8.0,3.0,,,1.0,,,4.0,8.0,9.0,9.0,,,,9.0,2.0,6.0,6.0,10.0,10.0,,,4.0,2.0,,9.0,8.0,8.0,9.0,3.0,,,9.0,,,,1.0,10,9.0,10,1
2007-10-17,91231,,11,2,4961.0,48268R10,KSW,K S W INC,KSW,221330.0,A,A,R,50698,3,5070.0,,,,50.0,507.0,,,,,,,6.73,0.010511,6192.0,1.0,6.68,41672.16,KSW,10.0,3.0,5.0,,2.0,1,10.0,1.0,8.0,,,10.0,1.0,,8.0,3.0,,,1.0,,,4.0,8.0,9.0,9.0,,,,9.0,2.0,6.0,6.0,10.0,10.0,,,4.0,2.0,,9.0,8.0,8.0,9.0,3.0,,,9.0,,,,1.0,10,9.0,10,1
2007-10-18,91231,,11,2,4961.0,48268R10,KSW,K S W INC,KSW,221330.0,A,A,R,50698,3,5070.0,,,,50.0,507.0,,,,,,,6.67,-0.008915,6192.0,1.0,6.77,41300.64,KSW,10.0,3.0,5.0,,2.0,1,10.0,1.0,8.0,,,10.0,1.0,,8.0,3.0,,,1.0,,,4.0,8.0,9.0,9.0,,,,9.0,2.0,6.0,6.0,10.0,10.0,,,4.0,2.0,,9.0,8.0,8.0,9.0,3.0,,,9.0,,,,1.0,10,9.0,10,1
2007-10-19,91231,,11,2,4961.0,48268R10,KSW,K S W INC,KSW,221330.0,A,A,R,50698,3,5070.0,,,,50.0,507.0,,,,,,,6.63,-0.005997,6192.0,1.0,6.66,41052.96,KSW,10.0,3.0,5.0,,2.0,1,10.0,1.0,8.0,,,10.0,1.0,,8.0,3.0,,,1.0,,,4.0,8.0,9.0,9.0,,,,9.0,2.0,6.0,6.0,10.0,10.0,,,4.0,2.0,,9.0,8.0,8.0,9.0,3.0,,,9.0,,,,1.0,10,9.0,10,1
2007-10-22,91231,,11,2,4961.0,48268R10,KSW,K S W INC,KSW,221330.0,A,A,R,50698,3,5070.0,,,,50.0,507.0,,,,,,,6.57,-0.00905,6192.0,1.0,6.53,40681.44,KSW,10.0,3.0,5.0,,2.0,1,10.0,1.0,8.0,,,10.0,1.0,,8.0,3.0,,,1.0,,,4.0,8.0,9.0,9.0,,,,9.0,2.0,6.0,6.0,10.0,10.0,,,4.0,2.0,,9.0,8.0,8.0,9.0,3.0,,,9.0,,,,1.0,10,9.0,10,1
2007-10-23,91231,,11,2,4961.0,48268R10,KSW,K S W INC,KSW,221330.0,A,A,R,50698,3,5070.0,,,,50.0,507.0,,,,,,,6.6,0.004566,6192.0,1.0,6.49,40867.2,KSW,10.0,3.0,5.0,,2.0,1,10.0,1.0,8.0,,,10.0,1.0,,8.0,3.0,,,1.0,,,4.0,8.0,9.0,9.0,,,,9.0,2.0,6.0,6.0,10.0,10.0,,,4.0,2.0,,9.0,8.0,8.0,9.0,3.0,,,9.0,,,,1.0,10,9.0,10,1
2007-10-24,91231,,11,2,4961.0,48268R10,KSW,K S W INC,KSW,221330.0,A,A,R,50698,3,5070.0,,,,50.0,507.0,,,,,,,6.81,0.031818,6192.0,1.0,6.5,42167.52,KSW,10.0,3.0,5.0,,2.0,1,10.0,1.0,8.0,,,10.0,1.0,,8.0,3.0,,,1.0,,,4.0,8.0,9.0,9.0,,,,9.0,2.0,6.0,6.0,10.0,10.0,,,4.0,2.0,,9.0,8.0,8.0,9.0,3.0,,,9.0,,,,1.0,10,9.0,10,1
2007-10-25,91231,,11,2,4961.0,48268R10,KSW,K S W INC,KSW,221330.0,A,A,R,50698,3,5070.0,,,,50.0,507.0,,,,,,,6.85,0.005874,6192.0,1.0,6.96,42415.2,KSW,10.0,3.0,5.0,,2.0,1,10.0,1.0,8.0,,,10.0,1.0,,8.0,3.0,,,1.0,,,4.0,8.0,9.0,9.0,,,,9.0,2.0,6.0,6.0,10.0,10.0,,,4.0,2.0,,9.0,8.0,8.0,9.0,3.0,,,9.0,,,,1.0,10,9.0,10,1
2007-10-26,91231,,11,2,4961.0,48268R10,KSW,K S W INC,KSW,221330.0,A,A,R,50698,3,5070.0,,,,50.0,507.0,,,,,,,6.88,0.00438,6192.0,1.0,6.5,42600.96,KSW,10.0,3.0,5.0,,2.0,1,10.0,1.0,8.0,,,10.0,1.0,,8.0,3.0,,,1.0,,,4.0,8.0,9.0,9.0,,,,9.0,2.0,6.0,6.0,10.0,10.0,,,4.0,2.0,,9.0,8.0,8.0,9.0,3.0,,,9.0,,,,1.0,10,9.0,10,1
2007-10-29,91231,,11,2,4961.0,48268R10,KSW,K S W INC,KSW,221330.0,A,A,R,50698,3,5070.0,,,,50.0,507.0,,,,,,,6.95,0.010174,6192.0,1.0,6.87,43034.4,KSW,10.0,3.0,5.0,,2.0,1,10.0,1.0,8.0,,,10.0,1.0,,8.0,3.0,,,1.0,,,4.0,8.0,9.0,9.0,,,,9.0,2.0,6.0,6.0,10.0,10.0,,,4.0,2.0,,9.0,8.0,8.0,9.0,3.0,,,9.0,,,,1.0,10,9.0,10,1
2007-10-30,91231,,11,2,4961.0,48268R10,KSW,K S W INC,KSW,221330.0,A,A,R,50698,3,5070.0,,,,50.0,507.0,,,,,,,6.99,0.005755,6192.0,1.0,6.96,43282.08,KSW,10.0,3.0,5.0,,2.0,1,10.0,1.0,8.0,,,10.0,1.0,,8.0,3.0,,,1.0,,,4.0,8.0,9.0,9.0,,,,9.0,2.0,6.0,6.0,10.0,10.0,,,4.0,2.0,,9.0,8.0,8.0,9.0,3.0,,,9.0,,,,1.0,10,9.0,10,1
2007-10-31,91231,,11,2,4961.0,48268R10,KSW,K S W INC,KSW,221330.0,A,A,R,50698,3,5070.0,,,,50.0,507.0,,,,,,,7.25,0.037196,6192.0,1.0,6.99,44892.0,KSW,10.0,3.0,5.0,,2.0,1,10.0,1.0,8.0,,,10.0,1.0,,8.0,3.0,,,1.0,,,4.0,8.0,9.0,9.0,,,,9.0,2.0,6.0,6.0,10.0,10.0,,,4.0,2.0,,9.0,8.0,8.0,9.0,3.0,,,9.0,,,,1.0,10,9.0,10,1
2007-11-01,91231,,11,2,4961.0,48268R10,KSW,K S W INC,KSW,221330.0,A,A,R,50698,3,5070.0,,,,50.0,507.0,,,,,,,7.13,-0.016552,6192.0,1.0,7.2,44148.96,KSW,10.0,3.0,5.0,,2.0,1,10.0,1.0,8.0,,,10.0,1.0,,8.0,3.0,,,1.0,,,4.0,8.0,9.0,9.0,,,,8.0,4.0,6.0,5.0,10.0,8.0,,,4.0,2.0,,9.0,8.0,8.0,5.0,4.0,,,5.0,,,,1.0,10,9.0,10,1
2007-11-02,91231,,11,2,4961.0,48268R10,KSW,K S W INC,KSW,221330.0,A,A,R,50698,3,5070.0,,,,50.0,507.0,,,,,,,7.0,-0.018233,6192.0,1.0,7.09,43344.0,KSW,10.0,3.0,5.0,,2.0,1,10.0,1.0,8.0,,,10.0,1.0,,8.0,3.0,,,1.0,,,4.0,8.0,9.0,9.0,,,,8.0,4.0,6.0,5.0,10.0,8.0,,,4.0,2.0,,9.0,8.0,8.0,5.0,4.0,,,5.0,,,,1.0,10,9.0,10,1
2007-11-05,91231,,11,2,4961.0,48268R10,KSW,K S W INC,KSW,221330.0,A,A,R,50698,3,5070.0,,,,50.0,507.0,,,,,,,6.9999,-1.4e-05,6192.0,1.0,7.03,43343.3808,KSW,10.0,3.0,5.0,,2.0,1,10.0,1.0,8.0,,,10.0,1.0,,8.0,3.0,,,1.0,,,4.0,8.0,9.0,9.0,,,,8.0,4.0,6.0,5.0,10.0,8.0,,,4.0,2.0,,9.0,8.0,8.0,5.0,4.0,,,5.0,,,,1.0,10,9.0,10,1
2007-11-06,91231,,11,2,4961.0,48268R10,KSW,K S W INC,KSW,221330.0,A,A,R,50698,3,5070.0,,,,50.0,507.0,,,,,,,6.93,-0.009986,6192.0,1.0,6.9,42910.56,KSW,10.0,3.0,5.0,,2.0,1,10.0,1.0,8.0,,,10.0,1.0,,8.0,3.0,,,1.0,,,4.0,8.0,9.0,9.0,,,,8.0,4.0,6.0,5.0,10.0,8.0,,,4.0,2.0,,9.0,8.0,8.0,5.0,4.0,,,5.0,,,,1.0,10,9.0,10,1
2007-11-07,91231,,11,2,4961.0,48268R10,KSW,K S W INC,KSW,221330.0,A,A,R,50698,3,5070.0,,,,50.0,507.0,,,,,,,6.8,-0.018759,6192.0,1.0,6.81,42105.6,KSW,10.0,3.0,5.0,,2.0,1,10.0,1.0,8.0,,,10.0,1.0,,8.0,3.0,,,1.0,,,4.0,8.0,9.0,9.0,,,,8.0,4.0,6.0,5.0,10.0,8.0,,,4.0,2.0,,9.0,8.0,8.0,5.0,4.0,,,5.0,,,,1.0,10,9.0,10,1
2007-11-08,91231,,11,2,4961.0,48268R10,KSW,K S W INC,KSW,221330.0,A,A,R,50698,3,5070.0,,,,50.0,507.0,,,,,,,6.76,-0.005882,6192.0,1.0,6.65,41857.92,KSW,10.0,3.0,5.0,,2.0,1,10.0,1.0,8.0,,,10.0,1.0,,8.0,3.0,,,1.0,,,4.0,8.0,9.0,9.0,,,,8.0,4.0,6.0,5.0,10.0,8.0,,,4.0,2.0,,9.0,8.0,8.0,5.0,4.0,,,5.0,,,,1.0,10,9.0,10,1
2007-11-09,91231,,11,2,4961.0,48268R10,KSW,K S W INC,KSW,221330.0,A,A,R,50698,3,5070.0,,,,50.0,507.0,,,,,,,6.79,0.004438,6244.0,1.0,6.58,42396.76,KSW,10.0,3.0,5.0,,2.0,1,10.0,1.0,8.0,,,10.0,1.0,,8.0,3.0,,,1.0,,,4.0,8.0,9.0,9.0,,,,8.0,4.0,6.0,5.0,10.0,8.0,,,4.0,2.0,,9.0,8.0,8.0,5.0,4.0,,,5.0,,,,1.0,10,9.0,10,1
2007-11-12,91231,20121011.0,11,3,5070.0,48268R10,KSW,K S W INC,KSW,221330.0,Q,A,R,50698,3,5070.0,,,,50.0,507.0,,,,,,,6.85,0.008837,6244.0,1.0,6.15,42771.4,KSW,10.0,3.0,5.0,,2.0,1,10.0,1.0,8.0,,,10.0,1.0,,8.0,3.0,,,1.0,,,4.0,8.0,9.0,9.0,,,,8.0,4.0,6.0,5.0,10.0,8.0,,,4.0,2.0,,9.0,8.0,8.0,5.0,4.0,,,5.0,,,,1.0,10,9.0,10,1
2007-11-13,91231,,11,3,5070.0,48268R10,KSW,K S W INC,KSW,221330.0,Q,A,R,50698,3,5070.0,,,,50.0,507.0,,,,,,,6.95,0.014599,6244.0,1.0,6.5,43395.8,KSW,10.0,3.0,5.0,,2.0,1,10.0,1.0,8.0,,,10.0,1.0,,8.0,3.0,,,1.0,,,4.0,8.0,9.0,9.0,,,,8.0,4.0,6.0,5.0,10.0,8.0,,,4.0,2.0,,9.0,8.0,8.0,5.0,4.0,,,5.0,,,,1.0,10,9.0,10,1
2007-11-14,91231,,11,3,5070.0,48268R10,KSW,K S W INC,KSW,221330.0,Q,A,R,50698,3,5070.0,,,,50.0,507.0,,,,,,,6.9999,0.00718,6244.0,1.0,6.9699,43707.3756,KSW,10.0,3.0,5.0,,2.0,1,10.0,1.0,8.0,,,10.0,1.0,,8.0,3.0,,,1.0,,,4.0,8.0,9.0,9.0,,,,8.0,4.0,6.0,5.0,10.0,8.0,,,4.0,2.0,,9.0,8.0,8.0,5.0,4.0,,,5.0,,,,1.0,10,9.0,10,1
2007-11-15,91231,,11,3,5070.0,48268R10,KSW,K S W INC,KSW,221330.0,Q,A,R,50698,3,5070.0,,,,50.0,507.0,,,,,,,6.96,-0.0057,6244.0,1.0,7.0,43458.24,KSW,10.0,3.0,5.0,,2.0,1,10.0,1.0,8.0,,,10.0,1.0,,8.0,3.0,,,1.0,,,4.0,8.0,9.0,9.0,,,,8.0,4.0,6.0,5.0,10.0,8.0,,,4.0,2.0,,9.0,8.0,8.0,5.0,4.0,,,5.0,,,,1.0,10,9.0,10,1
2007-11-16,91231,,11,3,5070.0,48268R10,KSW,K S W INC,KSW,221330.0,Q,A,R,50698,3,5070.0,,,,50.0,507.0,,,,,,,6.83,-0.018678,6244.0,1.0,6.85,42646.52,KSW,10.0,3.0,5.0,,2.0,1,10.0,1.0,8.0,,,10.0,1.0,,8.0,3.0,,,1.0,,,4.0,8.0,9.0,9.0,,,,8.0,4.0,6.0,5.0,10.0,8.0,,,4.0,2.0,,9.0,8.0,8.0,5.0,4.0,,,5.0,,,,1.0,10,9.0,10,1
2007-11-19,91231,,11,3,5070.0,48268R10,KSW,K S W INC,KSW,221330.0,Q,A,R,50698,3,5070.0,,,,50.0,507.0,,,,,,,6.71,-0.01757,6244.0,1.0,6.83,41897.24,KSW,10.0,3.0,5.0,,2.0,1,10.0,1.0,8.0,,,10.0,1.0,,8.0,3.0,,,1.0,,,4.0,8.0,9.0,9.0,,,,8.0,4.0,6.0,5.0,10.0,8.0,,,4.0,2.0,,9.0,8.0,8.0,5.0,4.0,,,5.0,,,,1.0,10,9.0,10,1
2007-11-20,91231,,11,3,5070.0,48268R10,KSW,K S W INC,KSW,221330.0,Q,A,R,50698,3,5070.0,,,,50.0,507.0,,,,,,,6.73,0.002981,6244.0,1.0,6.9,42022.12,KSW,10.0,3.0,5.0,,2.0,1,10.0,1.0,8.0,,,10.0,1.0,,8.0,3.0,,,1.0,,,4.0,8.0,9.0,9.0,,,,8.0,4.0,6.0,5.0,10.0,8.0,,,4.0,2.0,,9.0,8.0,8.0,5.0,4.0,,,5.0,,,,1.0,10,9.0,10,1
2007-11-21,91231,,11,3,5070.0,48268R10,KSW,K S W INC,KSW,221330.0,Q,A,R,50698,3,5070.0,,,,50.0,507.0,,,,,,,6.73,0.0,6244.0,1.0,6.64,42022.12,KSW,10.0,3.0,5.0,,2.0,1,10.0,1.0,8.0,,,10.0,1.0,,8.0,3.0,,,1.0,,,4.0,8.0,9.0,9.0,,,,8.0,4.0,6.0,5.0,10.0,8.0,,,4.0,2.0,,9.0,8.0,8.0,5.0,4.0,,,5.0,,,,1.0,10,9.0,10,1
2007-11-23,91231,,11,3,5070.0,48268R10,KSW,K S W INC,KSW,221330.0,Q,A,R,50698,3,5070.0,,,,50.0,507.0,,,,,,,6.74,0.001486,6244.0,1.0,6.74,42084.56,KSW,10.0,3.0,5.0,,2.0,1,10.0,1.0,8.0,,,10.0,1.0,,8.0,3.0,,,1.0,,,4.0,8.0,9.0,9.0,,,,8.0,4.0,6.0,5.0,10.0,8.0,,,4.0,2.0,,9.0,8.0,8.0,5.0,4.0,,,5.0,,,,1.0,10,9.0,10,1
2007-11-26,91231,,11,3,5070.0,48268R10,KSW,K S W INC,KSW,221330.0,Q,A,R,50698,3,5070.0,,,,50.0,507.0,,,,,,,6.65,-0.013353,6244.0,1.0,6.67,41522.6,KSW,10.0,3.0,5.0,,2.0,1,10.0,1.0,8.0,,,10.0,1.0,,8.0,3.0,,,1.0,,,4.0,8.0,9.0,9.0,,,,8.0,4.0,6.0,5.0,10.0,8.0,,,4.0,2.0,,9.0,8.0,8.0,5.0,4.0,,,5.0,,,,1.0,10,9.0,10,1
2007-11-27,91231,,11,3,5070.0,48268R10,KSW,K S W INC,KSW,221330.0,Q,A,R,50698,3,5070.0,,,,50.0,507.0,,,,,,,6.71,0.009023,6244.0,1.0,6.74,41897.24,KSW,10.0,3.0,5.0,,2.0,1,10.0,1.0,8.0,,,10.0,1.0,,8.0,3.0,,,1.0,,,4.0,8.0,9.0,9.0,,,,8.0,4.0,6.0,5.0,10.0,8.0,,,4.0,2.0,,9.0,8.0,8.0,5.0,4.0,,,5.0,,,,1.0,10,9.0,10,1
2007-11-28,91231,,11,3,5070.0,48268R10,KSW,K S W INC,KSW,221330.0,Q,A,R,50698,3,5070.0,,,,50.0,507.0,,,,,,,6.7,-0.00149,6244.0,1.0,6.71,41834.8,KSW,10.0,3.0,5.0,,2.0,1,10.0,1.0,8.0,,,10.0,1.0,,8.0,3.0,,,1.0,,,4.0,8.0,9.0,9.0,,,,8.0,4.0,6.0,5.0,10.0,8.0,,,4.0,2.0,,9.0,8.0,8.0,5.0,4.0,,,5.0,,,,1.0,10,9.0,10,1
2007-11-29,91231,,11,3,5070.0,48268R10,KSW,K S W INC,KSW,221330.0,Q,A,R,50698,3,5070.0,,,,50.0,507.0,,,,,,,6.68,-0.002985,6244.0,1.0,6.62,41709.92,KSW,10.0,3.0,5.0,,2.0,1,10.0,1.0,8.0,,,10.0,1.0,,8.0,3.0,,,1.0,,,4.0,8.0,9.0,9.0,,,,8.0,4.0,6.0,5.0,10.0,8.0,,,4.0,2.0,,9.0,8.0,8.0,5.0,4.0,,,5.0,,,,1.0,10,9.0,10,1
2007-11-30,91231,,11,3,5070.0,48268R10,KSW,K S W INC,KSW,221330.0,Q,A,R,50698,3,5070.0,,,,50.0,507.0,,,,,,,6.71,0.004491,6244.0,1.0,6.73,41897.24,KSW,10.0,3.0,5.0,,2.0,1,10.0,1.0,8.0,,,10.0,1.0,,8.0,3.0,,,1.0,,,4.0,8.0,9.0,9.0,,,,8.0,4.0,6.0,5.0,10.0,8.0,,,4.0,2.0,,9.0,8.0,8.0,5.0,4.0,,,5.0,,,,1.0,10,9.0,10,1
2007-12-03,91231,,11,3,5070.0,48268R10,KSW,K S W INC,KSW,221330.0,Q,A,R,50698,3,5070.0,,,,50.0,507.0,,,,,,,6.69,-0.002981,6244.0,1.0,6.53,41772.36,KSW,10.0,3.0,5.0,,2.0,1,10.0,1.0,8.0,,,10.0,1.0,,8.0,3.0,,,1.0,,,4.0,8.0,9.0,9.0,,,,7.0,4.0,5.0,4.0,10.0,9.0,2.0,,4.0,2.0,,9.0,8.0,9.0,6.0,7.0,,,5.0,6.0,4.0,,1.0,10,9.0,10,1
2007-12-04,91231,,11,3,5070.0,48268R10,KSW,K S W INC,KSW,221330.0,Q,A,R,50698,3,5070.0,,,,50.0,507.0,,,,,,,6.71,0.00299,6244.0,1.0,6.69,41897.24,KSW,10.0,3.0,5.0,,2.0,1,10.0,1.0,8.0,,,10.0,1.0,,8.0,3.0,,,1.0,,,4.0,8.0,9.0,9.0,,,,7.0,4.0,5.0,4.0,10.0,9.0,2.0,,4.0,2.0,,9.0,8.0,9.0,6.0,7.0,,,5.0,6.0,4.0,,1.0,10,9.0,10,1
2007-12-05,91231,,11,3,5070.0,48268R10,KSW,K S W INC,KSW,221330.0,Q,A,R,50698,3,5070.0,,,,50.0,507.0,,,,,,,6.77,0.008942,6244.0,1.0,6.84,42271.88,KSW,10.0,3.0,5.0,,2.0,1,10.0,1.0,8.0,,,10.0,1.0,,8.0,3.0,,,1.0,,,4.0,8.0,9.0,9.0,,,,7.0,4.0,5.0,4.0,10.0,9.0,2.0,,4.0,2.0,,9.0,8.0,9.0,6.0,7.0,,,5.0,6.0,4.0,,1.0,10,9.0,10,1
2007-12-06,91231,,11,3,5070.0,48268R10,KSW,K S W INC,KSW,221330.0,Q,A,R,50698,3,5070.0,,,,50.0,507.0,,,,,,,6.68,-0.013294,6244.0,1.0,6.68,41709.92,KSW,10.0,3.0,5.0,,2.0,1,10.0,1.0,8.0,,,10.0,1.0,,8.0,3.0,,,1.0,,,4.0,8.0,9.0,9.0,,,,7.0,4.0,5.0,4.0,10.0,9.0,2.0,,4.0,2.0,,9.0,8.0,9.0,6.0,7.0,,,5.0,6.0,4.0,,1.0,10,9.0,10,1
2007-12-07,91231,,11,3,5070.0,48268R10,KSW,K S W INC,KSW,221330.0,Q,A,R,50698,3,5070.0,,,,50.0,507.0,,,,,,,6.73,0.007485,6244.0,1.0,6.61,42022.12,KSW,10.0,3.0,5.0,,2.0,1,10.0,1.0,8.0,,,10.0,1.0,,8.0,3.0,,,1.0,,,4.0,8.0,9.0,9.0,,,,7.0,4.0,5.0,4.0,10.0,9.0,2.0,,4.0,2.0,,9.0,8.0,9.0,6.0,7.0,,,5.0,6.0,4.0,,1.0,10,9.0,10,1
2007-12-10,91231,,11,3,5070.0,48268R10,KSW,K S W INC,KSW,221330.0,Q,A,R,50698,3,5070.0,,,,50.0,507.0,,,,,,,6.64,-0.013373,6244.0,1.0,6.53,41460.16,KSW,10.0,3.0,5.0,,2.0,1,10.0,1.0,8.0,,,10.0,1.0,,8.0,3.0,,,1.0,,,4.0,8.0,9.0,9.0,,,,7.0,4.0,5.0,4.0,10.0,9.0,2.0,,4.0,2.0,,9.0,8.0,9.0,6.0,7.0,,,5.0,6.0,4.0,,1.0,10,9.0,10,1
2007-12-11,91231,,11,3,5070.0,48268R10,KSW,K S W INC,KSW,221330.0,Q,A,R,50698,3,5070.0,,,,50.0,507.0,,,,,,,6.47,-0.025602,6244.0,1.0,6.54,40398.68,KSW,10.0,3.0,5.0,,2.0,1,10.0,1.0,8.0,,,10.0,1.0,,8.0,3.0,,,1.0,,,4.0,8.0,9.0,9.0,,,,7.0,4.0,5.0,4.0,10.0,9.0,2.0,,4.0,2.0,,9.0,8.0,9.0,6.0,7.0,,,5.0,6.0,4.0,,1.0,10,9.0,10,1
2007-12-12,91231,,11,3,5070.0,48268R10,KSW,K S W INC,KSW,221330.0,Q,A,R,50698,3,5070.0,,,,50.0,507.0,,,,,,,6.43,-0.006182,6244.0,1.0,6.5,40148.92,KSW,10.0,3.0,5.0,,2.0,1,10.0,1.0,8.0,,,10.0,1.0,,8.0,3.0,,,1.0,,,4.0,8.0,9.0,9.0,,,,7.0,4.0,5.0,4.0,10.0,9.0,2.0,,4.0,2.0,,9.0,8.0,9.0,6.0,7.0,,,5.0,6.0,4.0,,1.0,10,9.0,10,1
2007-12-13,91231,,11,3,5070.0,48268R10,KSW,K S W INC,KSW,221330.0,Q,A,R,50698,3,5070.0,,,,50.0,507.0,,,,,,,6.65,0.034215,6244.0,1.0,6.6,41522.6,KSW,10.0,3.0,5.0,,2.0,1,10.0,1.0,8.0,,,10.0,1.0,,8.0,3.0,,,1.0,,,4.0,8.0,9.0,9.0,,,,7.0,4.0,5.0,4.0,10.0,9.0,2.0,,4.0,2.0,,9.0,8.0,9.0,6.0,7.0,,,5.0,6.0,4.0,,1.0,10,9.0,10,1
2007-12-14,91231,,11,3,5070.0,48268R10,KSW,K S W INC,KSW,221330.0,Q,A,R,50698,3,5070.0,,,,50.0,507.0,,,,,,,6.7799,0.019534,6244.0,1.0,6.8,42333.6956,KSW,10.0,3.0,5.0,,2.0,1,10.0,1.0,8.0,,,10.0,1.0,,8.0,3.0,,,1.0,,,4.0,8.0,9.0,9.0,,,,7.0,4.0,5.0,4.0,10.0,9.0,2.0,,4.0,2.0,,9.0,8.0,9.0,6.0,7.0,,,5.0,6.0,4.0,,1.0,10,9.0,10,1
2007-12-17,91231,,11,3,5070.0,48268R10,KSW,K S W INC,KSW,221330.0,Q,A,R,50698,3,5070.0,,,,50.0,507.0,,,,,,,6.65,-0.01916,6244.0,1.0,6.6501,41522.6,KSW,10.0,3.0,5.0,,2.0,1,10.0,1.0,8.0,,,10.0,1.0,,8.0,3.0,,,1.0,,,4.0,8.0,9.0,9.0,,,,7.0,4.0,5.0,4.0,10.0,9.0,2.0,,4.0,2.0,,9.0,8.0,9.0,6.0,7.0,,,5.0,6.0,4.0,,1.0,10,9.0,10,1
2007-12-18,91231,,11,3,5070.0,48268R10,KSW,K S W INC,KSW,221330.0,Q,A,R,50698,3,5070.0,,,,50.0,507.0,,,,,,,6.68,0.004511,6244.0,1.0,6.47,41709.92,KSW,10.0,3.0,5.0,,2.0,1,10.0,1.0,8.0,,,10.0,1.0,,8.0,3.0,,,1.0,,,4.0,8.0,9.0,9.0,,,,7.0,4.0,5.0,4.0,10.0,9.0,2.0,,4.0,2.0,,9.0,8.0,9.0,6.0,7.0,,,5.0,6.0,4.0,,1.0,10,9.0,10,1
2007-12-19,91231,,11,3,5070.0,48268R10,KSW,K S W INC,KSW,221330.0,Q,A,R,50698,3,5070.0,,,,50.0,507.0,,,,,,,6.56,-0.017964,6244.0,1.0,6.52,40960.64,KSW,10.0,3.0,5.0,,2.0,1,10.0,1.0,8.0,,,10.0,1.0,,8.0,3.0,,,1.0,,,4.0,8.0,9.0,9.0,,,,7.0,4.0,5.0,4.0,10.0,9.0,2.0,,4.0,2.0,,9.0,8.0,9.0,6.0,7.0,,,5.0,6.0,4.0,,1.0,10,9.0,10,1
2007-12-20,91231,,11,3,5070.0,48268R10,KSW,K S W INC,KSW,221330.0,Q,A,R,50698,3,5070.0,,,,50.0,507.0,,,,,,,6.45,-0.016768,6244.0,1.0,6.57,40273.8,KSW,10.0,3.0,5.0,,2.0,1,10.0,1.0,8.0,,,10.0,1.0,,8.0,3.0,,,1.0,,,4.0,8.0,9.0,9.0,,,,7.0,4.0,5.0,4.0,10.0,9.0,2.0,,4.0,2.0,,9.0,8.0,9.0,6.0,7.0,,,5.0,6.0,4.0,,1.0,10,9.0,10,1
2007-12-21,91231,,11,3,5070.0,48268R10,KSW,K S W INC,KSW,221330.0,Q,A,R,50698,3,5070.0,,,,50.0,507.0,,,,,,,6.35,-0.015504,6244.0,1.0,6.32,39649.4,KSW,10.0,3.0,5.0,,2.0,1,10.0,1.0,8.0,,,10.0,1.0,,8.0,3.0,,,1.0,,,4.0,8.0,9.0,9.0,,,,7.0,4.0,5.0,4.0,10.0,9.0,2.0,,4.0,2.0,,9.0,8.0,9.0,6.0,7.0,,,5.0,6.0,4.0,,1.0,10,9.0,10,1
2007-12-24,91231,,11,3,5070.0,48268R10,KSW,K S W INC,KSW,221330.0,Q,A,R,50698,3,5070.0,,,,50.0,507.0,,,,,,,6.49,0.022047,6244.0,1.0,6.18,40523.56,KSW,10.0,3.0,5.0,,2.0,1,10.0,1.0,8.0,,,10.0,1.0,,8.0,3.0,,,1.0,,,4.0,8.0,9.0,9.0,,,,7.0,4.0,5.0,4.0,10.0,9.0,2.0,,4.0,2.0,,9.0,8.0,9.0,6.0,7.0,,,5.0,6.0,4.0,,1.0,10,9.0,10,1
2007-12-26,91231,,11,3,5070.0,48268R10,KSW,K S W INC,KSW,221330.0,Q,A,R,50698,3,5070.0,,,,50.0,507.0,,,,,,,6.6,0.016949,6244.0,1.0,6.21,41210.4,KSW,10.0,3.0,5.0,,2.0,1,10.0,1.0,8.0,,,10.0,1.0,,8.0,3.0,,,1.0,,,4.0,8.0,9.0,9.0,,,,7.0,4.0,5.0,4.0,10.0,9.0,2.0,,4.0,2.0,,9.0,8.0,9.0,6.0,7.0,,,5.0,6.0,4.0,,1.0,10,9.0,10,1
2007-12-27,91231,,11,3,5070.0,48268R10,KSW,K S W INC,KSW,221330.0,Q,A,R,50698,3,5070.0,,,,50.0,507.0,,,,,,,6.7699,0.025742,6244.0,1.0,6.6,42271.2556,KSW,10.0,3.0,5.0,,2.0,1,10.0,1.0,8.0,,,10.0,1.0,,8.0,3.0,,,1.0,,,4.0,8.0,9.0,9.0,,,,7.0,4.0,5.0,4.0,10.0,9.0,2.0,,4.0,2.0,,9.0,8.0,9.0,6.0,7.0,,,5.0,6.0,4.0,,1.0,10,9.0,10,1
2007-12-28,91231,,11,3,5070.0,48268R10,KSW,K S W INC,KSW,221330.0,Q,A,R,50698,3,5070.0,,,,50.0,507.0,,,,,,,6.79,0.002969,6244.0,1.0,6.73,42396.76,KSW,10.0,3.0,5.0,,2.0,1,10.0,1.0,8.0,,,10.0,1.0,,8.0,3.0,,,1.0,,,4.0,8.0,9.0,9.0,,,,7.0,4.0,5.0,4.0,10.0,9.0,2.0,,4.0,2.0,,9.0,8.0,9.0,6.0,7.0,,,5.0,6.0,4.0,,1.0,10,9.0,10,1
2007-12-31,91231,,11,3,5070.0,48268R10,KSW,K S W INC,KSW,221330.0,Q,A,R,50698,3,5070.0,,,,50.0,507.0,,,,,,,6.97,0.02651,6244.0,1.0,6.72,43520.68,KSW,10.0,3.0,5.0,,2.0,1,10.0,1.0,8.0,,,10.0,1.0,,8.0,3.0,,,1.0,,,4.0,8.0,9.0,9.0,,,,7.0,4.0,5.0,4.0,10.0,9.0,2.0,,4.0,2.0,,9.0,8.0,9.0,6.0,7.0,,,5.0,6.0,4.0,,1.0,10,9.0,10,1
2008-01-02,91231,,11,3,5070.0,48268R10,KSW,K S W INC,KSW,221330.0,Q,A,R,50698,3,5070.0,,,,50.0,507.0,,,,,,,7.0,0.004304,6244.0,1.0,6.97,43708.0,KSW,10.0,3.0,5.0,,2.0,1,10.0,1.0,8.0,,,10.0,1.0,,8.0,3.0,,,1.0,,,4.0,8.0,9.0,9.0,,,,6.0,4.0,4.0,3.0,10.0,5.0,2.0,,4.0,2.0,,9.0,9.0,9.0,3.0,8.0,,,3.0,2.0,2.0,,1.0,10,10.0,10,1
2008-01-03,91231,,11,3,5070.0,48268R10,KSW,K S W INC,KSW,221330.0,Q,A,R,50698,3,5070.0,,,,50.0,507.0,,,,,,,7.0,0.0,6244.0,1.0,7.0,43708.0,KSW,10.0,3.0,5.0,,2.0,1,10.0,1.0,8.0,,,10.0,1.0,,8.0,3.0,,,1.0,,,4.0,8.0,9.0,9.0,,,,6.0,4.0,4.0,3.0,10.0,5.0,2.0,,4.0,2.0,,9.0,9.0,9.0,3.0,8.0,,,3.0,2.0,2.0,,1.0,10,10.0,10,1
2008-01-04,91231,,11,3,5070.0,48268R10,KSW,K S W INC,KSW,221330.0,Q,A,R,50698,3,5070.0,,,,50.0,507.0,,,,,,,6.96,-0.005714,6244.0,1.0,6.81,43458.24,KSW,10.0,3.0,5.0,,2.0,1,10.0,1.0,8.0,,,10.0,1.0,,8.0,3.0,,,1.0,,,4.0,8.0,9.0,9.0,,,,6.0,4.0,4.0,3.0,10.0,5.0,2.0,,4.0,2.0,,9.0,9.0,9.0,3.0,8.0,,,3.0,2.0,2.0,,1.0,10,10.0,10,1
2008-01-07,91231,,11,3,5070.0,48268R10,KSW,K S W INC,KSW,221330.0,Q,A,R,50698,3,5070.0,,,,50.0,507.0,,,,,,,6.84,-0.017241,6244.0,1.0,6.95,42708.96,KSW,10.0,3.0,5.0,,2.0,1,10.0,1.0,8.0,,,10.0,1.0,,8.0,3.0,,,1.0,,,4.0,8.0,9.0,9.0,,,,6.0,4.0,4.0,3.0,10.0,5.0,2.0,,4.0,2.0,,9.0,9.0,9.0,3.0,8.0,,,3.0,2.0,2.0,,1.0,10,10.0,10,1
2008-01-08,91231,,11,3,5070.0,48268R10,KSW,K S W INC,KSW,221330.0,Q,A,R,50698,3,5070.0,,,,50.0,507.0,,,,,,,6.83,-0.001462,6244.0,1.0,6.85,42646.52,KSW,10.0,3.0,5.0,,2.0,1,10.0,1.0,8.0,,,10.0,1.0,,8.0,3.0,,,1.0,,,4.0,8.0,9.0,9.0,,,,6.0,4.0,4.0,3.0,10.0,5.0,2.0,,4.0,2.0,,9.0,9.0,9.0,3.0,8.0,,,3.0,2.0,2.0,,1.0,10,10.0,10,1
2008-01-09,91231,,11,3,5070.0,48268R10,KSW,K S W INC,KSW,221330.0,Q,A,R,50698,3,5070.0,,,,50.0,507.0,,,,,,,6.82,-0.001464,6244.0,1.0,6.84,42584.08,KSW,10.0,3.0,5.0,,2.0,1,10.0,1.0,8.0,,,10.0,1.0,,8.0,3.0,,,1.0,,,4.0,8.0,9.0,9.0,,,,6.0,4.0,4.0,3.0,10.0,5.0,2.0,,4.0,2.0,,9.0,9.0,9.0,3.0,8.0,,,3.0,2.0,2.0,,1.0,10,10.0,10,1
2008-01-10,91231,,11,3,5070.0,48268R10,KSW,K S W INC,KSW,221330.0,Q,A,R,50698,3,5070.0,,,,50.0,507.0,,,,,,,6.8,-0.002933,6244.0,1.0,6.8,42459.2,KSW,10.0,3.0,5.0,,2.0,1,10.0,1.0,8.0,,,10.0,1.0,,8.0,3.0,,,1.0,,,4.0,8.0,9.0,9.0,,,,6.0,4.0,4.0,3.0,10.0,5.0,2.0,,4.0,2.0,,9.0,9.0,9.0,3.0,8.0,,,3.0,2.0,2.0,,1.0,10,10.0,10,1
2008-01-11,91231,,11,3,5070.0,48268R10,KSW,K S W INC,KSW,221330.0,Q,A,R,50698,3,5070.0,,,,50.0,507.0,,,,,,,6.77,-0.004412,6244.0,1.0,6.68,42271.88,KSW,10.0,3.0,5.0,,2.0,1,10.0,1.0,8.0,,,10.0,1.0,,8.0,3.0,,,1.0,,,4.0,8.0,9.0,9.0,,,,6.0,4.0,4.0,3.0,10.0,5.0,2.0,,4.0,2.0,,9.0,9.0,9.0,3.0,8.0,,,3.0,2.0,2.0,,1.0,10,10.0,10,1
2008-01-14,91231,,11,3,5070.0,48268R10,KSW,K S W INC,KSW,221330.0,Q,A,R,50698,3,5070.0,,,,50.0,507.0,,,,,,,6.78,0.001477,6244.0,1.0,6.53,42334.32,KSW,10.0,3.0,5.0,,2.0,1,10.0,1.0,8.0,,,10.0,1.0,,8.0,3.0,,,1.0,,,4.0,8.0,9.0,9.0,,,,6.0,4.0,4.0,3.0,10.0,5.0,2.0,,4.0,2.0,,9.0,9.0,9.0,3.0,8.0,,,3.0,2.0,2.0,,1.0,10,10.0,10,1
2008-01-15,91231,,11,3,5070.0,48268R10,KSW,K S W INC,KSW,221330.0,Q,A,R,50698,3,5070.0,,,,50.0,507.0,,,,,,,6.5899,-0.028038,6244.0,1.0,6.79,41147.3356,KSW,10.0,3.0,5.0,,2.0,1,10.0,1.0,8.0,,,10.0,1.0,,8.0,3.0,,,1.0,,,4.0,8.0,9.0,9.0,,,,6.0,4.0,4.0,3.0,10.0,5.0,2.0,,4.0,2.0,,9.0,9.0,9.0,3.0,8.0,,,3.0,2.0,2.0,,1.0,10,10.0,10,1
2008-01-16,91231,,11,3,5070.0,48268R10,KSW,K S W INC,KSW,221330.0,Q,A,R,50698,3,5070.0,,,,50.0,507.0,,,,,,,6.65,0.00912,6244.0,1.0,6.64,41522.6,KSW,10.0,3.0,5.0,,2.0,1,10.0,1.0,8.0,,,10.0,1.0,,8.0,3.0,,,1.0,,,4.0,8.0,9.0,9.0,,,,6.0,4.0,4.0,3.0,10.0,5.0,2.0,,4.0,2.0,,9.0,9.0,9.0,3.0,8.0,,,3.0,2.0,2.0,,1.0,10,10.0,10,1
2008-01-17,91231,,11,3,5070.0,48268R10,KSW,K S W INC,KSW,221330.0,Q,A,R,50698,3,5070.0,,,,50.0,507.0,,,,,,,6.65,0.0,6244.0,1.0,6.5,41522.6,KSW,10.0,3.0,5.0,,2.0,1,10.0,1.0,8.0,,,10.0,1.0,,8.0,3.0,,,1.0,,,4.0,8.0,9.0,9.0,,,,6.0,4.0,4.0,3.0,10.0,5.0,2.0,,4.0,2.0,,9.0,9.0,9.0,3.0,8.0,,,3.0,2.0,2.0,,1.0,10,10.0,10,1
2008-01-18,91231,,11,3,5070.0,48268R10,KSW,K S W INC,KSW,221330.0,Q,A,R,50698,3,5070.0,,,,50.0,507.0,,,,,,,6.73,0.01203,6244.0,1.0,6.48,42022.12,KSW,10.0,3.0,5.0,,2.0,1,10.0,1.0,8.0,,,10.0,1.0,,8.0,3.0,,,1.0,,,4.0,8.0,9.0,9.0,,,,6.0,4.0,4.0,3.0,10.0,5.0,2.0,,4.0,2.0,,9.0,9.0,9.0,3.0,8.0,,,3.0,2.0,2.0,,1.0,10,10.0,10,1
2008-01-22,91231,,11,3,5070.0,48268R10,KSW,K S W INC,KSW,221330.0,Q,A,R,50698,3,5070.0,,,,50.0,507.0,,,,,,,6.63,-0.014859,6244.0,1.0,6.22,41397.72,KSW,10.0,3.0,5.0,,2.0,1,10.0,1.0,8.0,,,10.0,1.0,,8.0,3.0,,,1.0,,,4.0,8.0,9.0,9.0,,,,6.0,4.0,4.0,3.0,10.0,5.0,2.0,,4.0,2.0,,9.0,9.0,9.0,3.0,8.0,,,3.0,2.0,2.0,,1.0,10,10.0,10,1
2008-01-23,91231,,11,3,5070.0,48268R10,KSW,K S W INC,KSW,221330.0,Q,A,R,50698,3,5070.0,,,,50.0,507.0,,,,,,,6.7,0.010558,6244.0,1.0,6.45,41834.8,KSW,10.0,3.0,5.0,,2.0,1,10.0,1.0,8.0,,,10.0,1.0,,8.0,3.0,,,1.0,,,4.0,8.0,9.0,9.0,,,,6.0,4.0,4.0,3.0,10.0,5.0,2.0,,4.0,2.0,,9.0,9.0,9.0,3.0,8.0,,,3.0,2.0,2.0,,1.0,10,10.0,10,1
2008-01-24,91231,,11,3,5070.0,48268R10,KSW,K S W INC,KSW,221330.0,Q,A,R,50698,3,5070.0,,,,50.0,507.0,,,,,,,6.31,-0.058209,6244.0,1.0,6.75,39399.64,KSW,10.0,3.0,5.0,,2.0,1,10.0,1.0,8.0,,,10.0,1.0,,8.0,3.0,,,1.0,,,4.0,8.0,9.0,9.0,,,,6.0,4.0,4.0,3.0,10.0,5.0,2.0,,4.0,2.0,,9.0,9.0,9.0,3.0,8.0,,,3.0,2.0,2.0,,1.0,10,10.0,10,1
2008-01-25,91231,,11,3,5070.0,48268R10,KSW,K S W INC,KSW,221330.0,Q,A,R,50698,3,5070.0,,,,50.0,507.0,,,,,,,6.55,0.038035,6244.0,1.0,6.4,40898.2,KSW,10.0,3.0,5.0,,2.0,1,10.0,1.0,8.0,,,10.0,1.0,,8.0,3.0,,,1.0,,,4.0,8.0,9.0,9.0,,,,6.0,4.0,4.0,3.0,10.0,5.0,2.0,,4.0,2.0,,9.0,9.0,9.0,3.0,8.0,,,3.0,2.0,2.0,,1.0,10,10.0,10,1
2008-01-28,91231,,11,3,5070.0,48268R10,KSW,K S W INC,KSW,221330.0,Q,A,R,50698,3,5070.0,,,,50.0,507.0,,,,,,,6.59,0.006107,6244.0,1.0,6.6,41147.96,KSW,10.0,3.0,5.0,,2.0,1,10.0,1.0,8.0,,,10.0,1.0,,8.0,3.0,,,1.0,,,4.0,8.0,9.0,9.0,,,,6.0,4.0,4.0,3.0,10.0,5.0,2.0,,4.0,2.0,,9.0,9.0,9.0,3.0,8.0,,,3.0,2.0,2.0,,1.0,10,10.0,10,1
2008-01-29,91231,,11,3,5070.0,48268R10,KSW,K S W INC,KSW,221330.0,Q,A,R,50698,3,5070.0,,,,50.0,507.0,,,,,,,6.6,0.001517,6244.0,1.0,6.59,41210.4,KSW,10.0,3.0,5.0,,2.0,1,10.0,1.0,8.0,,,10.0,1.0,,8.0,3.0,,,1.0,,,4.0,8.0,9.0,9.0,,,,6.0,4.0,4.0,3.0,10.0,5.0,2.0,,4.0,2.0,,9.0,9.0,9.0,3.0,8.0,,,3.0,2.0,2.0,,1.0,10,10.0,10,1
2008-01-30,91231,,11,3,5070.0,48268R10,KSW,K S W INC,KSW,221330.0,Q,A,R,50698,3,5070.0,,,,50.0,507.0,,,,,,,6.64,0.006061,6244.0,1.0,6.67,41460.16,KSW,10.0,3.0,5.0,,2.0,1,10.0,1.0,8.0,,,10.0,1.0,,8.0,3.0,,,1.0,,,4.0,8.0,9.0,9.0,,,,6.0,4.0,4.0,3.0,10.0,5.0,2.0,,4.0,2.0,,9.0,9.0,9.0,3.0,8.0,,,3.0,2.0,2.0,,1.0,10,10.0,10,1
2008-01-31,91231,,11,3,5070.0,48268R10,KSW,K S W INC,KSW,221330.0,Q,A,R,50698,3,5070.0,,,,50.0,507.0,,,,,,,6.65,0.001506,6244.0,1.0,6.64,41522.6,KSW,10.0,3.0,5.0,,2.0,1,10.0,1.0,8.0,,,10.0,1.0,,8.0,3.0,,,1.0,,,4.0,8.0,9.0,9.0,,,,6.0,4.0,4.0,3.0,10.0,5.0,2.0,,4.0,2.0,,9.0,9.0,9.0,3.0,8.0,,,3.0,2.0,2.0,,1.0,10,10.0,10,1
2008-02-01,91231,,11,3,5070.0,48268R10,KSW,K S W INC,KSW,221330.0,Q,A,R,50698,3,5070.0,,,,50.0,507.0,,,,,,,6.62,-0.004511,6244.0,1.0,6.65,41335.28,KSW,10.0,3.0,5.0,,2.0,1,10.0,1.0,8.0,,,10.0,1.0,,8.0,3.0,,,1.0,,,4.0,8.0,9.0,9.0,,,,6.0,4.0,4.0,3.0,10.0,8.0,1.0,,4.0,2.0,,9.0,9.0,9.0,5.0,8.0,,,6.0,6.0,5.0,,1.0,10,10.0,10,1
2008-02-04,91231,,11,3,5070.0,48268R10,KSW,K S W INC,KSW,221330.0,Q,A,R,50698,3,5070.0,,,,50.0,507.0,,,,,,,6.43,-0.028701,6244.0,1.0,6.49,40148.92,KSW,10.0,3.0,5.0,,2.0,1,10.0,1.0,8.0,,,10.0,1.0,,8.0,3.0,,,1.0,,,4.0,8.0,9.0,9.0,,,,6.0,4.0,4.0,3.0,10.0,8.0,1.0,,4.0,2.0,,9.0,9.0,9.0,5.0,8.0,,,6.0,6.0,5.0,,1.0,10,10.0,10,1
2008-02-05,91231,,11,3,5070.0,48268R10,KSW,K S W INC,KSW,221330.0,Q,A,R,50698,3,5070.0,,,,50.0,507.0,,,,,,,6.59,0.024883,6244.0,1.0,6.6,41147.96,KSW,10.0,3.0,5.0,,2.0,1,10.0,1.0,8.0,,,10.0,1.0,,8.0,3.0,,,1.0,,,4.0,8.0,9.0,9.0,,,,6.0,4.0,4.0,3.0,10.0,8.0,1.0,,4.0,2.0,,9.0,9.0,9.0,5.0,8.0,,,6.0,6.0,5.0,,1.0,10,10.0,10,1
2008-02-06,91231,,11,3,5070.0,48268R10,KSW,K S W INC,KSW,221330.0,Q,A,R,50698,3,5070.0,,,,50.0,507.0,,,,,,,6.57,-0.003035,6244.0,1.0,6.43,41023.08,KSW,10.0,3.0,5.0,,2.0,1,10.0,1.0,8.0,,,10.0,1.0,,8.0,3.0,,,1.0,,,4.0,8.0,9.0,9.0,,,,6.0,4.0,4.0,3.0,10.0,8.0,1.0,,4.0,2.0,,9.0,9.0,9.0,5.0,8.0,,,6.0,6.0,5.0,,1.0,10,10.0,10,1
2008-02-07,91231,,11,3,5070.0,48268R10,KSW,K S W INC,KSW,221330.0,Q,A,R,50698,3,5070.0,,,,50.0,507.0,,,,,,,6.5,-0.010655,6244.0,1.0,6.62,40586.0,KSW,10.0,3.0,5.0,,2.0,1,10.0,1.0,8.0,,,10.0,1.0,,8.0,3.0,,,1.0,,,4.0,8.0,9.0,9.0,,,,6.0,4.0,4.0,3.0,10.0,8.0,1.0,,4.0,2.0,,9.0,9.0,9.0,5.0,8.0,,,6.0,6.0,5.0,,1.0,10,10.0,10,1
2008-02-08,91231,,11,3,5070.0,48268R10,KSW,K S W INC,KSW,221330.0,Q,A,R,50698,3,5070.0,,,,50.0,507.0,,,,,,,6.5,0.0,6244.0,1.0,6.5,40586.0,KSW,10.0,3.0,5.0,,2.0,1,10.0,1.0,8.0,,,10.0,1.0,,8.0,3.0,,,1.0,,,4.0,8.0,9.0,9.0,,,,6.0,4.0,4.0,3.0,10.0,8.0,1.0,,4.0,2.0,,9.0,9.0,9.0,5.0,8.0,,,6.0,6.0,5.0,,1.0,10,10.0,10,1
2008-02-11,91231,,11,3,5070.0,48268R10,KSW,K S W INC,KSW,221330.0,Q,A,R,50698,3,5070.0,,,,50.0,507.0,,,,,,,6.6,0.015385,6244.0,1.0,6.46,41210.4,KSW,10.0,3.0,5.0,,2.0,1,10.0,1.0,8.0,,,10.0,1.0,,8.0,3.0,,,1.0,,,4.0,8.0,9.0,9.0,,,,6.0,4.0,4.0,3.0,10.0,8.0,1.0,,4.0,2.0,,9.0,9.0,9.0,5.0,8.0,,,6.0,6.0,5.0,,1.0,10,10.0,10,1
2008-02-12,91231,,11,3,5070.0,48268R10,KSW,K S W INC,KSW,221330.0,Q,A,R,50698,3,5070.0,,,,50.0,507.0,,,,,,,6.6199,0.003015,6244.0,1.0,6.54,41334.6556,KSW,10.0,3.0,5.0,,2.0,1,10.0,1.0,8.0,,,10.0,1.0,,8.0,3.0,,,1.0,,,4.0,8.0,9.0,9.0,,,,6.0,4.0,4.0,3.0,10.0,8.0,1.0,,4.0,2.0,,9.0,9.0,9.0,5.0,8.0,,,6.0,6.0,5.0,,1.0,10,10.0,10,1
2008-02-13,91231,,11,3,5070.0,48268R10,KSW,K S W INC,KSW,221330.0,Q,A,R,50698,3,5070.0,,,,50.0,507.0,,,,,,,6.46,-0.024154,6244.0,1.0,6.47,40336.24,KSW,10.0,3.0,5.0,,2.0,1,10.0,1.0,8.0,,,10.0,1.0,,8.0,3.0,,,1.0,,,4.0,8.0,9.0,9.0,,,,6.0,4.0,4.0,3.0,10.0,8.0,1.0,,4.0,2.0,,9.0,9.0,9.0,5.0,8.0,,,6.0,6.0,5.0,,1.0,10,10.0,10,1
2008-02-14,91231,,11,3,5070.0,48268R10,KSW,K S W INC,KSW,221330.0,Q,A,R,50698,3,5070.0,,,,50.0,507.0,,,,,,,6.5,0.006192,6244.0,1.0,6.4,40586.0,KSW,10.0,3.0,5.0,,2.0,1,10.0,1.0,8.0,,,10.0,1.0,,8.0,3.0,,,1.0,,,4.0,8.0,9.0,9.0,,,,6.0,4.0,4.0,3.0,10.0,8.0,1.0,,4.0,2.0,,9.0,9.0,9.0,5.0,8.0,,,6.0,6.0,5.0,,1.0,10,10.0,10,1
2008-02-15,91231,,11,3,5070.0,48268R10,KSW,K S W INC,KSW,221330.0,Q,A,R,50698,3,5070.0,,,,50.0,507.0,,,,,,,6.3599,-0.021554,6244.0,1.0,6.45,39711.2156,KSW,10.0,3.0,5.0,,2.0,1,10.0,1.0,8.0,,,10.0,1.0,,8.0,3.0,,,1.0,,,4.0,8.0,9.0,9.0,,,,6.0,4.0,4.0,3.0,10.0,8.0,1.0,,4.0,2.0,,9.0,9.0,9.0,5.0,8.0,,,6.0,6.0,5.0,,1.0,10,10.0,10,1
2008-02-19,91231,,11,3,5070.0,48268R10,KSW,K S W INC,KSW,221330.0,Q,A,R,50698,3,5070.0,,,,50.0,507.0,,,,,,,6.52,0.025173,6244.0,1.0,6.3,40710.88,KSW,10.0,3.0,5.0,,2.0,1,10.0,1.0,8.0,,,10.0,1.0,,8.0,3.0,,,1.0,,,4.0,8.0,9.0,9.0,,,,6.0,4.0,4.0,3.0,10.0,8.0,1.0,,4.0,2.0,,9.0,9.0,9.0,5.0,8.0,,,6.0,6.0,5.0,,1.0,10,10.0,10,1
2008-02-20,91231,,11,3,5070.0,48268R10,KSW,K S W INC,KSW,221330.0,Q,A,R,50698,3,5070.0,,,,50.0,507.0,,,,,,,6.48,-0.006135,6244.0,1.0,6.35,40461.12,KSW,10.0,3.0,5.0,,2.0,1,10.0,1.0,8.0,,,10.0,1.0,,8.0,3.0,,,1.0,,,4.0,8.0,9.0,9.0,,,,6.0,4.0,4.0,3.0,10.0,8.0,1.0,,4.0,2.0,,9.0,9.0,9.0,5.0,8.0,,,6.0,6.0,5.0,,1.0,10,10.0,10,1
2008-02-21,91231,,11,3,5070.0,48268R10,KSW,K S W INC,KSW,221330.0,Q,A,R,50698,3,5070.0,,,,50.0,507.0,,,,,,,6.54,0.009259,6244.0,1.0,6.52,40835.76,KSW,10.0,3.0,5.0,,2.0,1,10.0,1.0,8.0,,,10.0,1.0,,8.0,3.0,,,1.0,,,4.0,8.0,9.0,9.0,,,,6.0,4.0,4.0,3.0,10.0,8.0,1.0,,4.0,2.0,,9.0,9.0,9.0,5.0,8.0,,,6.0,6.0,5.0,,1.0,10,10.0,10,1
2008-02-22,91231,,11,3,5070.0,48268R10,KSW,K S W INC,KSW,221330.0,Q,A,R,50698,3,5070.0,,,,50.0,507.0,,,,,,,6.45,-0.013761,6244.0,1.0,6.48,40273.8,KSW,10.0,3.0,5.0,,2.0,1,10.0,1.0,8.0,,,10.0,1.0,,8.0,3.0,,,1.0,,,4.0,8.0,9.0,9.0,,,,6.0,4.0,4.0,3.0,10.0,8.0,1.0,,4.0,2.0,,9.0,9.0,9.0,5.0,8.0,,,6.0,6.0,5.0,,1.0,10,10.0,10,1
2008-02-25,91231,,11,3,5070.0,48268R10,KSW,K S W INC,KSW,221330.0,Q,A,R,50698,3,5070.0,,,,50.0,507.0,,,,,,,6.53,0.012403,6244.0,1.0,6.34,40773.32,KSW,10.0,3.0,5.0,,2.0,1,10.0,1.0,8.0,,,10.0,1.0,,8.0,3.0,,,1.0,,,4.0,8.0,9.0,9.0,,,,6.0,4.0,4.0,3.0,10.0,8.0,1.0,,4.0,2.0,,9.0,9.0,9.0,5.0,8.0,,,6.0,6.0,5.0,,1.0,10,10.0,10,1
2008-02-26,91231,,11,3,5070.0,48268R10,KSW,K S W INC,KSW,221330.0,Q,A,R,50698,3,5070.0,,,,50.0,507.0,,,,,,,6.5,-0.004594,6244.0,1.0,6.505,40586.0,KSW,10.0,3.0,5.0,,2.0,1,10.0,1.0,8.0,,,10.0,1.0,,8.0,3.0,,,1.0,,,4.0,8.0,9.0,9.0,,,,6.0,4.0,4.0,3.0,10.0,8.0,1.0,,4.0,2.0,,9.0,9.0,9.0,5.0,8.0,,,6.0,6.0,5.0,,1.0,10,10.0,10,1
2008-02-27,91231,,11,3,5070.0,48268R10,KSW,K S W INC,KSW,221330.0,Q,A,R,50698,3,5070.0,,,,50.0,507.0,,,,,,,6.48,-0.003077,6244.0,1.0,6.33,40461.12,KSW,10.0,3.0,5.0,,2.0,1,10.0,1.0,8.0,,,10.0,1.0,,8.0,3.0,,,1.0,,,4.0,8.0,9.0,9.0,,,,6.0,4.0,4.0,3.0,10.0,8.0,1.0,,4.0,2.0,,9.0,9.0,9.0,5.0,8.0,,,6.0,6.0,5.0,,1.0,10,10.0,10,1
2008-02-28,91231,,11,3,5070.0,48268R10,KSW,K S W INC,KSW,221330.0,Q,A,R,50698,3,5070.0,,,,50.0,507.0,,,,,,,6.38,-0.015432,6244.0,1.0,6.48,39836.72,KSW,10.0,3.0,5.0,,2.0,1,10.0,1.0,8.0,,,10.0,1.0,,8.0,3.0,,,1.0,,,4.0,8.0,9.0,9.0,,,,6.0,4.0,4.0,3.0,10.0,8.0,1.0,,4.0,2.0,,9.0,9.0,9.0,5.0,8.0,,,6.0,6.0,5.0,,1.0,10,10.0,10,1
2008-02-29,91231,,11,3,5070.0,48268R10,KSW,K S W INC,KSW,221330.0,Q,A,R,50698,3,5070.0,,,,50.0,507.0,,,,,,,6.39,0.001567,6244.0,1.0,6.33,39899.16,KSW,10.0,3.0,5.0,,2.0,1,10.0,1.0,8.0,,,10.0,1.0,,8.0,3.0,,,1.0,,,4.0,8.0,9.0,9.0,,,,6.0,4.0,4.0,3.0,10.0,8.0,1.0,,4.0,2.0,,9.0,9.0,9.0,5.0,8.0,,,6.0,6.0,5.0,,1.0,10,10.0,10,1
2008-03-03,91231,,11,3,5070.0,48268R10,KSW,K S W INC,KSW,221330.0,Q,A,R,50698,3,5070.0,,,,50.0,507.0,,,,,,,6.35,-0.00626,6244.0,1.0,6.31,39649.4,KSW,10.0,3.0,5.0,,2.0,1,10.0,1.0,8.0,,,10.0,1.0,,8.0,3.0,,,1.0,,,4.0,8.0,9.0,9.0,,,,4.0,5.0,2.0,2.0,10.0,8.0,1.0,,4.0,2.0,,,,,6.0,8.0,,,7.0,7.0,6.0,,1.0,10,10.0,10,1
2008-03-04,91231,,11,3,5070.0,48268R10,KSW,K S W INC,KSW,221330.0,Q,A,R,50698,3,5070.0,,,,50.0,507.0,,,,,,,6.1899,-0.025213,6272.0,1.0,6.26,38823.0528,KSW,10.0,3.0,5.0,,2.0,1,10.0,1.0,8.0,,,10.0,1.0,,8.0,3.0,,,1.0,,,4.0,8.0,9.0,9.0,,,,4.0,5.0,2.0,2.0,10.0,8.0,1.0,,4.0,2.0,,,,,6.0,8.0,,,7.0,7.0,6.0,,1.0,10,10.0,10,1
2008-03-05,91231,,11,3,5070.0,48268R10,KSW,K S W INC,KSW,221330.0,Q,A,R,50698,3,5070.0,,,,50.0,507.0,,,,,,,6.2001,0.001648,6272.0,1.0,6.19,38887.0272,KSW,10.0,3.0,5.0,,2.0,1,10.0,1.0,8.0,,,10.0,1.0,,8.0,3.0,,,1.0,,,4.0,8.0,9.0,9.0,,,,4.0,5.0,2.0,2.0,10.0,8.0,1.0,,4.0,2.0,,,,,6.0,8.0,,,7.0,7.0,6.0,,1.0,10,10.0,10,1
2008-03-06,91231,,11,3,5070.0,48268R10,KSW,K S W INC,KSW,221330.0,Q,A,R,50698,3,5070.0,,,,50.0,507.0,,,,,,,6.2,-1.6e-05,6272.0,1.0,6.12,38886.4,KSW,10.0,3.0,5.0,,2.0,1,10.0,1.0,8.0,,,10.0,1.0,,8.0,3.0,,,1.0,,,4.0,8.0,9.0,9.0,,,,4.0,5.0,2.0,2.0,10.0,8.0,1.0,,4.0,2.0,,,,,6.0,8.0,,,7.0,7.0,6.0,,1.0,10,10.0,10,1
2008-03-07,91231,,11,3,5070.0,48268R10,KSW,K S W INC,KSW,221330.0,Q,A,R,50698,3,5070.0,,,,50.0,507.0,,,,,,,6.2,0.0,6272.0,1.0,6.15,38886.4,KSW,10.0,3.0,5.0,,2.0,1,10.0,1.0,8.0,,,10.0,1.0,,8.0,3.0,,,1.0,,,4.0,8.0,9.0,9.0,,,,4.0,5.0,2.0,2.0,10.0,8.0,1.0,,4.0,2.0,,,,,6.0,8.0,,,7.0,7.0,6.0,,1.0,10,10.0,10,1
2008-03-10,91231,,11,3,5070.0,48268R10,KSW,K S W INC,KSW,221330.0,Q,A,R,50698,3,5070.0,,,,50.0,507.0,,,,,,,5.9,-0.048387,6272.0,1.0,5.84,37004.8,KSW,10.0,3.0,5.0,,2.0,1,10.0,1.0,8.0,,,10.0,1.0,,8.0,3.0,,,1.0,,,4.0,8.0,9.0,9.0,,,,4.0,5.0,2.0,2.0,10.0,8.0,1.0,,4.0,2.0,,,,,6.0,8.0,,,7.0,7.0,6.0,,1.0,10,10.0,10,1
2008-03-11,91231,,11,3,5070.0,48268R10,KSW,K S W INC,KSW,221330.0,Q,A,R,50698,3,5070.0,,,,50.0,507.0,,,,,,,5.88,-0.00339,6272.0,1.0,6.0,36879.36,KSW,10.0,3.0,5.0,,2.0,1,10.0,1.0,8.0,,,10.0,1.0,,8.0,3.0,,,1.0,,,4.0,8.0,9.0,9.0,,,,4.0,5.0,2.0,2.0,10.0,8.0,1.0,,4.0,2.0,,,,,6.0,8.0,,,7.0,7.0,6.0,,1.0,10,10.0,10,1
2008-03-12,91231,,11,3,5070.0,48268R10,KSW,K S W INC,KSW,221330.0,Q,A,R,50698,3,5070.0,,,,50.0,507.0,,,,,,,5.89,0.001701,6272.0,1.0,5.77,36942.08,KSW,10.0,3.0,5.0,,2.0,1,10.0,1.0,8.0,,,10.0,1.0,,8.0,3.0,,,1.0,,,4.0,8.0,9.0,9.0,,,,4.0,5.0,2.0,2.0,10.0,8.0,1.0,,4.0,2.0,,,,,6.0,8.0,,,7.0,7.0,6.0,,1.0,10,10.0,10,1
2008-03-13,91231,,11,3,5070.0,48268R10,KSW,K S W INC,KSW,221330.0,Q,A,R,50698,3,5070.0,,,,50.0,507.0,,,,,,,5.77,-0.020373,6272.0,1.0,5.888,36189.44,KSW,10.0,3.0,5.0,,2.0,1,10.0,1.0,8.0,,,10.0,1.0,,8.0,3.0,,,1.0,,,4.0,8.0,9.0,9.0,,,,4.0,5.0,2.0,2.0,10.0,8.0,1.0,,4.0,2.0,,,,,6.0,8.0,,,7.0,7.0,6.0,,1.0,10,10.0,10,1
2008-03-14,91231,,11,3,5070.0,48268R10,KSW,K S W INC,KSW,221330.0,Q,A,R,50698,3,5070.0,,,,50.0,507.0,,,,,,,5.89,0.020797,6272.0,1.0,5.77,36942.08,KSW,10.0,3.0,5.0,,2.0,1,10.0,1.0,8.0,,,10.0,1.0,,8.0,3.0,,,1.0,,,4.0,8.0,9.0,9.0,,,,4.0,5.0,2.0,2.0,10.0,8.0,1.0,,4.0,2.0,,,,,6.0,8.0,,,7.0,7.0,6.0,,1.0,10,10.0,10,1
2008-03-17,91231,,11,3,5070.0,48268R10,KSW,K S W INC,KSW,221330.0,Q,A,R,50698,3,5070.0,,,,50.0,507.0,,,,,,,5.9,0.001698,6272.0,1.0,5.65,37004.8,KSW,10.0,3.0,5.0,,2.0,1,10.0,1.0,8.0,,,10.0,1.0,,8.0,3.0,,,1.0,,,4.0,8.0,9.0,9.0,,,,4.0,5.0,2.0,2.0,10.0,8.0,1.0,,4.0,2.0,,,,,6.0,8.0,,,7.0,7.0,6.0,,1.0,10,10.0,10,1
2008-03-18,91231,,11,3,5070.0,48268R10,KSW,K S W INC,KSW,221330.0,Q,A,R,50698,3,5070.0,,,,50.0,507.0,,,,,,,6.0,0.016949,6272.0,1.0,6.08,37632.0,KSW,10.0,3.0,5.0,,2.0,1,10.0,1.0,8.0,,,10.0,1.0,,8.0,3.0,,,1.0,,,4.0,8.0,9.0,9.0,,,,4.0,5.0,2.0,2.0,10.0,8.0,1.0,,4.0,2.0,,,,,6.0,8.0,,,7.0,7.0,6.0,,1.0,10,10.0,10,1
2008-03-19,91231,,11,3,5070.0,48268R10,KSW,K S W INC,KSW,221330.0,Q,A,R,50698,3,5070.0,,,,50.0,507.0,,,,,,,6.0,0.0,6272.0,1.0,5.85,37632.0,KSW,10.0,3.0,5.0,,2.0,1,10.0,1.0,8.0,,,10.0,1.0,,8.0,3.0,,,1.0,,,4.0,8.0,9.0,9.0,,,,4.0,5.0,2.0,2.0,10.0,8.0,1.0,,4.0,2.0,,,,,6.0,8.0,,,7.0,7.0,6.0,,1.0,10,10.0,10,1
2008-03-20,91231,,11,3,5070.0,48268R10,KSW,K S W INC,KSW,221330.0,Q,A,R,50698,3,5070.0,,,,50.0,507.0,,,,,,,5.67,-0.055,6272.0,1.0,5.65,35562.24,KSW,10.0,3.0,5.0,,2.0,1,10.0,1.0,8.0,,,10.0,1.0,,8.0,3.0,,,1.0,,,4.0,8.0,9.0,9.0,,,,4.0,5.0,2.0,2.0,10.0,8.0,1.0,,4.0,2.0,,,,,6.0,8.0,,,7.0,7.0,6.0,,1.0,10,10.0,10,1
2008-03-24,91231,,11,3,5070.0,48268R10,KSW,K S W INC,KSW,221330.0,Q,A,R,50698,3,5070.0,,,,50.0,507.0,,,,,,,5.93,0.045855,6272.0,1.0,5.58,37192.96,KSW,10.0,3.0,5.0,,2.0,1,10.0,1.0,8.0,,,10.0,1.0,,8.0,3.0,,,1.0,,,4.0,8.0,9.0,9.0,,,,4.0,5.0,2.0,2.0,10.0,8.0,1.0,,4.0,2.0,,,,,6.0,8.0,,,7.0,7.0,6.0,,1.0,10,10.0,10,1
2008-03-25,91231,,11,3,5070.0,48268R10,KSW,K S W INC,KSW,221330.0,Q,A,R,50698,3,5070.0,,,,50.0,507.0,,,,,,,5.82,-0.01855,6272.0,1.0,5.94,36503.04,KSW,10.0,3.0,5.0,,2.0,1,10.0,1.0,8.0,,,10.0,1.0,,8.0,3.0,,,1.0,,,4.0,8.0,9.0,9.0,,,,4.0,5.0,2.0,2.0,10.0,8.0,1.0,,4.0,2.0,,,,,6.0,8.0,,,7.0,7.0,6.0,,1.0,10,10.0,10,1
2008-03-26,91231,,11,3,5070.0,48268R10,KSW,K S W INC,KSW,221330.0,Q,A,R,50698,3,5070.0,,,,50.0,507.0,,,,,,,5.98,0.027491,6272.0,1.0,5.84,37506.56,KSW,10.0,3.0,5.0,,2.0,1,10.0,1.0,8.0,,,10.0,1.0,,8.0,3.0,,,1.0,,,4.0,8.0,9.0,9.0,,,,4.0,5.0,2.0,2.0,10.0,8.0,1.0,,4.0,2.0,,,,,6.0,8.0,,,7.0,7.0,6.0,,1.0,10,10.0,10,1
2008-03-27,91231,,11,3,5070.0,48268R10,KSW,K S W INC,KSW,221330.0,Q,A,R,50698,3,5070.0,,,,50.0,507.0,,,,,,,5.9,-0.013378,6272.0,1.0,5.89,37004.8,KSW,10.0,3.0,5.0,,2.0,1,10.0,1.0,8.0,,,10.0,1.0,,8.0,3.0,,,1.0,,,4.0,8.0,9.0,9.0,,,,4.0,5.0,2.0,2.0,10.0,8.0,1.0,,4.0,2.0,,,,,6.0,8.0,,,7.0,7.0,6.0,,1.0,10,10.0,10,1
2008-03-28,91231,,11,3,5070.0,48268R10,KSW,K S W INC,KSW,221330.0,Q,A,R,50698,3,5070.0,,,,50.0,507.0,,,,,,,5.95,0.008475,6272.0,1.0,5.97,37318.4,KSW,10.0,3.0,5.0,,2.0,1,10.0,1.0,8.0,,,10.0,1.0,,8.0,3.0,,,1.0,,,4.0,8.0,9.0,9.0,,,,4.0,5.0,2.0,2.0,10.0,8.0,1.0,,4.0,2.0,,,,,6.0,8.0,,,7.0,7.0,6.0,,1.0,10,10.0,10,1
2008-03-31,91231,,11,3,5070.0,48268R10,KSW,K S W INC,KSW,221330.0,Q,A,R,50698,3,5070.0,,,,50.0,507.0,,,,,,,5.95,0.0,6281.0,1.0,5.86,37371.95,KSW,10.0,3.0,5.0,,2.0,1,10.0,1.0,8.0,,,10.0,1.0,,8.0,3.0,,,1.0,,,4.0,8.0,9.0,9.0,,,,4.0,5.0,2.0,2.0,10.0,8.0,1.0,,4.0,2.0,,,,,6.0,8.0,,,7.0,7.0,6.0,,1.0,10,10.0,10,1
2008-04-01,91231,,11,3,5070.0,48268R10,KSW,K S W INC,KSW,221330.0,Q,A,R,50698,3,5070.0,,,,50.0,507.0,,,,,,,5.86,-0.015126,6281.0,1.0,5.95,36806.66,KSW,10.0,3.0,5.0,,2.0,1,10.0,1.0,8.0,,,10.0,1.0,,8.0,3.0,,,1.0,,,4.0,8.0,9.0,9.0,,,,5.0,4.0,3.0,2.0,10.0,8.0,1.0,,5.0,2.0,,9.0,8.0,8.0,8.0,7.0,,,8.0,9.0,7.0,,1.0,10,10.0,10,1
2008-04-02,91231,,11,3,5070.0,48268R10,KSW,K S W INC,KSW,221330.0,Q,A,R,50698,3,5070.0,,,,50.0,507.0,,,,,,,5.73,-0.022184,6281.0,1.0,5.87,35990.13,KSW,10.0,3.0,5.0,,2.0,1,10.0,1.0,8.0,,,10.0,1.0,,8.0,3.0,,,1.0,,,4.0,8.0,9.0,9.0,,,,5.0,4.0,3.0,2.0,10.0,8.0,1.0,,5.0,2.0,,9.0,8.0,8.0,8.0,7.0,,,8.0,9.0,7.0,,1.0,10,10.0,10,1
2008-04-03,91231,,11,3,5070.0,48268R10,KSW,K S W INC,KSW,221330.0,Q,A,R,50698,3,5070.0,,,,50.0,507.0,,,,,,,5.75,0.00349,6281.0,1.0,5.75,36115.75,KSW,10.0,3.0,5.0,,2.0,1,10.0,1.0,8.0,,,10.0,1.0,,8.0,3.0,,,1.0,,,4.0,8.0,9.0,9.0,,,,5.0,4.0,3.0,2.0,10.0,8.0,1.0,,5.0,2.0,,9.0,8.0,8.0,8.0,7.0,,,8.0,9.0,7.0,,1.0,10,10.0,10,1
2008-04-04,91231,,11,3,5070.0,48268R10,KSW,K S W INC,KSW,221330.0,Q,A,R,50698,3,5070.0,,,,50.0,507.0,,,,,,,5.89,0.024348,6281.0,1.0,5.89,36995.09,KSW,10.0,3.0,5.0,,2.0,1,10.0,1.0,8.0,,,10.0,1.0,,8.0,3.0,,,1.0,,,4.0,8.0,9.0,9.0,,,,5.0,4.0,3.0,2.0,10.0,8.0,1.0,,5.0,2.0,,9.0,8.0,8.0,8.0,7.0,,,8.0,9.0,7.0,,1.0,10,10.0,10,1
2008-04-07,91231,,11,3,5070.0,48268R10,KSW,K S W INC,KSW,221330.0,Q,A,R,50698,3,5070.0,,,,50.0,507.0,,,,,,,5.89,0.0,6281.0,1.0,5.81,36995.09,KSW,10.0,3.0,5.0,,2.0,1,10.0,1.0,8.0,,,10.0,1.0,,8.0,3.0,,,1.0,,,4.0,8.0,9.0,9.0,,,,5.0,4.0,3.0,2.0,10.0,8.0,1.0,,5.0,2.0,,9.0,8.0,8.0,8.0,7.0,,,8.0,9.0,7.0,,1.0,10,10.0,10,1
2008-04-08,91231,,11,3,5070.0,48268R10,KSW,K S W INC,KSW,221330.0,Q,A,R,50698,3,5070.0,,,,50.0,507.0,,,,,,,5.64,-0.042445,6281.0,1.0,5.6001,35424.84,KSW,10.0,3.0,5.0,,2.0,1,10.0,1.0,8.0,,,10.0,1.0,,8.0,3.0,,,1.0,,,4.0,8.0,9.0,9.0,,,,5.0,4.0,3.0,2.0,10.0,8.0,1.0,,5.0,2.0,,9.0,8.0,8.0,8.0,7.0,,,8.0,9.0,7.0,,1.0,10,10.0,10,1
2008-04-09,91231,,11,3,5070.0,48268R10,KSW,K S W INC,KSW,221330.0,Q,A,R,50698,3,5070.0,,,,50.0,507.0,,,,,,,5.79,0.026596,6281.0,1.0,5.84,36366.99,KSW,10.0,3.0,5.0,,2.0,1,10.0,1.0,8.0,,,10.0,1.0,,8.0,3.0,,,1.0,,,4.0,8.0,9.0,9.0,,,,5.0,4.0,3.0,2.0,10.0,8.0,1.0,,5.0,2.0,,9.0,8.0,8.0,8.0,7.0,,,8.0,9.0,7.0,,1.0,10,10.0,10,1
2008-04-10,91231,,11,3,5070.0,48268R10,KSW,K S W INC,KSW,221330.0,Q,A,R,50698,3,5070.0,,,,50.0,507.0,,,,,,,5.767,-0.003972,6281.0,1.0,5.9211,36222.527,KSW,10.0,3.0,5.0,,2.0,1,10.0,1.0,8.0,,,10.0,1.0,,8.0,3.0,,,1.0,,,4.0,8.0,9.0,9.0,,,,5.0,4.0,3.0,2.0,10.0,8.0,1.0,,5.0,2.0,,9.0,8.0,8.0,8.0,7.0,,,8.0,9.0,7.0,,1.0,10,10.0,10,1
2008-04-11,91231,,11,3,5070.0,48268R10,KSW,K S W INC,KSW,221330.0,Q,A,R,50698,3,5070.0,,,,50.0,507.0,,,,,,,5.61,-0.027224,6281.0,1.0,5.85,35236.41,KSW,10.0,3.0,5.0,,2.0,1,10.0,1.0,8.0,,,10.0,1.0,,8.0,3.0,,,1.0,,,4.0,8.0,9.0,9.0,,,,5.0,4.0,3.0,2.0,10.0,8.0,1.0,,5.0,2.0,,9.0,8.0,8.0,8.0,7.0,,,8.0,9.0,7.0,,1.0,10,10.0,10,1
2008-04-14,91231,,11,3,5070.0,48268R10,KSW,K S W INC,KSW,221330.0,Q,A,R,50698,3,5070.0,,,,50.0,507.0,,,,,,,5.61,0.0,6281.0,1.0,5.83,35236.41,KSW,10.0,3.0,5.0,,2.0,1,10.0,1.0,8.0,,,10.0,1.0,,8.0,3.0,,,1.0,,,4.0,8.0,9.0,9.0,,,,5.0,4.0,3.0,2.0,10.0,8.0,1.0,,5.0,2.0,,9.0,8.0,8.0,8.0,7.0,,,8.0,9.0,7.0,,1.0,10,10.0,10,1
2008-04-15,91231,,11,3,5070.0,48268R10,KSW,K S W INC,KSW,221330.0,Q,A,R,50698,3,5070.0,,,,50.0,507.0,,,,,,,5.7,0.016043,6281.0,1.0,5.74,35801.7,KSW,10.0,3.0,5.0,,2.0,1,10.0,1.0,8.0,,,10.0,1.0,,8.0,3.0,,,1.0,,,4.0,8.0,9.0,9.0,,,,5.0,4.0,3.0,2.0,10.0,8.0,1.0,,5.0,2.0,,9.0,8.0,8.0,8.0,7.0,,,8.0,9.0,7.0,,1.0,10,10.0,10,1
2008-04-16,91231,,11,3,5070.0,48268R10,KSW,K S W INC,KSW,221330.0,Q,A,R,50698,3,5070.0,,,,50.0,507.0,,,,,,,5.69,-0.001754,6281.0,1.0,5.64,35738.89,KSW,10.0,3.0,5.0,,2.0,1,10.0,1.0,8.0,,,10.0,1.0,,8.0,3.0,,,1.0,,,4.0,8.0,9.0,9.0,,,,5.0,4.0,3.0,2.0,10.0,8.0,1.0,,5.0,2.0,,9.0,8.0,8.0,8.0,7.0,,,8.0,9.0,7.0,,1.0,10,10.0,10,1
2008-04-17,91231,,11,3,5070.0,48268R10,KSW,K S W INC,KSW,221330.0,Q,A,R,50698,3,5070.0,,,,50.0,507.0,,,,,,,5.555,-0.023726,6281.0,1.0,5.52,34890.955,KSW,10.0,3.0,5.0,,2.0,1,10.0,1.0,8.0,,,10.0,1.0,,8.0,3.0,,,1.0,,,4.0,8.0,9.0,9.0,,,,5.0,4.0,3.0,2.0,10.0,8.0,1.0,,5.0,2.0,,9.0,8.0,8.0,8.0,7.0,,,8.0,9.0,7.0,,1.0,10,10.0,10,1
2008-04-18,91231,,11,3,5070.0,48268R10,KSW,K S W INC,KSW,221330.0,Q,A,R,50698,3,5070.0,,,,50.0,507.0,,,,,,,5.72,0.029703,6281.0,1.0,5.47,35927.32,KSW,10.0,3.0,5.0,,2.0,1,10.0,1.0,8.0,,,10.0,1.0,,8.0,3.0,,,1.0,,,4.0,8.0,9.0,9.0,,,,5.0,4.0,3.0,2.0,10.0,8.0,1.0,,5.0,2.0,,9.0,8.0,8.0,8.0,7.0,,,8.0,9.0,7.0,,1.0,10,10.0,10,1
2008-04-21,91231,,11,3,5070.0,48268R10,KSW,K S W INC,KSW,221330.0,Q,A,R,50698,3,5070.0,,,,50.0,507.0,,,,,,,5.58,-0.024476,6281.0,1.0,5.56,35047.98,KSW,10.0,3.0,5.0,,2.0,1,10.0,1.0,8.0,,,10.0,1.0,,8.0,3.0,,,1.0,,,4.0,8.0,9.0,9.0,,,,5.0,4.0,3.0,2.0,10.0,8.0,1.0,,5.0,2.0,,9.0,8.0,8.0,8.0,7.0,,,8.0,9.0,7.0,,1.0,10,10.0,10,1
2008-04-22,91231,,11,3,5070.0,48268R10,KSW,K S W INC,KSW,221330.0,Q,A,R,50698,3,5070.0,,,,50.0,507.0,,,,,,,5.74,0.028674,6281.0,1.0,5.6,36052.94,KSW,10.0,3.0,5.0,,2.0,1,10.0,1.0,8.0,,,10.0,1.0,,8.0,3.0,,,1.0,,,4.0,8.0,9.0,9.0,,,,5.0,4.0,3.0,2.0,10.0,8.0,1.0,,5.0,2.0,,9.0,8.0,8.0,8.0,7.0,,,8.0,9.0,7.0,,1.0,10,10.0,10,1
2008-04-23,91231,,11,3,5070.0,48268R10,KSW,K S W INC,KSW,221330.0,Q,A,R,50698,3,5070.0,,,,50.0,507.0,,,,,,,5.52,-0.038327,6281.0,1.0,5.6,34671.12,KSW,10.0,3.0,5.0,,2.0,1,10.0,1.0,8.0,,,10.0,1.0,,8.0,3.0,,,1.0,,,4.0,8.0,9.0,9.0,,,,5.0,4.0,3.0,2.0,10.0,8.0,1.0,,5.0,2.0,,9.0,8.0,8.0,8.0,7.0,,,8.0,9.0,7.0,,1.0,10,10.0,10,1
2008-04-24,91231,,11,3,5070.0,48268R10,KSW,K S W INC,KSW,221330.0,Q,A,R,50698,3,5070.0,,,,50.0,507.0,,,,,,,5.6,0.014493,6281.0,1.0,5.68,35173.6,KSW,10.0,3.0,5.0,,2.0,1,10.0,1.0,8.0,,,10.0,1.0,,8.0,3.0,,,1.0,,,4.0,8.0,9.0,9.0,,,,5.0,4.0,3.0,2.0,10.0,8.0,1.0,,5.0,2.0,,9.0,8.0,8.0,8.0,7.0,,,8.0,9.0,7.0,,1.0,10,10.0,10,1
2008-04-25,91231,,11,3,5070.0,48268R10,KSW,K S W INC,KSW,221330.0,Q,A,R,50698,3,5070.0,,,,50.0,507.0,,,,,,,5.6,0.0,6281.0,1.0,5.52,35173.6,KSW,10.0,3.0,5.0,,2.0,1,10.0,1.0,8.0,,,10.0,1.0,,8.0,3.0,,,1.0,,,4.0,8.0,9.0,9.0,,,,5.0,4.0,3.0,2.0,10.0,8.0,1.0,,5.0,2.0,,9.0,8.0,8.0,8.0,7.0,,,8.0,9.0,7.0,,1.0,10,10.0,10,1
2008-04-28,91231,,11,3,5070.0,48268R10,KSW,K S W INC,KSW,221330.0,Q,A,R,50698,3,5070.0,,,,50.0,507.0,,,,,,,5.6,0.0,6281.0,1.0,5.6,35173.6,KSW,10.0,3.0,5.0,,2.0,1,10.0,1.0,8.0,,,10.0,1.0,,8.0,3.0,,,1.0,,,4.0,8.0,9.0,9.0,,,,5.0,4.0,3.0,2.0,10.0,8.0,1.0,,5.0,2.0,,9.0,8.0,8.0,8.0,7.0,,,8.0,9.0,7.0,,1.0,10,10.0,10,1
2008-04-29,91231,,11,3,5070.0,48268R10,KSW,K S W INC,KSW,221330.0,Q,A,R,50698,3,5070.0,,,,50.0,507.0,,,,,,,5.59,-0.001786,6281.0,1.0,5.51,35110.79,KSW,10.0,3.0,5.0,,2.0,1,10.0,1.0,8.0,,,10.0,1.0,,8.0,3.0,,,1.0,,,4.0,8.0,9.0,9.0,,,,5.0,4.0,3.0,2.0,10.0,8.0,1.0,,5.0,2.0,,9.0,8.0,8.0,8.0,7.0,,,8.0,9.0,7.0,,1.0,10,10.0,10,1
2008-04-30,91231,,11,3,5070.0,48268R10,KSW,K S W INC,KSW,221330.0,Q,A,R,50698,3,5070.0,,,,50.0,507.0,,,,,,,5.7,0.019678,6281.0,1.0,5.53,35801.7,KSW,10.0,3.0,5.0,,2.0,1,10.0,1.0,8.0,,,10.0,1.0,,8.0,3.0,,,1.0,,,4.0,8.0,9.0,9.0,,,,5.0,4.0,3.0,2.0,10.0,8.0,1.0,,5.0,2.0,,9.0,8.0,8.0,8.0,7.0,,,8.0,9.0,7.0,,1.0,10,10.0,10,1
2008-05-01,91231,,11,3,5070.0,48268R10,KSW,K S W INC,KSW,221330.0,Q,A,R,50698,3,5070.0,,,,50.0,507.0,,,,,,,5.56,-0.024561,6281.0,1.0,5.65,34922.36,KSW,10.0,3.0,5.0,,2.0,1,10.0,1.0,8.0,,,10.0,1.0,,8.0,3.0,,,1.0,,,4.0,8.0,9.0,9.0,,,,,3.0,,,10.0,6.0,1.0,,5.0,2.0,,9.0,9.0,8.0,9.0,6.0,,,7.0,8.0,5.0,,1.0,10,10.0,10,1
2008-05-02,91231,,11,3,5070.0,48268R10,KSW,K S W INC,KSW,221330.0,Q,A,R,50698,3,5070.0,,,,50.0,507.0,,,,,,,5.47,-0.016187,6281.0,1.0,5.68,34357.07,KSW,10.0,3.0,5.0,,2.0,1,10.0,1.0,8.0,,,10.0,1.0,,8.0,3.0,,,1.0,,,4.0,8.0,9.0,9.0,,,,,3.0,,,10.0,6.0,1.0,,5.0,2.0,,9.0,9.0,8.0,9.0,6.0,,,7.0,8.0,5.0,,1.0,10,10.0,10,1
2008-05-05,91231,,11,3,5070.0,48268R10,KSW,K S W INC,KSW,221330.0,Q,A,R,50698,3,5070.0,,,,50.0,507.0,,,,,,,5.1699,-0.054863,6281.0,1.0,5.54,32472.1419,KSW,10.0,3.0,5.0,,2.0,1,10.0,1.0,8.0,,,10.0,1.0,,8.0,3.0,,,1.0,,,4.0,8.0,9.0,9.0,,,,,3.0,,,10.0,6.0,1.0,,5.0,2.0,,9.0,9.0,8.0,9.0,6.0,,,7.0,8.0,5.0,,1.0,10,10.0,10,1
2008-05-06,91231,,11,3,5070.0,48268R10,KSW,K S W INC,KSW,221330.0,Q,A,R,50698,3,5070.0,,,,50.0,507.0,,,,,,,5.15,-0.003849,6281.0,1.0,5.16,32347.15,KSW,10.0,3.0,5.0,,2.0,1,10.0,1.0,8.0,,,10.0,1.0,,8.0,3.0,,,1.0,,,4.0,8.0,9.0,9.0,,,,,3.0,,,10.0,6.0,1.0,,5.0,2.0,,9.0,9.0,8.0,9.0,6.0,,,7.0,8.0,5.0,,1.0,10,10.0,10,1
2008-05-07,91231,,11,3,5070.0,48268R10,KSW,K S W INC,KSW,221330.0,Q,A,R,50698,3,5070.0,,,,50.0,507.0,,,,,,,5.13,-0.003883,6281.0,1.0,5.15,32221.53,KSW,10.0,3.0,5.0,,2.0,1,10.0,1.0,8.0,,,10.0,1.0,,8.0,3.0,,,1.0,,,4.0,8.0,9.0,9.0,,,,,3.0,,,10.0,6.0,1.0,,5.0,2.0,,9.0,9.0,8.0,9.0,6.0,,,7.0,8.0,5.0,,1.0,10,10.0,10,1
2008-05-08,91231,,11,3,5070.0,48268R10,KSW,K S W INC,KSW,221330.0,Q,A,R,50698,3,5070.0,,,,50.0,507.0,,,,,,,5.09,-0.007797,6281.0,1.0,5.15,31970.29,KSW,10.0,3.0,5.0,,2.0,1,10.0,1.0,8.0,,,10.0,1.0,,8.0,3.0,,,1.0,,,4.0,8.0,9.0,9.0,,,,,3.0,,,10.0,6.0,1.0,,5.0,2.0,,9.0,9.0,8.0,9.0,6.0,,,7.0,8.0,5.0,,1.0,10,10.0,10,1
2008-05-09,91231,,11,3,5070.0,48268R10,KSW,K S W INC,KSW,221330.0,Q,A,R,50698,3,5070.0,,,,50.0,507.0,,,,,,,5.12,0.005894,6281.0,1.0,5.05,32158.72,KSW,10.0,3.0,5.0,,2.0,1,10.0,1.0,8.0,,,10.0,1.0,,8.0,3.0,,,1.0,,,4.0,8.0,9.0,9.0,,,,,3.0,,,10.0,6.0,1.0,,5.0,2.0,,9.0,9.0,8.0,9.0,6.0,,,7.0,8.0,5.0,,1.0,10,10.0,10,1
2008-05-12,91231,,11,3,5070.0,48268R10,KSW,K S W INC,KSW,221330.0,Q,A,R,50698,3,5070.0,,,,50.0,507.0,,,,,,,5.24,0.023437,6281.0,1.0,5.16,32912.44,KSW,10.0,3.0,5.0,,2.0,1,10.0,1.0,8.0,,,10.0,1.0,,8.0,3.0,,,1.0,,,4.0,8.0,9.0,9.0,,,,,3.0,,,10.0,6.0,1.0,,5.0,2.0,,9.0,9.0,8.0,9.0,6.0,,,7.0,8.0,5.0,,1.0,10,10.0,10,1
2008-05-13,91231,,11,3,5070.0,48268R10,KSW,K S W INC,KSW,221330.0,Q,A,R,50698,3,5070.0,,,,50.0,507.0,,,,,,,5.19,-0.009542,6281.0,1.0,5.12,32598.39,KSW,10.0,3.0,5.0,,2.0,1,10.0,1.0,8.0,,,10.0,1.0,,8.0,3.0,,,1.0,,,4.0,8.0,9.0,9.0,,,,,3.0,,,10.0,6.0,1.0,,5.0,2.0,,9.0,9.0,8.0,9.0,6.0,,,7.0,8.0,5.0,,1.0,10,10.0,10,1
2008-05-14,91231,,11,3,5070.0,48268R10,KSW,K S W INC,KSW,221330.0,Q,A,R,50698,3,5070.0,,,,50.0,507.0,,,,,,,5.09,-0.019268,6281.0,1.0,5.19,31970.29,KSW,10.0,3.0,5.0,,2.0,1,10.0,1.0,8.0,,,10.0,1.0,,8.0,3.0,,,1.0,,,4.0,8.0,9.0,9.0,,,,,3.0,,,10.0,6.0,1.0,,5.0,2.0,,9.0,9.0,8.0,9.0,6.0,,,7.0,8.0,5.0,,1.0,10,10.0,10,1
2008-05-15,91231,,11,3,5070.0,48268R10,KSW,K S W INC,KSW,221330.0,Q,A,R,50698,3,5070.0,,,,50.0,507.0,,,,,,,5.04,-0.009823,6281.0,1.0,5.09,31656.24,KSW,10.0,3.0,5.0,,2.0,1,10.0,1.0,8.0,,,10.0,1.0,,8.0,3.0,,,1.0,,,4.0,8.0,9.0,9.0,,,,,3.0,,,10.0,6.0,1.0,,5.0,2.0,,9.0,9.0,8.0,9.0,6.0,,,7.0,8.0,5.0,,1.0,10,10.0,10,1
2008-05-16,91231,,11,3,5070.0,48268R10,KSW,K S W INC,KSW,221330.0,Q,A,R,50698,3,5070.0,,,,50.0,507.0,,,,,,,5.177,0.027183,6281.0,1.0,5.11,32516.737,KSW,10.0,3.0,5.0,,2.0,1,10.0,1.0,8.0,,,10.0,1.0,,8.0,3.0,,,1.0,,,4.0,8.0,9.0,9.0,,,,,3.0,,,10.0,6.0,1.0,,5.0,2.0,,9.0,9.0,8.0,9.0,6.0,,,7.0,8.0,5.0,,1.0,10,10.0,10,1
2008-05-19,91231,,11,3,5070.0,48268R10,KSW,K S W INC,KSW,221330.0,Q,A,R,50698,3,5070.0,,,,50.0,507.0,,,,,,,5.24,0.012169,6281.0,1.0,5.12,32912.44,KSW,10.0,3.0,5.0,,2.0,1,10.0,1.0,8.0,,,10.0,1.0,,8.0,3.0,,,1.0,,,4.0,8.0,9.0,9.0,,,,,3.0,,,10.0,6.0,1.0,,5.0,2.0,,9.0,9.0,8.0,9.0,6.0,,,7.0,8.0,5.0,,1.0,10,10.0,10,1
2008-05-20,91231,,11,3,5070.0,48268R10,KSW,K S W INC,KSW,221330.0,Q,A,R,50698,3,5070.0,,,,50.0,507.0,,,,,,,5.25,0.001908,6281.0,1.0,5.2,32975.25,KSW,10.0,3.0,5.0,,2.0,1,10.0,1.0,8.0,,,10.0,1.0,,8.0,3.0,,,1.0,,,4.0,8.0,9.0,9.0,,,,,3.0,,,10.0,6.0,1.0,,5.0,2.0,,9.0,9.0,8.0,9.0,6.0,,,7.0,8.0,5.0,,1.0,10,10.0,10,1
2008-05-21,91231,,11,3,5070.0,48268R10,KSW,K S W INC,KSW,221330.0,Q,A,R,50698,3,5070.0,,,,50.0,507.0,1212.0,0.2,0.0,,,,5.04,-0.001905,6281.0,1.0,5.15,31656.24,KSW,10.0,3.0,5.0,,2.0,1,10.0,1.0,8.0,,,10.0,1.0,,8.0,3.0,,,1.0,,,4.0,8.0,9.0,9.0,,,,,3.0,,,10.0,6.0,1.0,,5.0,2.0,,9.0,9.0,8.0,9.0,6.0,,,7.0,8.0,5.0,,1.0,10,10.0,10,1
2008-05-22,91231,,11,3,5070.0,48268R10,KSW,K S W INC,KSW,221330.0,Q,A,R,50698,3,5070.0,,,,50.0,507.0,,,,,,,4.95,-0.017857,6281.0,1.0,5.05,31090.95,KSW,10.0,3.0,5.0,,2.0,1,10.0,1.0,8.0,,,10.0,1.0,,8.0,3.0,,,1.0,,,4.0,8.0,9.0,9.0,,,,,3.0,,,10.0,6.0,1.0,,5.0,2.0,,9.0,9.0,8.0,9.0,6.0,,,7.0,8.0,5.0,,1.0,10,10.0,10,1
2008-05-23,91231,,11,3,5070.0,48268R10,KSW,K S W INC,KSW,221330.0,Q,A,R,50698,3,5070.0,,,,50.0,507.0,,,,,,,4.99,0.008081,6281.0,1.0,5.0,31342.19,KSW,10.0,3.0,5.0,,2.0,1,10.0,1.0,8.0,,,10.0,1.0,,8.0,3.0,,,1.0,,,4.0,8.0,9.0,9.0,,,,,3.0,,,10.0,6.0,1.0,,5.0,2.0,,9.0,9.0,8.0,9.0,6.0,,,7.0,8.0,5.0,,1.0,10,10.0,10,1
2008-05-27,91231,,11,3,5070.0,48268R10,KSW,K S W INC,KSW,221330.0,Q,A,R,50698,3,5070.0,,,,50.0,507.0,,,,,,,4.8,-0.038076,6281.0,1.0,4.99,30148.8,KSW,10.0,3.0,5.0,,2.0,1,10.0,1.0,8.0,,,10.0,1.0,,8.0,3.0,,,1.0,,,4.0,8.0,9.0,9.0,,,,,3.0,,,10.0,6.0,1.0,,5.0,2.0,,9.0,9.0,8.0,9.0,6.0,,,7.0,8.0,5.0,,1.0,10,10.0,10,1
2008-05-28,91231,,11,3,5070.0,48268R10,KSW,K S W INC,KSW,221330.0,Q,A,R,50698,3,5070.0,,,,50.0,507.0,,,,,,,4.85,0.010417,6281.0,1.0,4.9,30462.85,KSW,10.0,3.0,5.0,,2.0,1,10.0,1.0,8.0,,,10.0,1.0,,8.0,3.0,,,1.0,,,4.0,8.0,9.0,9.0,,,,,3.0,,,10.0,6.0,1.0,,5.0,2.0,,9.0,9.0,8.0,9.0,6.0,,,7.0,8.0,5.0,,1.0,10,10.0,10,1
2008-05-29,91231,,11,3,5070.0,48268R10,KSW,K S W INC,KSW,221330.0,Q,A,R,50698,3,5070.0,,,,50.0,507.0,,,,,,,4.74,-0.02268,6281.0,1.0,4.88,29771.94,KSW,10.0,3.0,5.0,,2.0,1,10.0,1.0,8.0,,,10.0,1.0,,8.0,3.0,,,1.0,,,4.0,8.0,9.0,9.0,,,,,3.0,,,10.0,6.0,1.0,,5.0,2.0,,9.0,9.0,8.0,9.0,6.0,,,7.0,8.0,5.0,,1.0,10,10.0,10,1
2008-05-30,91231,,11,3,5070.0,48268R10,KSW,K S W INC,KSW,221330.0,Q,A,R,50698,3,5070.0,,,,50.0,507.0,,,,,,,4.87,0.027426,6281.0,1.0,4.7,30588.47,KSW,10.0,3.0,5.0,,2.0,1,10.0,1.0,8.0,,,10.0,1.0,,8.0,3.0,,,1.0,,,4.0,8.0,9.0,9.0,,,,,3.0,,,10.0,6.0,1.0,,5.0,2.0,,9.0,9.0,8.0,9.0,6.0,,,7.0,8.0,5.0,,1.0,10,10.0,10,1
2008-06-02,91231,,11,3,5070.0,48268R10,KSW,K S W INC,KSW,221330.0,Q,A,R,50698,3,5070.0,,,,50.0,507.0,,,,,,,4.9,0.00616,6281.0,1.0,4.89,30776.9,KSW,10.0,3.0,5.0,,2.0,1,10.0,1.0,8.0,,,10.0,1.0,,8.0,3.0,,,1.0,,,4.0,8.0,9.0,9.0,,,,,7.0,,,10.0,5.0,2.0,,5.0,2.0,,3.0,8.0,,10.0,6.0,,,10.0,10.0,10.0,,1.0,10,10.0,10,1
2008-06-03,91231,,11,3,5070.0,48268R10,KSW,K S W INC,KSW,221330.0,Q,A,R,50698,3,5070.0,,,,50.0,507.0,,,,,,,4.85,-0.010204,6281.0,1.0,4.95,30462.85,KSW,10.0,3.0,5.0,,2.0,1,10.0,1.0,8.0,,,10.0,1.0,,8.0,3.0,,,1.0,,,4.0,8.0,9.0,9.0,,,,,7.0,,,10.0,5.0,2.0,,5.0,2.0,,3.0,8.0,,10.0,6.0,,,10.0,10.0,10.0,,1.0,10,10.0,10,1
2008-06-04,91231,,11,3,5070.0,48268R10,KSW,K S W INC,KSW,221330.0,Q,A,R,50698,3,5070.0,,,,50.0,507.0,,,,,,,4.8,-0.010309,6281.0,1.0,4.79,30148.8,KSW,10.0,3.0,5.0,,2.0,1,10.0,1.0,8.0,,,10.0,1.0,,8.0,3.0,,,1.0,,,4.0,8.0,9.0,9.0,,,,,7.0,,,10.0,5.0,2.0,,5.0,2.0,,3.0,8.0,,10.0,6.0,,,10.0,10.0,10.0,,1.0,10,10.0,10,1
2008-06-05,91231,,11,3,5070.0,48268R10,KSW,K S W INC,KSW,221330.0,Q,A,R,50698,3,5070.0,,,,50.0,507.0,,,,,,,4.79,-0.002083,6281.0,1.0,4.75,30085.99,KSW,10.0,3.0,5.0,,2.0,1,10.0,1.0,8.0,,,10.0,1.0,,8.0,3.0,,,1.0,,,4.0,8.0,9.0,9.0,,,,,7.0,,,10.0,5.0,2.0,,5.0,2.0,,3.0,8.0,,10.0,6.0,,,10.0,10.0,10.0,,1.0,10,10.0,10,1
2008-06-06,91231,,11,3,5070.0,48268R10,KSW,K S W INC,KSW,221330.0,Q,A,R,50698,3,5070.0,,,,50.0,507.0,,,,,,,4.86,0.014614,6281.0,1.0,4.73,30525.66,KSW,10.0,3.0,5.0,,2.0,1,10.0,1.0,8.0,,,10.0,1.0,,8.0,3.0,,,1.0,,,4.0,8.0,9.0,9.0,,,,,7.0,,,10.0,5.0,2.0,,5.0,2.0,,3.0,8.0,,10.0,6.0,,,10.0,10.0,10.0,,1.0,10,10.0,10,1
2008-06-09,91231,,11,3,5070.0,48268R10,KSW,K S W INC,KSW,221330.0,Q,A,R,50698,3,5070.0,,,,50.0,507.0,,,,,,,4.8,-0.012346,6281.0,1.0,4.78,30148.8,KSW,10.0,3.0,5.0,,2.0,1,10.0,1.0,8.0,,,10.0,1.0,,8.0,3.0,,,1.0,,,4.0,8.0,9.0,9.0,,,,,7.0,,,10.0,5.0,2.0,,5.0,2.0,,3.0,8.0,,10.0,6.0,,,10.0,10.0,10.0,,1.0,10,10.0,10,1
2008-06-10,91231,,11,3,5070.0,48268R10,KSW,K S W INC,KSW,221330.0,Q,A,R,50698,3,5070.0,,,,50.0,507.0,,,,,,,4.82,0.004167,6281.0,1.0,4.74,30274.42,KSW,10.0,3.0,5.0,,2.0,1,10.0,1.0,8.0,,,10.0,1.0,,8.0,3.0,,,1.0,,,4.0,8.0,9.0,9.0,,,,,7.0,,,10.0,5.0,2.0,,5.0,2.0,,3.0,8.0,,10.0,6.0,,,10.0,10.0,10.0,,1.0,10,10.0,10,1
2008-06-11,91231,,11,3,5070.0,48268R10,KSW,K S W INC,KSW,221330.0,Q,A,R,50698,3,5070.0,,,,50.0,507.0,,,,,,,4.8,-0.004149,6281.0,1.0,4.77,30148.8,KSW,10.0,3.0,5.0,,2.0,1,10.0,1.0,8.0,,,10.0,1.0,,8.0,3.0,,,1.0,,,4.0,8.0,9.0,9.0,,,,,7.0,,,10.0,5.0,2.0,,5.0,2.0,,3.0,8.0,,10.0,6.0,,,10.0,10.0,10.0,,1.0,10,10.0,10,1
2008-06-12,91231,,11,3,5070.0,48268R10,KSW,K S W INC,KSW,221330.0,Q,A,R,50698,3,5070.0,,,,50.0,507.0,,,,,,,4.84,0.008333,6281.0,1.0,4.86,30400.04,KSW,10.0,3.0,5.0,,2.0,1,10.0,1.0,8.0,,,10.0,1.0,,8.0,3.0,,,1.0,,,4.0,8.0,9.0,9.0,,,,,7.0,,,10.0,5.0,2.0,,5.0,2.0,,3.0,8.0,,10.0,6.0,,,10.0,10.0,10.0,,1.0,10,10.0,10,1
2008-06-13,91231,,11,3,5070.0,48268R10,KSW,K S W INC,KSW,221330.0,Q,A,R,50698,3,5070.0,,,,50.0,507.0,,,,,,,4.86,0.004132,6281.0,1.0,4.76,30525.66,KSW,10.0,3.0,5.0,,2.0,1,10.0,1.0,8.0,,,10.0,1.0,,8.0,3.0,,,1.0,,,4.0,8.0,9.0,9.0,,,,,7.0,,,10.0,5.0,2.0,,5.0,2.0,,3.0,8.0,,10.0,6.0,,,10.0,10.0,10.0,,1.0,10,10.0,10,1
2008-06-16,91231,,11,3,5070.0,48268R10,KSW,K S W INC,KSW,221330.0,Q,A,R,50698,3,5070.0,,,,50.0,507.0,,,,,,,4.8399,-0.004136,6281.0,1.0,4.86,30399.4119,KSW,10.0,3.0,5.0,,2.0,1,10.0,1.0,8.0,,,10.0,1.0,,8.0,3.0,,,1.0,,,4.0,8.0,9.0,9.0,,,,,7.0,,,10.0,5.0,2.0,,5.0,2.0,,3.0,8.0,,10.0,6.0,,,10.0,10.0,10.0,,1.0,10,10.0,10,1
2008-06-17,91231,,11,3,5070.0,48268R10,KSW,K S W INC,KSW,221330.0,Q,A,R,50698,3,5070.0,,,,50.0,507.0,,,,,,,4.85,0.002087,6281.0,1.0,4.81,30462.85,KSW,10.0,3.0,5.0,,2.0,1,10.0,1.0,8.0,,,10.0,1.0,,8.0,3.0,,,1.0,,,4.0,8.0,9.0,9.0,,,,,7.0,,,10.0,5.0,2.0,,5.0,2.0,,3.0,8.0,,10.0,6.0,,,10.0,10.0,10.0,,1.0,10,10.0,10,1
2008-06-18,91231,,11,3,5070.0,48268R10,KSW,K S W INC,KSW,221330.0,Q,A,R,50698,3,5070.0,,,,50.0,507.0,,,,,,,4.8699,0.004103,6281.0,1.0,4.83,30587.8419,KSW,10.0,3.0,5.0,,2.0,1,10.0,1.0,8.0,,,10.0,1.0,,8.0,3.0,,,1.0,,,4.0,8.0,9.0,9.0,,,,,7.0,,,10.0,5.0,2.0,,5.0,2.0,,3.0,8.0,,10.0,6.0,,,10.0,10.0,10.0,,1.0,10,10.0,10,1
2008-06-19,91231,,11,3,5070.0,48268R10,KSW,K S W INC,KSW,221330.0,Q,A,R,50698,3,5070.0,,,,50.0,507.0,,,,,,,4.89,0.004127,6281.0,1.0,4.9,30714.09,KSW,10.0,3.0,5.0,,2.0,1,10.0,1.0,8.0,,,10.0,1.0,,8.0,3.0,,,1.0,,,4.0,8.0,9.0,9.0,,,,,7.0,,,10.0,5.0,2.0,,5.0,2.0,,3.0,8.0,,10.0,6.0,,,10.0,10.0,10.0,,1.0,10,10.0,10,1
2008-06-20,91231,,11,3,5070.0,48268R10,KSW,K S W INC,KSW,221330.0,Q,A,R,50698,3,5070.0,,,,50.0,507.0,,,,,,,4.85,-0.00818,6281.0,1.0,4.89,30462.85,KSW,10.0,3.0,5.0,,2.0,1,10.0,1.0,8.0,,,10.0,1.0,,8.0,3.0,,,1.0,,,4.0,8.0,9.0,9.0,,,,,7.0,,,10.0,5.0,2.0,,5.0,2.0,,3.0,8.0,,10.0,6.0,,,10.0,10.0,10.0,,1.0,10,10.0,10,1
2008-06-23,91231,,11,3,5070.0,48268R10,KSW,K S W INC,KSW,221330.0,Q,A,R,50698,3,5070.0,,,,50.0,507.0,,,,,,,4.85,0.0,6281.0,1.0,4.85,30462.85,KSW,10.0,3.0,5.0,,2.0,1,10.0,1.0,8.0,,,10.0,1.0,,8.0,3.0,,,1.0,,,4.0,8.0,9.0,9.0,,,,,7.0,,,10.0,5.0,2.0,,5.0,2.0,,3.0,8.0,,10.0,6.0,,,10.0,10.0,10.0,,1.0,10,10.0,10,1
2008-06-24,91231,,11,3,5070.0,48268R10,KSW,K S W INC,KSW,221330.0,Q,A,R,50698,3,5070.0,,,,50.0,507.0,,,,,,,4.76,-0.018557,6281.0,1.0,4.75,29897.56,KSW,10.0,3.0,5.0,,2.0,1,10.0,1.0,8.0,,,10.0,1.0,,8.0,3.0,,,1.0,,,4.0,8.0,9.0,9.0,,,,,7.0,,,10.0,5.0,2.0,,5.0,2.0,,3.0,8.0,,10.0,6.0,,,10.0,10.0,10.0,,1.0,10,10.0,10,1
2008-06-25,91231,,11,3,5070.0,48268R10,KSW,K S W INC,KSW,221330.0,Q,A,R,50698,3,5070.0,,,,50.0,507.0,,,,,,,4.76,0.0,6281.0,1.0,4.76,29897.56,KSW,10.0,3.0,5.0,,2.0,1,10.0,1.0,8.0,,,10.0,1.0,,8.0,3.0,,,1.0,,,4.0,8.0,9.0,9.0,,,,,7.0,,,10.0,5.0,2.0,,5.0,2.0,,3.0,8.0,,10.0,6.0,,,10.0,10.0,10.0,,1.0,10,10.0,10,1
2008-06-26,91231,,11,3,5070.0,48268R10,KSW,K S W INC,KSW,221330.0,Q,A,R,50698,3,5070.0,,,,50.0,507.0,,,,,,,4.8,0.008403,6281.0,1.0,4.78,30148.8,KSW,10.0,3.0,5.0,,2.0,1,10.0,1.0,8.0,,,10.0,1.0,,8.0,3.0,,,1.0,,,4.0,8.0,9.0,9.0,,,,,7.0,,,10.0,5.0,2.0,,5.0,2.0,,3.0,8.0,,10.0,6.0,,,10.0,10.0,10.0,,1.0,10,10.0,10,1
2008-06-27,91231,,11,3,5070.0,48268R10,KSW,K S W INC,KSW,221330.0,Q,A,R,50698,3,5070.0,,,,50.0,507.0,,,,,,,4.66,-0.029167,6281.0,1.0,4.773,29269.46,KSW,10.0,3.0,5.0,,2.0,1,10.0,1.0,8.0,,,10.0,1.0,,8.0,3.0,,,1.0,,,4.0,8.0,9.0,9.0,,,,,7.0,,,10.0,5.0,2.0,,5.0,2.0,,3.0,8.0,,10.0,6.0,,,10.0,10.0,10.0,,1.0,10,10.0,10,1
2008-06-30,91231,,11,3,5070.0,48268R10,KSW,K S W INC,KSW,221330.0,Q,A,R,50698,3,5070.0,,,,50.0,507.0,,,,,,,4.76,0.021459,6288.0,1.0,4.71,29930.88,KSW,10.0,3.0,5.0,,2.0,1,10.0,1.0,8.0,,,10.0,1.0,,8.0,3.0,,,1.0,,,4.0,8.0,9.0,9.0,,,,,7.0,,,10.0,5.0,2.0,,5.0,2.0,,3.0,8.0,,10.0,6.0,,,10.0,10.0,10.0,,1.0,10,10.0,10,1
2008-07-01,91231,,11,3,5070.0,48268R10,KSW,K S W INC,KSW,221330.0,Q,A,R,50698,3,5070.0,,,,50.0,507.0,,,,,,,4.78,0.004202,6288.0,1.0,4.78,30056.64,KSW,10.0,4.0,5.0,4.0,3.0,1,10.0,1.0,1.0,7.0,3.0,9.0,2.0,3.0,9.0,5.0,10.0,9.0,3.0,10.0,8.0,4.0,8.0,9.0,8.0,7.0,,,,6.0,,,10.0,3.0,2.0,,6.0,1.0,,8.0,9.0,8.0,3.0,6.0,,,3.0,3.0,4.0,,1.0,10,10.0,10,1
2008-07-02,91231,,11,3,5070.0,48268R10,KSW,K S W INC,KSW,221330.0,Q,A,R,50698,3,5070.0,,,,50.0,507.0,,,,,,,4.724,-0.011716,6288.0,1.0,4.79,29704.512,KSW,10.0,4.0,5.0,4.0,3.0,1,10.0,1.0,1.0,7.0,3.0,9.0,2.0,3.0,9.0,5.0,10.0,9.0,3.0,10.0,8.0,4.0,8.0,9.0,8.0,7.0,,,,6.0,,,10.0,3.0,2.0,,6.0,1.0,,8.0,9.0,8.0,3.0,6.0,,,3.0,3.0,4.0,,1.0,10,10.0,10,1
2008-07-03,91231,,11,3,5070.0,48268R10,KSW,K S W INC,KSW,221330.0,Q,A,R,50698,3,5070.0,,,,50.0,507.0,,,,,,,4.63,-0.019898,6288.0,1.0,4.7,29113.44,KSW,10.0,4.0,5.0,4.0,3.0,1,10.0,1.0,1.0,7.0,3.0,9.0,2.0,3.0,9.0,5.0,10.0,9.0,3.0,10.0,8.0,4.0,8.0,9.0,8.0,7.0,,,,6.0,,,10.0,3.0,2.0,,6.0,1.0,,8.0,9.0,8.0,3.0,6.0,,,3.0,3.0,4.0,,1.0,10,10.0,10,1
2008-07-07,91231,,11,3,5070.0,48268R10,KSW,K S W INC,KSW,221330.0,Q,A,R,50698,3,5070.0,,,,50.0,507.0,,,,,,,4.65,0.00432,6288.0,1.0,4.65,29239.2,KSW,10.0,4.0,5.0,4.0,3.0,1,10.0,1.0,1.0,7.0,3.0,9.0,2.0,3.0,9.0,5.0,10.0,9.0,3.0,10.0,8.0,4.0,8.0,9.0,8.0,7.0,,,,6.0,,,10.0,3.0,2.0,,6.0,1.0,,8.0,9.0,8.0,3.0,6.0,,,3.0,3.0,4.0,,1.0,10,10.0,10,1
2008-07-08,91231,,11,3,5070.0,48268R10,KSW,K S W INC,KSW,221330.0,Q,A,R,50698,3,5070.0,,,,50.0,507.0,,,,,,,4.59,-0.012903,6288.0,1.0,4.65,28861.92,KSW,10.0,4.0,5.0,4.0,3.0,1,10.0,1.0,1.0,7.0,3.0,9.0,2.0,3.0,9.0,5.0,10.0,9.0,3.0,10.0,8.0,4.0,8.0,9.0,8.0,7.0,,,,6.0,,,10.0,3.0,2.0,,6.0,1.0,,8.0,9.0,8.0,3.0,6.0,,,3.0,3.0,4.0,,1.0,10,10.0,10,1
2008-07-09,91231,,11,3,5070.0,48268R10,KSW,K S W INC,KSW,221330.0,Q,A,R,50698,3,5070.0,,,,50.0,507.0,,,,,,,4.58,-0.002179,6288.0,1.0,4.55,28799.04,KSW,10.0,4.0,5.0,4.0,3.0,1,10.0,1.0,1.0,7.0,3.0,9.0,2.0,3.0,9.0,5.0,10.0,9.0,3.0,10.0,8.0,4.0,8.0,9.0,8.0,7.0,,,,6.0,,,10.0,3.0,2.0,,6.0,1.0,,8.0,9.0,8.0,3.0,6.0,,,3.0,3.0,4.0,,1.0,10,10.0,10,1
2008-07-10,91231,,11,3,5070.0,48268R10,KSW,K S W INC,KSW,221330.0,Q,A,R,50698,3,5070.0,,,,50.0,507.0,,,,,,,4.5201,-0.013079,6288.0,1.0,4.599,28422.3888,KSW,10.0,4.0,5.0,4.0,3.0,1,10.0,1.0,1.0,7.0,3.0,9.0,2.0,3.0,9.0,5.0,10.0,9.0,3.0,10.0,8.0,4.0,8.0,9.0,8.0,7.0,,,,6.0,,,10.0,3.0,2.0,,6.0,1.0,,8.0,9.0,8.0,3.0,6.0,,,3.0,3.0,4.0,,1.0,10,10.0,10,1
2008-07-11,91231,,11,3,5070.0,48268R10,KSW,K S W INC,KSW,221330.0,Q,A,R,50698,3,5070.0,,,,50.0,507.0,,,,,,,4.53,0.00219,6288.0,1.0,4.5201,28484.64,KSW,10.0,4.0,5.0,4.0,3.0,1,10.0,1.0,1.0,7.0,3.0,9.0,2.0,3.0,9.0,5.0,10.0,9.0,3.0,10.0,8.0,4.0,8.0,9.0,8.0,7.0,,,,6.0,,,10.0,3.0,2.0,,6.0,1.0,,8.0,9.0,8.0,3.0,6.0,,,3.0,3.0,4.0,,1.0,10,10.0,10,1
2008-07-14,91231,,11,3,5070.0,48268R10,KSW,K S W INC,KSW,221330.0,Q,A,R,50698,3,5070.0,,,,50.0,507.0,,,,,,,4.58,0.011037,6288.0,1.0,4.5,28799.04,KSW,10.0,4.0,5.0,4.0,3.0,1,10.0,1.0,1.0,7.0,3.0,9.0,2.0,3.0,9.0,5.0,10.0,9.0,3.0,10.0,8.0,4.0,8.0,9.0,8.0,7.0,,,,6.0,,,10.0,3.0,2.0,,6.0,1.0,,8.0,9.0,8.0,3.0,6.0,,,3.0,3.0,4.0,,1.0,10,10.0,10,1
2008-07-15,91231,,11,3,5070.0,48268R10,KSW,K S W INC,KSW,221330.0,Q,A,R,50698,3,5070.0,,,,50.0,507.0,,,,,,,4.57,-0.002183,6288.0,1.0,4.5001,28736.16,KSW,10.0,4.0,5.0,4.0,3.0,1,10.0,1.0,1.0,7.0,3.0,9.0,2.0,3.0,9.0,5.0,10.0,9.0,3.0,10.0,8.0,4.0,8.0,9.0,8.0,7.0,,,,6.0,,,10.0,3.0,2.0,,6.0,1.0,,8.0,9.0,8.0,3.0,6.0,,,3.0,3.0,4.0,,1.0,10,10.0,10,1
2008-07-16,91231,,11,3,5070.0,48268R10,KSW,K S W INC,KSW,221330.0,Q,A,R,50698,3,5070.0,,,,50.0,507.0,,,,,,,4.56,-0.002188,6288.0,1.0,4.5,28673.28,KSW,10.0,4.0,5.0,4.0,3.0,1,10.0,1.0,1.0,7.0,3.0,9.0,2.0,3.0,9.0,5.0,10.0,9.0,3.0,10.0,8.0,4.0,8.0,9.0,8.0,7.0,,,,6.0,,,10.0,3.0,2.0,,6.0,1.0,,8.0,9.0,8.0,3.0,6.0,,,3.0,3.0,4.0,,1.0,10,10.0,10,1
2008-07-17,91231,,11,3,5070.0,48268R10,KSW,K S W INC,KSW,221330.0,Q,A,R,50698,3,5070.0,,,,50.0,507.0,,,,,,,4.58,0.004386,6288.0,1.0,4.55,28799.04,KSW,10.0,4.0,5.0,4.0,3.0,1,10.0,1.0,1.0,7.0,3.0,9.0,2.0,3.0,9.0,5.0,10.0,9.0,3.0,10.0,8.0,4.0,8.0,9.0,8.0,7.0,,,,6.0,,,10.0,3.0,2.0,,6.0,1.0,,8.0,9.0,8.0,3.0,6.0,,,3.0,3.0,4.0,,1.0,10,10.0,10,1
2008-07-18,91231,,11,3,5070.0,48268R10,KSW,K S W INC,KSW,221330.0,Q,A,R,50698,3,5070.0,,,,50.0,507.0,,,,,,,4.57,-0.002183,6288.0,1.0,4.51,28736.16,KSW,10.0,4.0,5.0,4.0,3.0,1,10.0,1.0,1.0,7.0,3.0,9.0,2.0,3.0,9.0,5.0,10.0,9.0,3.0,10.0,8.0,4.0,8.0,9.0,8.0,7.0,,,,6.0,,,10.0,3.0,2.0,,6.0,1.0,,8.0,9.0,8.0,3.0,6.0,,,3.0,3.0,4.0,,1.0,10,10.0,10,1
2008-07-21,91231,,11,3,5070.0,48268R10,KSW,K S W INC,KSW,221330.0,Q,A,R,50698,3,5070.0,,,,50.0,507.0,,,,,,,4.6,0.006564,6288.0,1.0,4.5,28924.8,KSW,10.0,4.0,5.0,4.0,3.0,1,10.0,1.0,1.0,7.0,3.0,9.0,2.0,3.0,9.0,5.0,10.0,9.0,3.0,10.0,8.0,4.0,8.0,9.0,8.0,7.0,,,,6.0,,,10.0,3.0,2.0,,6.0,1.0,,8.0,9.0,8.0,3.0,6.0,,,3.0,3.0,4.0,,1.0,10,10.0,10,1
2008-07-22,91231,,11,3,5070.0,48268R10,KSW,K S W INC,KSW,221330.0,Q,A,R,50698,3,5070.0,,,,50.0,507.0,,,,,,,4.56,-0.008696,6288.0,1.0,4.65,28673.28,KSW,10.0,4.0,5.0,4.0,3.0,1,10.0,1.0,1.0,7.0,3.0,9.0,2.0,3.0,9.0,5.0,10.0,9.0,3.0,10.0,8.0,4.0,8.0,9.0,8.0,7.0,,,,6.0,,,10.0,3.0,2.0,,6.0,1.0,,8.0,9.0,8.0,3.0,6.0,,,3.0,3.0,4.0,,1.0,10,10.0,10,1
2008-07-23,91231,,11,3,5070.0,48268R10,KSW,K S W INC,KSW,221330.0,Q,A,R,50698,3,5070.0,,,,50.0,507.0,,,,,,,4.55,-0.002193,6288.0,1.0,4.61,28610.4,KSW,10.0,4.0,5.0,4.0,3.0,1,10.0,1.0,1.0,7.0,3.0,9.0,2.0,3.0,9.0,5.0,10.0,9.0,3.0,10.0,8.0,4.0,8.0,9.0,8.0,7.0,,,,6.0,,,10.0,3.0,2.0,,6.0,1.0,,8.0,9.0,8.0,3.0,6.0,,,3.0,3.0,4.0,,1.0,10,10.0,10,1
2008-07-24,91231,,11,3,5070.0,48268R10,KSW,K S W INC,KSW,221330.0,Q,A,R,50698,3,5070.0,,,,50.0,507.0,,,,,,,4.56,0.002198,6288.0,1.0,4.57,28673.28,KSW,10.0,4.0,5.0,4.0,3.0,1,10.0,1.0,1.0,7.0,3.0,9.0,2.0,3.0,9.0,5.0,10.0,9.0,3.0,10.0,8.0,4.0,8.0,9.0,8.0,7.0,,,,6.0,,,10.0,3.0,2.0,,6.0,1.0,,8.0,9.0,8.0,3.0,6.0,,,3.0,3.0,4.0,,1.0,10,10.0,10,1
2008-07-25,91231,,11,3,5070.0,48268R10,KSW,K S W INC,KSW,221330.0,Q,A,R,50698,3,5070.0,,,,50.0,507.0,,,,,,,4.65,0.019737,6288.0,1.0,4.6,29239.2,KSW,10.0,4.0,5.0,4.0,3.0,1,10.0,1.0,1.0,7.0,3.0,9.0,2.0,3.0,9.0,5.0,10.0,9.0,3.0,10.0,8.0,4.0,8.0,9.0,8.0,7.0,,,,6.0,,,10.0,3.0,2.0,,6.0,1.0,,8.0,9.0,8.0,3.0,6.0,,,3.0,3.0,4.0,,1.0,10,10.0,10,1
2008-07-28,91231,,11,3,5070.0,48268R10,KSW,K S W INC,KSW,221330.0,Q,A,R,50698,3,5070.0,,,,50.0,507.0,,,,,,,4.68,0.006452,6288.0,1.0,4.56,29427.84,KSW,10.0,4.0,5.0,4.0,3.0,1,10.0,1.0,1.0,7.0,3.0,9.0,2.0,3.0,9.0,5.0,10.0,9.0,3.0,10.0,8.0,4.0,8.0,9.0,8.0,7.0,,,,6.0,,,10.0,3.0,2.0,,6.0,1.0,,8.0,9.0,8.0,3.0,6.0,,,3.0,3.0,4.0,,1.0,10,10.0,10,1
2008-07-29,91231,,11,3,5070.0,48268R10,KSW,K S W INC,KSW,221330.0,Q,A,R,50698,3,5070.0,,,,50.0,507.0,,,,,,,4.66,-0.004274,6288.0,1.0,4.68,29302.08,KSW,10.0,4.0,5.0,4.0,3.0,1,10.0,1.0,1.0,7.0,3.0,9.0,2.0,3.0,9.0,5.0,10.0,9.0,3.0,10.0,8.0,4.0,8.0,9.0,8.0,7.0,,,,6.0,,,10.0,3.0,2.0,,6.0,1.0,,8.0,9.0,8.0,3.0,6.0,,,3.0,3.0,4.0,,1.0,10,10.0,10,1
2008-07-30,91231,,11,3,5070.0,48268R10,KSW,K S W INC,KSW,221330.0,Q,A,R,50698,3,5070.0,,,,50.0,507.0,,,,,,,4.64,-0.004292,6288.0,1.0,4.68,29176.32,KSW,10.0,4.0,5.0,4.0,3.0,1,10.0,1.0,1.0,7.0,3.0,9.0,2.0,3.0,9.0,5.0,10.0,9.0,3.0,10.0,8.0,4.0,8.0,9.0,8.0,7.0,,,,6.0,,,10.0,3.0,2.0,,6.0,1.0,,8.0,9.0,8.0,3.0,6.0,,,3.0,3.0,4.0,,1.0,10,10.0,10,1
2008-07-31,91231,,11,3,5070.0,48268R10,KSW,K S W INC,KSW,221330.0,Q,A,R,50698,3,5070.0,,,,50.0,507.0,,,,,,,4.68,0.008621,6288.0,1.0,4.59,29427.84,KSW,10.0,4.0,5.0,4.0,3.0,1,10.0,1.0,1.0,7.0,3.0,9.0,2.0,3.0,9.0,5.0,10.0,9.0,3.0,10.0,8.0,4.0,8.0,9.0,8.0,7.0,,,,6.0,,,10.0,3.0,2.0,,6.0,1.0,,8.0,9.0,8.0,3.0,6.0,,,3.0,3.0,4.0,,1.0,10,10.0,10,1
2008-08-01,91231,,11,3,5070.0,48268R10,KSW,K S W INC,KSW,221330.0,Q,A,R,50698,3,5070.0,,,,50.0,507.0,,,,,,,4.64,-0.008547,6288.0,1.0,4.66,29176.32,KSW,10.0,4.0,5.0,4.0,3.0,1,10.0,1.0,1.0,7.0,3.0,9.0,2.0,3.0,9.0,5.0,10.0,9.0,3.0,10.0,8.0,4.0,8.0,9.0,8.0,7.0,,,,6.0,,,10.0,3.0,6.0,,6.0,1.0,,8.0,9.0,8.0,6.0,9.0,,,7.0,8.0,8.0,,1.0,10,10.0,10,1
2008-08-04,91231,,11,3,5070.0,48268R10,KSW,K S W INC,KSW,221330.0,Q,A,R,50698,3,5070.0,,,,50.0,507.0,,,,,,,5.0,0.077586,6288.0,1.0,5.05,31440.0,KSW,10.0,4.0,5.0,4.0,3.0,1,10.0,1.0,1.0,7.0,3.0,9.0,2.0,3.0,9.0,5.0,10.0,9.0,3.0,10.0,8.0,4.0,8.0,9.0,8.0,7.0,,,,6.0,,,10.0,3.0,6.0,,6.0,1.0,,8.0,9.0,8.0,6.0,9.0,,,7.0,8.0,8.0,,1.0,10,10.0,10,1
2008-08-05,91231,,11,3,5070.0,48268R10,KSW,K S W INC,KSW,221330.0,Q,A,R,50698,3,5070.0,,,,50.0,507.0,,,,,,,5.09,0.018,6288.0,1.0,5.08,32005.92,KSW,10.0,4.0,5.0,4.0,3.0,1,10.0,1.0,1.0,7.0,3.0,9.0,2.0,3.0,9.0,5.0,10.0,9.0,3.0,10.0,8.0,4.0,8.0,9.0,8.0,7.0,,,,6.0,,,10.0,3.0,6.0,,6.0,1.0,,8.0,9.0,8.0,6.0,9.0,,,7.0,8.0,8.0,,1.0,10,10.0,10,1
2008-08-06,91231,,11,3,5070.0,48268R10,KSW,K S W INC,KSW,221330.0,Q,A,R,50698,3,5070.0,,,,50.0,507.0,,,,,,,4.98,-0.021611,6288.0,1.0,4.99,31314.24,KSW,10.0,4.0,5.0,4.0,3.0,1,10.0,1.0,1.0,7.0,3.0,9.0,2.0,3.0,9.0,5.0,10.0,9.0,3.0,10.0,8.0,4.0,8.0,9.0,8.0,7.0,,,,6.0,,,10.0,3.0,6.0,,6.0,1.0,,8.0,9.0,8.0,6.0,9.0,,,7.0,8.0,8.0,,1.0,10,10.0,10,1
2008-08-07,91231,,11,3,5070.0,48268R10,KSW,K S W INC,KSW,221330.0,Q,A,R,50698,3,5070.0,,,,50.0,507.0,,,,,,,5.09,0.022088,6288.0,1.0,5.04,32005.92,KSW,10.0,4.0,5.0,4.0,3.0,1,10.0,1.0,1.0,7.0,3.0,9.0,2.0,3.0,9.0,5.0,10.0,9.0,3.0,10.0,8.0,4.0,8.0,9.0,8.0,7.0,,,,6.0,,,10.0,3.0,6.0,,6.0,1.0,,8.0,9.0,8.0,6.0,9.0,,,7.0,8.0,8.0,,1.0,10,10.0,10,1
2008-08-08,91231,,11,3,5070.0,48268R10,KSW,K S W INC,KSW,221330.0,Q,A,R,50698,3,5070.0,,,,50.0,507.0,,,,,,,5.09,0.0,6288.0,1.0,5.04,32005.92,KSW,10.0,4.0,5.0,4.0,3.0,1,10.0,1.0,1.0,7.0,3.0,9.0,2.0,3.0,9.0,5.0,10.0,9.0,3.0,10.0,8.0,4.0,8.0,9.0,8.0,7.0,,,,6.0,,,10.0,3.0,6.0,,6.0,1.0,,8.0,9.0,8.0,6.0,9.0,,,7.0,8.0,8.0,,1.0,10,10.0,10,1
2008-08-11,91231,,11,3,5070.0,48268R10,KSW,K S W INC,KSW,221330.0,Q,A,R,50698,3,5070.0,,,,50.0,507.0,,,,,,,5.0,-0.017682,6288.0,1.0,5.09,31440.0,KSW,10.0,4.0,5.0,4.0,3.0,1,10.0,1.0,1.0,7.0,3.0,9.0,2.0,3.0,9.0,5.0,10.0,9.0,3.0,10.0,8.0,4.0,8.0,9.0,8.0,7.0,,,,6.0,,,10.0,3.0,6.0,,6.0,1.0,,8.0,9.0,8.0,6.0,9.0,,,7.0,8.0,8.0,,1.0,10,10.0,10,1
2008-08-12,91231,,11,3,5070.0,48268R10,KSW,K S W INC,KSW,221330.0,Q,A,R,50698,3,5070.0,,,,50.0,507.0,,,,,,,5.01,0.002,6288.0,1.0,5.05,31502.88,KSW,10.0,4.0,5.0,4.0,3.0,1,10.0,1.0,1.0,7.0,3.0,9.0,2.0,3.0,9.0,5.0,10.0,9.0,3.0,10.0,8.0,4.0,8.0,9.0,8.0,7.0,,,,6.0,,,10.0,3.0,6.0,,6.0,1.0,,8.0,9.0,8.0,6.0,9.0,,,7.0,8.0,8.0,,1.0,10,10.0,10,1
2008-08-13,91231,,11,3,5070.0,48268R10,KSW,K S W INC,KSW,221330.0,Q,A,R,50698,3,5070.0,,,,50.0,507.0,,,,,,,5.0,-0.001996,6288.0,1.0,5.05,31440.0,KSW,10.0,4.0,5.0,4.0,3.0,1,10.0,1.0,1.0,7.0,3.0,9.0,2.0,3.0,9.0,5.0,10.0,9.0,3.0,10.0,8.0,4.0,8.0,9.0,8.0,7.0,,,,6.0,,,10.0,3.0,6.0,,6.0,1.0,,8.0,9.0,8.0,6.0,9.0,,,7.0,8.0,8.0,,1.0,10,10.0,10,1
2008-08-14,91231,,11,3,5070.0,48268R10,KSW,K S W INC,KSW,221330.0,Q,A,R,50698,3,5070.0,,,,50.0,507.0,,,,,,,5.0,0.0,6288.0,1.0,4.98,31440.0,KSW,10.0,4.0,5.0,4.0,3.0,1,10.0,1.0,1.0,7.0,3.0,9.0,2.0,3.0,9.0,5.0,10.0,9.0,3.0,10.0,8.0,4.0,8.0,9.0,8.0,7.0,,,,6.0,,,10.0,3.0,6.0,,6.0,1.0,,8.0,9.0,8.0,6.0,9.0,,,7.0,8.0,8.0,,1.0,10,10.0,10,1
2008-08-15,91231,,11,3,5070.0,48268R10,KSW,K S W INC,KSW,221330.0,Q,A,R,50698,3,5070.0,,,,50.0,507.0,,,,,,,5.0,0.0,6288.0,1.0,4.98,31440.0,KSW,10.0,4.0,5.0,4.0,3.0,1,10.0,1.0,1.0,7.0,3.0,9.0,2.0,3.0,9.0,5.0,10.0,9.0,3.0,10.0,8.0,4.0,8.0,9.0,8.0,7.0,,,,6.0,,,10.0,3.0,6.0,,6.0,1.0,,8.0,9.0,8.0,6.0,9.0,,,7.0,8.0,8.0,,1.0,10,10.0,10,1
2008-08-18,91231,,11,3,5070.0,48268R10,KSW,K S W INC,KSW,221330.0,Q,A,R,50698,3,5070.0,,,,50.0,507.0,,,,,,,5.0,0.0,6288.0,1.0,5.0,31440.0,KSW,10.0,4.0,5.0,4.0,3.0,1,10.0,1.0,1.0,7.0,3.0,9.0,2.0,3.0,9.0,5.0,10.0,9.0,3.0,10.0,8.0,4.0,8.0,9.0,8.0,7.0,,,,6.0,,,10.0,3.0,6.0,,6.0,1.0,,8.0,9.0,8.0,6.0,9.0,,,7.0,8.0,8.0,,1.0,10,10.0,10,1
2008-08-19,91231,,11,3,5070.0,48268R10,KSW,K S W INC,KSW,221330.0,Q,A,R,50698,3,5070.0,,,,50.0,507.0,,,,,,,4.95,-0.01,6288.0,1.0,4.96,31125.6,KSW,10.0,4.0,5.0,4.0,3.0,1,10.0,1.0,1.0,7.0,3.0,9.0,2.0,3.0,9.0,5.0,10.0,9.0,3.0,10.0,8.0,4.0,8.0,9.0,8.0,7.0,,,,6.0,,,10.0,3.0,6.0,,6.0,1.0,,8.0,9.0,8.0,6.0,9.0,,,7.0,8.0,8.0,,1.0,10,10.0,10,1
2008-08-20,91231,,11,3,5070.0,48268R10,KSW,K S W INC,KSW,221330.0,Q,A,R,50698,3,5070.0,,,,50.0,507.0,,,,,,,4.98,0.006061,6288.0,1.0,5.0,31314.24,KSW,10.0,4.0,5.0,4.0,3.0,1,10.0,1.0,1.0,7.0,3.0,9.0,2.0,3.0,9.0,5.0,10.0,9.0,3.0,10.0,8.0,4.0,8.0,9.0,8.0,7.0,,,,6.0,,,10.0,3.0,6.0,,6.0,1.0,,8.0,9.0,8.0,6.0,9.0,,,7.0,8.0,8.0,,1.0,10,10.0,10,1
2008-08-21,91231,,11,3,5070.0,48268R10,KSW,K S W INC,KSW,221330.0,Q,A,R,50698,3,5070.0,,,,50.0,507.0,,,,,,,4.99,0.002008,6288.0,1.0,4.99,31377.12,KSW,10.0,4.0,5.0,4.0,3.0,1,10.0,1.0,1.0,7.0,3.0,9.0,2.0,3.0,9.0,5.0,10.0,9.0,3.0,10.0,8.0,4.0,8.0,9.0,8.0,7.0,,,,6.0,,,10.0,3.0,6.0,,6.0,1.0,,8.0,9.0,8.0,6.0,9.0,,,7.0,8.0,8.0,,1.0,10,10.0,10,1
2008-08-22,91231,,11,3,5070.0,48268R10,KSW,K S W INC,KSW,221330.0,Q,A,R,50698,3,5070.0,,,,50.0,507.0,,,,,,,4.79,-0.04008,6288.0,1.0,4.99,30119.52,KSW,10.0,4.0,5.0,4.0,3.0,1,10.0,1.0,1.0,7.0,3.0,9.0,2.0,3.0,9.0,5.0,10.0,9.0,3.0,10.0,8.0,4.0,8.0,9.0,8.0,7.0,,,,6.0,,,10.0,3.0,6.0,,6.0,1.0,,8.0,9.0,8.0,6.0,9.0,,,7.0,8.0,8.0,,1.0,10,10.0,10,1
2008-08-25,91231,,11,3,5070.0,48268R10,KSW,K S W INC,KSW,221330.0,Q,A,R,50698,3,5070.0,,,,50.0,507.0,,,,,,,4.88,0.018789,6288.0,1.0,4.77,30685.44,KSW,10.0,4.0,5.0,4.0,3.0,1,10.0,1.0,1.0,7.0,3.0,9.0,2.0,3.0,9.0,5.0,10.0,9.0,3.0,10.0,8.0,4.0,8.0,9.0,8.0,7.0,,,,6.0,,,10.0,3.0,6.0,,6.0,1.0,,8.0,9.0,8.0,6.0,9.0,,,7.0,8.0,8.0,,1.0,10,10.0,10,1
2008-08-26,91231,,11,3,5070.0,48268R10,KSW,K S W INC,KSW,221330.0,Q,A,R,50698,3,5070.0,,,,50.0,507.0,,,,,,,4.93,0.010246,6288.0,1.0,4.9,30999.84,KSW,10.0,4.0,5.0,4.0,3.0,1,10.0,1.0,1.0,7.0,3.0,9.0,2.0,3.0,9.0,5.0,10.0,9.0,3.0,10.0,8.0,4.0,8.0,9.0,8.0,7.0,,,,6.0,,,10.0,3.0,6.0,,6.0,1.0,,8.0,9.0,8.0,6.0,9.0,,,7.0,8.0,8.0,,1.0,10,10.0,10,1
2008-08-27,91231,,11,3,5070.0,48268R10,KSW,K S W INC,KSW,221330.0,Q,A,R,50698,3,5070.0,,,,50.0,507.0,,,,,,,4.93,0.0,6288.0,1.0,4.84,30999.84,KSW,10.0,4.0,5.0,4.0,3.0,1,10.0,1.0,1.0,7.0,3.0,9.0,2.0,3.0,9.0,5.0,10.0,9.0,3.0,10.0,8.0,4.0,8.0,9.0,8.0,7.0,,,,6.0,,,10.0,3.0,6.0,,6.0,1.0,,8.0,9.0,8.0,6.0,9.0,,,7.0,8.0,8.0,,1.0,10,10.0,10,1
2008-08-28,91231,,11,3,5070.0,48268R10,KSW,K S W INC,KSW,221330.0,Q,A,R,50698,3,5070.0,,,,50.0,507.0,,,,,,,4.95,0.004057,6288.0,1.0,4.9,31125.6,KSW,10.0,4.0,5.0,4.0,3.0,1,10.0,1.0,1.0,7.0,3.0,9.0,2.0,3.0,9.0,5.0,10.0,9.0,3.0,10.0,8.0,4.0,8.0,9.0,8.0,7.0,,,,6.0,,,10.0,3.0,6.0,,6.0,1.0,,8.0,9.0,8.0,6.0,9.0,,,7.0,8.0,8.0,,1.0,10,10.0,10,1
2008-08-29,91231,,11,3,5070.0,48268R10,KSW,K S W INC,KSW,221330.0,Q,A,R,50698,3,5070.0,,,,50.0,507.0,,,,,,,4.94,-0.00202,6288.0,1.0,4.92,31062.72,KSW,10.0,4.0,5.0,4.0,3.0,1,10.0,1.0,1.0,7.0,3.0,9.0,2.0,3.0,9.0,5.0,10.0,9.0,3.0,10.0,8.0,4.0,8.0,9.0,8.0,7.0,,,,6.0,,,10.0,3.0,6.0,,6.0,1.0,,8.0,9.0,8.0,6.0,9.0,,,7.0,8.0,8.0,,1.0,10,10.0,10,1
2008-09-02,91231,,11,3,5070.0,48268R10,KSW,K S W INC,KSW,221330.0,Q,A,R,50698,3,5070.0,,,,50.0,507.0,,,,,,,4.99,0.010121,6288.0,1.0,4.85,31377.12,KSW,10.0,4.0,5.0,4.0,3.0,1,10.0,1.0,1.0,7.0,3.0,9.0,2.0,3.0,9.0,5.0,10.0,9.0,3.0,10.0,8.0,4.0,8.0,9.0,8.0,7.0,,,,6.0,,,10.0,3.0,1.0,,6.0,3.0,,9.0,10.0,8.0,4.0,9.0,,,5.0,5.0,6.0,,1.0,10,10.0,10,1
2008-09-03,91231,,11,3,5070.0,48268R10,KSW,K S W INC,KSW,221330.0,Q,A,R,50698,3,5070.0,,,,50.0,507.0,,,,,,,4.964,-0.00521,6288.0,1.0,5.09,31213.632,KSW,10.0,4.0,5.0,4.0,3.0,1,10.0,1.0,1.0,7.0,3.0,9.0,2.0,3.0,9.0,5.0,10.0,9.0,3.0,10.0,8.0,4.0,8.0,9.0,8.0,7.0,,,,6.0,,,10.0,3.0,1.0,,6.0,3.0,,9.0,10.0,8.0,4.0,9.0,,,5.0,5.0,6.0,,1.0,10,10.0,10,1
2008-09-04,91231,,11,3,5070.0,48268R10,KSW,K S W INC,KSW,221330.0,Q,A,R,50698,3,5070.0,,,,50.0,507.0,,,,,,,4.94,-0.004835,6288.0,1.0,5.01,31062.72,KSW,10.0,4.0,5.0,4.0,3.0,1,10.0,1.0,1.0,7.0,3.0,9.0,2.0,3.0,9.0,5.0,10.0,9.0,3.0,10.0,8.0,4.0,8.0,9.0,8.0,7.0,,,,6.0,,,10.0,3.0,1.0,,6.0,3.0,,9.0,10.0,8.0,4.0,9.0,,,5.0,5.0,6.0,,1.0,10,10.0,10,1
2008-09-05,91231,,11,3,5070.0,48268R10,KSW,K S W INC,KSW,221330.0,Q,A,R,50698,3,5070.0,,,,50.0,507.0,,,,,,,4.94,0.0,6288.0,1.0,4.97,31062.72,KSW,10.0,4.0,5.0,4.0,3.0,1,10.0,1.0,1.0,7.0,3.0,9.0,2.0,3.0,9.0,5.0,10.0,9.0,3.0,10.0,8.0,4.0,8.0,9.0,8.0,7.0,,,,6.0,,,10.0,3.0,1.0,,6.0,3.0,,9.0,10.0,8.0,4.0,9.0,,,5.0,5.0,6.0,,1.0,10,10.0,10,1
2008-09-08,91231,,11,3,5070.0,48268R10,KSW,K S W INC,KSW,221330.0,Q,A,R,50698,3,5070.0,,,,50.0,507.0,,,,,,,4.95,0.002024,6288.0,1.0,4.83,31125.6,KSW,10.0,4.0,5.0,4.0,3.0,1,10.0,1.0,1.0,7.0,3.0,9.0,2.0,3.0,9.0,5.0,10.0,9.0,3.0,10.0,8.0,4.0,8.0,9.0,8.0,7.0,,,,6.0,,,10.0,3.0,1.0,,6.0,3.0,,9.0,10.0,8.0,4.0,9.0,,,5.0,5.0,6.0,,1.0,10,10.0,10,1
2008-09-09,91231,,11,3,5070.0,48268R10,KSW,K S W INC,KSW,221330.0,Q,A,R,50698,3,5070.0,,,,50.0,507.0,,,,,,,4.95,0.0,6288.0,1.0,4.95,31125.6,KSW,10.0,4.0,5.0,4.0,3.0,1,10.0,1.0,1.0,7.0,3.0,9.0,2.0,3.0,9.0,5.0,10.0,9.0,3.0,10.0,8.0,4.0,8.0,9.0,8.0,7.0,,,,6.0,,,10.0,3.0,1.0,,6.0,3.0,,9.0,10.0,8.0,4.0,9.0,,,5.0,5.0,6.0,,1.0,10,10.0,10,1
2008-09-10,91231,,11,3,5070.0,48268R10,KSW,K S W INC,KSW,221330.0,Q,A,R,50698,3,5070.0,,,,50.0,507.0,,,,,,,4.9,-0.010101,6288.0,1.0,4.86,30811.2,KSW,10.0,4.0,5.0,4.0,3.0,1,10.0,1.0,1.0,7.0,3.0,9.0,2.0,3.0,9.0,5.0,10.0,9.0,3.0,10.0,8.0,4.0,8.0,9.0,8.0,7.0,,,,6.0,,,10.0,3.0,1.0,,6.0,3.0,,9.0,10.0,8.0,4.0,9.0,,,5.0,5.0,6.0,,1.0,10,10.0,10,1
2008-09-11,91231,,11,3,5070.0,48268R10,KSW,K S W INC,KSW,221330.0,Q,A,R,50698,3,5070.0,,,,50.0,507.0,,,,,,,4.9,0.0,6288.0,1.0,4.79,30811.2,KSW,10.0,4.0,5.0,4.0,3.0,1,10.0,1.0,1.0,7.0,3.0,9.0,2.0,3.0,9.0,5.0,10.0,9.0,3.0,10.0,8.0,4.0,8.0,9.0,8.0,7.0,,,,6.0,,,10.0,3.0,1.0,,6.0,3.0,,9.0,10.0,8.0,4.0,9.0,,,5.0,5.0,6.0,,1.0,10,10.0,10,1
2008-09-12,91231,,11,3,5070.0,48268R10,KSW,K S W INC,KSW,221330.0,Q,A,R,50698,3,5070.0,,,,50.0,507.0,,,,,,,4.88,-0.004082,6288.0,1.0,4.82,30685.44,KSW,10.0,4.0,5.0,4.0,3.0,1,10.0,1.0,1.0,7.0,3.0,9.0,2.0,3.0,9.0,5.0,10.0,9.0,3.0,10.0,8.0,4.0,8.0,9.0,8.0,7.0,,,,6.0,,,10.0,3.0,1.0,,6.0,3.0,,9.0,10.0,8.0,4.0,9.0,,,5.0,5.0,6.0,,1.0,10,10.0,10,1
2008-09-15,91231,,11,3,5070.0,48268R10,KSW,K S W INC,KSW,221330.0,Q,A,R,50698,3,5070.0,,,,50.0,507.0,,,,,,,4.8,-0.016393,6288.0,1.0,4.81,30182.4,KSW,10.0,4.0,5.0,4.0,3.0,1,10.0,1.0,1.0,7.0,3.0,9.0,2.0,3.0,9.0,5.0,10.0,9.0,3.0,10.0,8.0,4.0,8.0,9.0,8.0,7.0,,,,6.0,,,10.0,3.0,1.0,,6.0,3.0,,9.0,10.0,8.0,4.0,9.0,,,5.0,5.0,6.0,,1.0,10,10.0,10,1
2008-09-16,91231,,11,3,5070.0,48268R10,KSW,K S W INC,KSW,221330.0,Q,A,R,50698,3,5070.0,,,,50.0,507.0,,,,,,,4.75,-0.010417,6288.0,1.0,4.8,29868.0,KSW,10.0,4.0,5.0,4.0,3.0,1,10.0,1.0,1.0,7.0,3.0,9.0,2.0,3.0,9.0,5.0,10.0,9.0,3.0,10.0,8.0,4.0,8.0,9.0,8.0,7.0,,,,6.0,,,10.0,3.0,1.0,,6.0,3.0,,9.0,10.0,8.0,4.0,9.0,,,5.0,5.0,6.0,,1.0,10,10.0,10,1
2008-09-17,91231,,11,3,5070.0,48268R10,KSW,K S W INC,KSW,221330.0,Q,A,R,50698,3,5070.0,,,,50.0,507.0,,,,,,,4.74,-0.002105,6288.0,1.0,4.75,29805.12,KSW,10.0,4.0,5.0,4.0,3.0,1,10.0,1.0,1.0,7.0,3.0,9.0,2.0,3.0,9.0,5.0,10.0,9.0,3.0,10.0,8.0,4.0,8.0,9.0,8.0,7.0,,,,6.0,,,10.0,3.0,1.0,,6.0,3.0,,9.0,10.0,8.0,4.0,9.0,,,5.0,5.0,6.0,,1.0,10,10.0,10,1
2008-09-18,91231,,11,3,5070.0,48268R10,KSW,K S W INC,KSW,221330.0,Q,A,R,50698,3,5070.0,,,,50.0,507.0,,,,,,,4.73,-0.00211,6288.0,1.0,4.75,29742.24,KSW,10.0,4.0,5.0,4.0,3.0,1,10.0,1.0,1.0,7.0,3.0,9.0,2.0,3.0,9.0,5.0,10.0,9.0,3.0,10.0,8.0,4.0,8.0,9.0,8.0,7.0,,,,6.0,,,10.0,3.0,1.0,,6.0,3.0,,9.0,10.0,8.0,4.0,9.0,,,5.0,5.0,6.0,,1.0,10,10.0,10,1
2008-09-19,91231,,11,3,5070.0,48268R10,KSW,K S W INC,KSW,221330.0,Q,A,R,50698,3,5070.0,,,,50.0,507.0,,,,,,,4.73,0.0,6288.0,1.0,4.75,29742.24,KSW,10.0,4.0,5.0,4.0,3.0,1,10.0,1.0,1.0,7.0,3.0,9.0,2.0,3.0,9.0,5.0,10.0,9.0,3.0,10.0,8.0,4.0,8.0,9.0,8.0,7.0,,,,6.0,,,10.0,3.0,1.0,,6.0,3.0,,9.0,10.0,8.0,4.0,9.0,,,5.0,5.0,6.0,,1.0,10,10.0,10,1
2008-09-22,91231,,11,3,5070.0,48268R10,KSW,K S W INC,KSW,221330.0,Q,A,R,50698,3,5070.0,,,,50.0,507.0,,,,,,,4.7,-0.006343,6288.0,1.0,4.66,29553.6,KSW,10.0,4.0,5.0,4.0,3.0,1,10.0,1.0,1.0,7.0,3.0,9.0,2.0,3.0,9.0,5.0,10.0,9.0,3.0,10.0,8.0,4.0,8.0,9.0,8.0,7.0,,,,6.0,,,10.0,3.0,1.0,,6.0,3.0,,9.0,10.0,8.0,4.0,9.0,,,5.0,5.0,6.0,,1.0,10,10.0,10,1
2008-09-23,91231,,11,3,5070.0,48268R10,KSW,K S W INC,KSW,221330.0,Q,A,R,50698,3,5070.0,,,,50.0,507.0,,,,,,,4.32,-0.080851,6288.0,1.0,4.62,27164.16,KSW,10.0,4.0,5.0,4.0,3.0,1,10.0,1.0,1.0,7.0,3.0,9.0,2.0,3.0,9.0,5.0,10.0,9.0,3.0,10.0,8.0,4.0,8.0,9.0,8.0,7.0,,,,6.0,,,10.0,3.0,1.0,,6.0,3.0,,9.0,10.0,8.0,4.0,9.0,,,5.0,5.0,6.0,,1.0,10,10.0,10,1
2008-09-24,91231,,11,3,5070.0,48268R10,KSW,K S W INC,KSW,221330.0,Q,A,R,50698,3,5070.0,,,,50.0,507.0,,,,,,,4.68,0.083333,6288.0,1.0,4.27,29427.84,KSW,10.0,4.0,5.0,4.0,3.0,1,10.0,1.0,1.0,7.0,3.0,9.0,2.0,3.0,9.0,5.0,10.0,9.0,3.0,10.0,8.0,4.0,8.0,9.0,8.0,7.0,,,,6.0,,,10.0,3.0,1.0,,6.0,3.0,,9.0,10.0,8.0,4.0,9.0,,,5.0,5.0,6.0,,1.0,10,10.0,10,1
2008-09-25,91231,,11,3,5070.0,48268R10,KSW,K S W INC,KSW,221330.0,Q,A,R,50698,3,5070.0,,,,50.0,507.0,,,,,,,4.69,0.002137,6288.0,1.0,4.57,29490.72,KSW,10.0,4.0,5.0,4.0,3.0,1,10.0,1.0,1.0,7.0,3.0,9.0,2.0,3.0,9.0,5.0,10.0,9.0,3.0,10.0,8.0,4.0,8.0,9.0,8.0,7.0,,,,6.0,,,10.0,3.0,1.0,,6.0,3.0,,9.0,10.0,8.0,4.0,9.0,,,5.0,5.0,6.0,,1.0,10,10.0,10,1
2008-09-26,91231,,11,3,5070.0,48268R10,KSW,K S W INC,KSW,221330.0,Q,A,R,50698,3,5070.0,,,,50.0,507.0,,,,,,,4.78,0.01919,6288.0,1.0,4.3768,30056.64,KSW,10.0,4.0,5.0,4.0,3.0,1,10.0,1.0,1.0,7.0,3.0,9.0,2.0,3.0,9.0,5.0,10.0,9.0,3.0,10.0,8.0,4.0,8.0,9.0,8.0,7.0,,,,6.0,,,10.0,3.0,1.0,,6.0,3.0,,9.0,10.0,8.0,4.0,9.0,,,5.0,5.0,6.0,,1.0,10,10.0,10,1
2008-09-29,91231,,11,3,5070.0,48268R10,KSW,K S W INC,KSW,221330.0,Q,A,R,50698,3,5070.0,,,,50.0,507.0,,,,,,,4.7,-0.016736,6288.0,1.0,4.78,29553.6,KSW,10.0,4.0,5.0,4.0,3.0,1,10.0,1.0,1.0,7.0,3.0,9.0,2.0,3.0,9.0,5.0,10.0,9.0,3.0,10.0,8.0,4.0,8.0,9.0,8.0,7.0,,,,6.0,,,10.0,3.0,1.0,,6.0,3.0,,9.0,10.0,8.0,4.0,9.0,,,5.0,5.0,6.0,,1.0,10,10.0,10,1
2008-09-30,91231,,11,3,5070.0,48268R10,KSW,K S W INC,KSW,221330.0,Q,A,R,50698,3,5070.0,,,,50.0,507.0,,,,,,,4.72,0.004255,6288.0,1.0,4.62,29679.36,KSW,10.0,4.0,5.0,4.0,3.0,1,10.0,1.0,1.0,7.0,3.0,9.0,2.0,3.0,9.0,5.0,10.0,9.0,3.0,10.0,8.0,4.0,8.0,9.0,8.0,7.0,,,,6.0,,,10.0,3.0,1.0,,6.0,3.0,,9.0,10.0,8.0,4.0,9.0,,,5.0,5.0,6.0,,1.0,10,10.0,10,1
2008-10-01,91231,,11,3,5070.0,48268R10,KSW,K S W INC,KSW,221330.0,Q,A,R,50698,3,5070.0,,,,50.0,507.0,,,,,,,4.75,0.006356,6288.0,1.0,4.7,29868.0,KSW,10.0,4.0,5.0,4.0,3.0,1,10.0,1.0,1.0,7.0,3.0,9.0,2.0,3.0,9.0,5.0,10.0,9.0,3.0,10.0,8.0,4.0,8.0,9.0,8.0,7.0,,,,7.0,,,10.0,3.0,2.0,,5.0,3.0,,9.0,10.0,8.0,4.0,7.0,,,4.0,4.0,5.0,,1.0,10,9.0,10,1
2008-10-02,91231,,11,3,5070.0,48268R10,KSW,K S W INC,KSW,221330.0,Q,A,R,50698,3,5070.0,,,,50.0,507.0,,,,,,,4.71,-0.008421,6288.0,1.0,4.63,29616.48,KSW,10.0,4.0,5.0,4.0,3.0,1,10.0,1.0,1.0,7.0,3.0,9.0,2.0,3.0,9.0,5.0,10.0,9.0,3.0,10.0,8.0,4.0,8.0,9.0,8.0,7.0,,,,7.0,,,10.0,3.0,2.0,,5.0,3.0,,9.0,10.0,8.0,4.0,7.0,,,4.0,4.0,5.0,,1.0,10,9.0,10,1
2008-10-03,91231,,11,3,5070.0,48268R10,KSW,K S W INC,KSW,221330.0,Q,A,R,50698,3,5070.0,,,,50.0,507.0,,,,,,,4.68,-0.006369,6288.0,1.0,4.86,29427.84,KSW,10.0,4.0,5.0,4.0,3.0,1,10.0,1.0,1.0,7.0,3.0,9.0,2.0,3.0,9.0,5.0,10.0,9.0,3.0,10.0,8.0,4.0,8.0,9.0,8.0,7.0,,,,7.0,,,10.0,3.0,2.0,,5.0,3.0,,9.0,10.0,8.0,4.0,7.0,,,4.0,4.0,5.0,,1.0,10,9.0,10,1
2008-10-06,91231,,11,3,5070.0,48268R10,KSW,K S W INC,KSW,221330.0,Q,A,R,50698,3,5070.0,,,,50.0,507.0,,,,,,,4.75,0.014957,6288.0,1.0,4.59,29868.0,KSW,10.0,4.0,5.0,4.0,3.0,1,10.0,1.0,1.0,7.0,3.0,9.0,2.0,3.0,9.0,5.0,10.0,9.0,3.0,10.0,8.0,4.0,8.0,9.0,8.0,7.0,,,,7.0,,,10.0,3.0,2.0,,5.0,3.0,,9.0,10.0,8.0,4.0,7.0,,,4.0,4.0,5.0,,1.0,10,9.0,10,1
2008-10-07,91231,,11,3,5070.0,48268R10,KSW,K S W INC,KSW,221330.0,Q,A,R,50698,3,5070.0,,,,50.0,507.0,,,,,,,4.81,0.012632,6288.0,1.0,4.67,30245.28,KSW,10.0,4.0,5.0,4.0,3.0,1,10.0,1.0,1.0,7.0,3.0,9.0,2.0,3.0,9.0,5.0,10.0,9.0,3.0,10.0,8.0,4.0,8.0,9.0,8.0,7.0,,,,7.0,,,10.0,3.0,2.0,,5.0,3.0,,9.0,10.0,8.0,4.0,7.0,,,4.0,4.0,5.0,,1.0,10,9.0,10,1
2008-10-08,91231,,11,3,5070.0,48268R10,KSW,K S W INC,KSW,221330.0,Q,A,R,50698,3,5070.0,,,,50.0,507.0,,,,,,,4.8,-0.002079,6288.0,1.0,4.68,30182.4,KSW,10.0,4.0,5.0,4.0,3.0,1,10.0,1.0,1.0,7.0,3.0,9.0,2.0,3.0,9.0,5.0,10.0,9.0,3.0,10.0,8.0,4.0,8.0,9.0,8.0,7.0,,,,7.0,,,10.0,3.0,2.0,,5.0,3.0,,9.0,10.0,8.0,4.0,7.0,,,4.0,4.0,5.0,,1.0,10,9.0,10,1
2008-10-09,91231,,11,3,5070.0,48268R10,KSW,K S W INC,KSW,221330.0,Q,A,R,50698,3,5070.0,,,,50.0,507.0,,,,,,,4.68,-0.025,6288.0,1.0,4.82,29427.84,KSW,10.0,4.0,5.0,4.0,3.0,1,10.0,1.0,1.0,7.0,3.0,9.0,2.0,3.0,9.0,5.0,10.0,9.0,3.0,10.0,8.0,4.0,8.0,9.0,8.0,7.0,,,,7.0,,,10.0,3.0,2.0,,5.0,3.0,,9.0,10.0,8.0,4.0,7.0,,,4.0,4.0,5.0,,1.0,10,9.0,10,1
2008-10-10,91231,,11,3,5070.0,48268R10,KSW,K S W INC,KSW,221330.0,Q,A,R,50698,3,5070.0,,,,50.0,507.0,,,,,,,3.85,-0.17735,6288.0,1.0,4.57,24208.8,KSW,10.0,4.0,5.0,4.0,3.0,1,10.0,1.0,1.0,7.0,3.0,9.0,2.0,3.0,9.0,5.0,10.0,9.0,3.0,10.0,8.0,4.0,8.0,9.0,8.0,7.0,,,,7.0,,,10.0,3.0,2.0,,5.0,3.0,,9.0,10.0,8.0,4.0,7.0,,,4.0,4.0,5.0,,1.0,10,9.0,10,1
2008-10-13,91231,,11,3,5070.0,48268R10,KSW,K S W INC,KSW,221330.0,Q,A,R,50698,3,5070.0,,,,50.0,507.0,,,,,,,4.59,0.192208,6288.0,1.0,3.8,28861.92,KSW,10.0,4.0,5.0,4.0,3.0,1,10.0,1.0,1.0,7.0,3.0,9.0,2.0,3.0,9.0,5.0,10.0,9.0,3.0,10.0,8.0,4.0,8.0,9.0,8.0,7.0,,,,7.0,,,10.0,3.0,2.0,,5.0,3.0,,9.0,10.0,8.0,4.0,7.0,,,4.0,4.0,5.0,,1.0,10,9.0,10,1
2008-10-14,91231,,11,3,5070.0,48268R10,KSW,K S W INC,KSW,221330.0,Q,A,R,50698,3,5070.0,,,,50.0,507.0,,,,,,,4.36,-0.050109,6288.0,1.0,4.59,27415.68,KSW,10.0,4.0,5.0,4.0,3.0,1,10.0,1.0,1.0,7.0,3.0,9.0,2.0,3.0,9.0,5.0,10.0,9.0,3.0,10.0,8.0,4.0,8.0,9.0,8.0,7.0,,,,7.0,,,10.0,3.0,2.0,,5.0,3.0,,9.0,10.0,8.0,4.0,7.0,,,4.0,4.0,5.0,,1.0,10,9.0,10,1
2008-10-15,91231,,11,3,5070.0,48268R10,KSW,K S W INC,KSW,221330.0,Q,A,R,50698,3,5070.0,,,,50.0,507.0,,,,,,,4.2,-0.036697,6288.0,1.0,4.31,26409.6,KSW,10.0,4.0,5.0,4.0,3.0,1,10.0,1.0,1.0,7.0,3.0,9.0,2.0,3.0,9.0,5.0,10.0,9.0,3.0,10.0,8.0,4.0,8.0,9.0,8.0,7.0,,,,7.0,,,10.0,3.0,2.0,,5.0,3.0,,9.0,10.0,8.0,4.0,7.0,,,4.0,4.0,5.0,,1.0,10,9.0,10,1
2008-10-16,91231,,11,3,5070.0,48268R10,KSW,K S W INC,KSW,221330.0,Q,A,R,50698,3,5070.0,,,,50.0,507.0,,,,,,,4.51,0.07381,6288.0,1.0,4.47,28358.88,KSW,10.0,4.0,5.0,4.0,3.0,1,10.0,1.0,1.0,7.0,3.0,9.0,2.0,3.0,9.0,5.0,10.0,9.0,3.0,10.0,8.0,4.0,8.0,9.0,8.0,7.0,,,,7.0,,,10.0,3.0,2.0,,5.0,3.0,,9.0,10.0,8.0,4.0,7.0,,,4.0,4.0,5.0,,1.0,10,9.0,10,1
2008-10-17,91231,,11,3,5070.0,48268R10,KSW,K S W INC,KSW,221330.0,Q,A,R,50698,3,5070.0,,,,50.0,507.0,,,,,,,4.59,0.017738,6288.0,1.0,4.58,28861.92,KSW,10.0,4.0,5.0,4.0,3.0,1,10.0,1.0,1.0,7.0,3.0,9.0,2.0,3.0,9.0,5.0,10.0,9.0,3.0,10.0,8.0,4.0,8.0,9.0,8.0,7.0,,,,7.0,,,10.0,3.0,2.0,,5.0,3.0,,9.0,10.0,8.0,4.0,7.0,,,4.0,4.0,5.0,,1.0,10,9.0,10,1
2008-10-20,91231,,11,3,5070.0,48268R10,KSW,K S W INC,KSW,221330.0,Q,A,R,50698,3,5070.0,,,,50.0,507.0,,,,,,,4.82,0.050109,6288.0,1.0,4.59,30308.16,KSW,10.0,4.0,5.0,4.0,3.0,1,10.0,1.0,1.0,7.0,3.0,9.0,2.0,3.0,9.0,5.0,10.0,9.0,3.0,10.0,8.0,4.0,8.0,9.0,8.0,7.0,,,,7.0,,,10.0,3.0,2.0,,5.0,3.0,,9.0,10.0,8.0,4.0,7.0,,,4.0,4.0,5.0,,1.0,10,9.0,10,1
2008-10-21,91231,,11,3,5070.0,48268R10,KSW,K S W INC,KSW,221330.0,Q,A,R,50698,3,5070.0,,,,50.0,507.0,,,,,,,4.65,-0.03527,6288.0,1.0,4.82,29239.2,KSW,10.0,4.0,5.0,4.0,3.0,1,10.0,1.0,1.0,7.0,3.0,9.0,2.0,3.0,9.0,5.0,10.0,9.0,3.0,10.0,8.0,4.0,8.0,9.0,8.0,7.0,,,,7.0,,,10.0,3.0,2.0,,5.0,3.0,,9.0,10.0,8.0,4.0,7.0,,,4.0,4.0,5.0,,1.0,10,9.0,10,1
2008-10-22,91231,,11,3,5070.0,48268R10,KSW,K S W INC,KSW,221330.0,Q,A,R,50698,3,5070.0,,,,50.0,507.0,,,,,,,4.62,-0.006452,6288.0,1.0,4.66,29050.56,KSW,10.0,4.0,5.0,4.0,3.0,1,10.0,1.0,1.0,7.0,3.0,9.0,2.0,3.0,9.0,5.0,10.0,9.0,3.0,10.0,8.0,4.0,8.0,9.0,8.0,7.0,,,,7.0,,,10.0,3.0,2.0,,5.0,3.0,,9.0,10.0,8.0,4.0,7.0,,,4.0,4.0,5.0,,1.0,10,9.0,10,1
2008-10-23,91231,,11,3,5070.0,48268R10,KSW,K S W INC,KSW,221330.0,Q,A,R,50698,3,5070.0,,,,50.0,507.0,,,,,,,4.75,0.028139,6288.0,1.0,4.81,29868.0,KSW,10.0,4.0,5.0,4.0,3.0,1,10.0,1.0,1.0,7.0,3.0,9.0,2.0,3.0,9.0,5.0,10.0,9.0,3.0,10.0,8.0,4.0,8.0,9.0,8.0,7.0,,,,7.0,,,10.0,3.0,2.0,,5.0,3.0,,9.0,10.0,8.0,4.0,7.0,,,4.0,4.0,5.0,,1.0,10,9.0,10,1
2008-10-24,91231,,11,3,5070.0,48268R10,KSW,K S W INC,KSW,221330.0,Q,A,R,50698,3,5070.0,,,,50.0,507.0,,,,,,,4.75,0.0,6288.0,1.0,4.4999,29868.0,KSW,10.0,4.0,5.0,4.0,3.0,1,10.0,1.0,1.0,7.0,3.0,9.0,2.0,3.0,9.0,5.0,10.0,9.0,3.0,10.0,8.0,4.0,8.0,9.0,8.0,7.0,,,,7.0,,,10.0,3.0,2.0,,5.0,3.0,,9.0,10.0,8.0,4.0,7.0,,,4.0,4.0,5.0,,1.0,10,9.0,10,1
2008-10-27,91231,,11,3,5070.0,48268R10,KSW,K S W INC,KSW,221330.0,Q,A,R,50698,3,5070.0,,,,50.0,507.0,,,,,,,4.73,-0.004211,6288.0,1.0,4.42,29742.24,KSW,10.0,4.0,5.0,4.0,3.0,1,10.0,1.0,1.0,7.0,3.0,9.0,2.0,3.0,9.0,5.0,10.0,9.0,3.0,10.0,8.0,4.0,8.0,9.0,8.0,7.0,,,,7.0,,,10.0,3.0,2.0,,5.0,3.0,,9.0,10.0,8.0,4.0,7.0,,,4.0,4.0,5.0,,1.0,10,9.0,10,1
2008-10-28,91231,,11,3,5070.0,48268R10,KSW,K S W INC,KSW,221330.0,Q,A,R,50698,3,5070.0,,,,50.0,507.0,,,,,,,4.75,0.004228,6288.0,1.0,4.5604,29868.0,KSW,10.0,4.0,5.0,4.0,3.0,1,10.0,1.0,1.0,7.0,3.0,9.0,2.0,3.0,9.0,5.0,10.0,9.0,3.0,10.0,8.0,4.0,8.0,9.0,8.0,7.0,,,,7.0,,,10.0,3.0,2.0,,5.0,3.0,,9.0,10.0,8.0,4.0,7.0,,,4.0,4.0,5.0,,1.0,10,9.0,10,1
2008-10-29,91231,,11,3,5070.0,48268R10,KSW,K S W INC,KSW,221330.0,Q,A,R,50698,3,5070.0,,,,50.0,507.0,,,,,,,4.75,0.0,6288.0,1.0,4.76,29868.0,KSW,10.0,4.0,5.0,4.0,3.0,1,10.0,1.0,1.0,7.0,3.0,9.0,2.0,3.0,9.0,5.0,10.0,9.0,3.0,10.0,8.0,4.0,8.0,9.0,8.0,7.0,,,,7.0,,,10.0,3.0,2.0,,5.0,3.0,,9.0,10.0,8.0,4.0,7.0,,,4.0,4.0,5.0,,1.0,10,9.0,10,1
2008-10-30,91231,,11,3,5070.0,48268R10,KSW,K S W INC,KSW,221330.0,Q,A,R,50698,3,5070.0,,,,50.0,507.0,,,,,,,4.6599,-0.018968,6288.0,1.0,4.7,29301.4512,KSW,10.0,4.0,5.0,4.0,3.0,1,10.0,1.0,1.0,7.0,3.0,9.0,2.0,3.0,9.0,5.0,10.0,9.0,3.0,10.0,8.0,4.0,8.0,9.0,8.0,7.0,,,,7.0,,,10.0,3.0,2.0,,5.0,3.0,,9.0,10.0,8.0,4.0,7.0,,,4.0,4.0,5.0,,1.0,10,9.0,10,1
2008-10-31,91231,,11,3,5070.0,48268R10,KSW,K S W INC,KSW,221330.0,Q,A,R,50698,3,5070.0,,,,50.0,507.0,,,,,,,4.75,0.019335,6288.0,1.0,4.73,29868.0,KSW,10.0,4.0,5.0,4.0,3.0,1,10.0,1.0,1.0,7.0,3.0,9.0,2.0,3.0,9.0,5.0,10.0,9.0,3.0,10.0,8.0,4.0,8.0,9.0,8.0,7.0,,,,7.0,,,10.0,3.0,2.0,,5.0,3.0,,9.0,10.0,8.0,4.0,7.0,,,4.0,4.0,5.0,,1.0,10,9.0,10,1
2008-11-03,91231,,11,3,5070.0,48268R10,KSW,K S W INC,KSW,221330.0,Q,A,R,50698,3,5070.0,,,,50.0,507.0,,,,,,,4.93,0.037895,6288.0,1.0,5.1,30999.84,KSW,10.0,4.0,5.0,4.0,3.0,1,10.0,1.0,1.0,7.0,3.0,9.0,2.0,3.0,9.0,5.0,10.0,9.0,3.0,10.0,8.0,4.0,8.0,9.0,8.0,7.0,,,,7.0,,,10.0,4.0,3.0,,4.0,3.0,,9.0,10.0,8.0,1.0,6.0,,,1.0,1.0,2.0,,2.0,10,9.0,10,1
2008-11-04,91231,,11,3,5070.0,48268R10,KSW,K S W INC,KSW,221330.0,Q,A,R,50698,3,5070.0,,,,50.0,507.0,,,,,,,5.12,0.03854,6288.0,1.0,4.97,32194.56,KSW,10.0,4.0,5.0,4.0,3.0,1,10.0,1.0,1.0,7.0,3.0,9.0,2.0,3.0,9.0,5.0,10.0,9.0,3.0,10.0,8.0,4.0,8.0,9.0,8.0,7.0,,,,7.0,,,10.0,4.0,3.0,,4.0,3.0,,9.0,10.0,8.0,1.0,6.0,,,1.0,1.0,2.0,,2.0,10,9.0,10,1
2008-11-05,91231,,11,3,5070.0,48268R10,KSW,K S W INC,KSW,221330.0,Q,A,R,50698,3,5070.0,,,,50.0,507.0,,,,,,,5.174,0.010547,6288.0,1.0,5.1,32534.112,KSW,10.0,4.0,5.0,4.0,3.0,1,10.0,1.0,1.0,7.0,3.0,9.0,2.0,3.0,9.0,5.0,10.0,9.0,3.0,10.0,8.0,4.0,8.0,9.0,8.0,7.0,,,,7.0,,,10.0,4.0,3.0,,4.0,3.0,,9.0,10.0,8.0,1.0,6.0,,,1.0,1.0,2.0,,2.0,10,9.0,10,1
2008-11-06,91231,,11,3,5070.0,48268R10,KSW,K S W INC,KSW,221330.0,Q,A,R,50698,3,5070.0,,,,50.0,507.0,,,,,,,5.0,-0.03363,6288.0,1.0,5.13,31440.0,KSW,10.0,4.0,5.0,4.0,3.0,1,10.0,1.0,1.0,7.0,3.0,9.0,2.0,3.0,9.0,5.0,10.0,9.0,3.0,10.0,8.0,4.0,8.0,9.0,8.0,7.0,,,,7.0,,,10.0,4.0,3.0,,4.0,3.0,,9.0,10.0,8.0,1.0,6.0,,,1.0,1.0,2.0,,2.0,10,9.0,10,1
2008-11-07,91231,,11,3,5070.0,48268R10,KSW,K S W INC,KSW,221330.0,Q,A,R,50698,3,5070.0,,,,50.0,507.0,,,,,,,5.0,0.0,6288.0,1.0,5.0,31440.0,KSW,10.0,4.0,5.0,4.0,3.0,1,10.0,1.0,1.0,7.0,3.0,9.0,2.0,3.0,9.0,5.0,10.0,9.0,3.0,10.0,8.0,4.0,8.0,9.0,8.0,7.0,,,,7.0,,,10.0,4.0,3.0,,4.0,3.0,,9.0,10.0,8.0,1.0,6.0,,,1.0,1.0,2.0,,2.0,10,9.0,10,1
2008-11-10,91231,,11,3,5070.0,48268R10,KSW,K S W INC,KSW,221330.0,Q,A,R,50698,3,5070.0,,,,50.0,507.0,,,,,,,4.99,-0.002,6288.0,1.0,5.0,31377.12,KSW,10.0,4.0,5.0,4.0,3.0,1,10.0,1.0,1.0,7.0,3.0,9.0,2.0,3.0,9.0,5.0,10.0,9.0,3.0,10.0,8.0,4.0,8.0,9.0,8.0,7.0,,,,7.0,,,10.0,4.0,3.0,,4.0,3.0,,9.0,10.0,8.0,1.0,6.0,,,1.0,1.0,2.0,,2.0,10,9.0,10,1
2008-11-11,91231,,11,3,5070.0,48268R10,KSW,K S W INC,KSW,221330.0,Q,A,R,50698,3,5070.0,,,,50.0,507.0,,,,,,,4.99,0.0,6288.0,1.0,4.99,31377.12,KSW,10.0,4.0,5.0,4.0,3.0,1,10.0,1.0,1.0,7.0,3.0,9.0,2.0,3.0,9.0,5.0,10.0,9.0,3.0,10.0,8.0,4.0,8.0,9.0,8.0,7.0,,,,7.0,,,10.0,4.0,3.0,,4.0,3.0,,9.0,10.0,8.0,1.0,6.0,,,1.0,1.0,2.0,,2.0,10,9.0,10,1
2008-11-12,91231,,11,3,5070.0,48268R10,KSW,K S W INC,KSW,221330.0,Q,A,R,50698,3,5070.0,,,,50.0,507.0,,,,,,,4.94,-0.01002,6288.0,1.0,4.97,31062.72,KSW,10.0,4.0,5.0,4.0,3.0,1,10.0,1.0,1.0,7.0,3.0,9.0,2.0,3.0,9.0,5.0,10.0,9.0,3.0,10.0,8.0,4.0,8.0,9.0,8.0,7.0,,,,7.0,,,10.0,4.0,3.0,,4.0,3.0,,9.0,10.0,8.0,1.0,6.0,,,1.0,1.0,2.0,,2.0,10,9.0,10,1
2008-11-13,91231,,11,3,5070.0,48268R10,KSW,K S W INC,KSW,221330.0,Q,A,R,50698,3,5070.0,,,,50.0,507.0,,,,,,,4.95,0.002024,6288.0,1.0,4.95,31125.6,KSW,10.0,4.0,5.0,4.0,3.0,1,10.0,1.0,1.0,7.0,3.0,9.0,2.0,3.0,9.0,5.0,10.0,9.0,3.0,10.0,8.0,4.0,8.0,9.0,8.0,7.0,,,,7.0,,,10.0,4.0,3.0,,4.0,3.0,,9.0,10.0,8.0,1.0,6.0,,,1.0,1.0,2.0,,2.0,10,9.0,10,1
2008-11-14,91231,,11,3,5070.0,48268R10,KSW,K S W INC,KSW,221330.0,Q,A,R,50698,3,5070.0,,,,50.0,507.0,,,,,,,4.94,-0.00202,6288.0,1.0,4.7401,31062.72,KSW,10.0,4.0,5.0,4.0,3.0,1,10.0,1.0,1.0,7.0,3.0,9.0,2.0,3.0,9.0,5.0,10.0,9.0,3.0,10.0,8.0,4.0,8.0,9.0,8.0,7.0,,,,7.0,,,10.0,4.0,3.0,,4.0,3.0,,9.0,10.0,8.0,1.0,6.0,,,1.0,1.0,2.0,,2.0,10,9.0,10,1
2008-11-17,91231,,11,3,5070.0,48268R10,KSW,K S W INC,KSW,221330.0,Q,A,R,50698,3,5070.0,,,,50.0,507.0,,,,,,,4.89,-0.010121,6288.0,1.0,4.92,30748.32,KSW,10.0,4.0,5.0,4.0,3.0,1,10.0,1.0,1.0,7.0,3.0,9.0,2.0,3.0,9.0,5.0,10.0,9.0,3.0,10.0,8.0,4.0,8.0,9.0,8.0,7.0,,,,7.0,,,10.0,4.0,3.0,,4.0,3.0,,9.0,10.0,8.0,1.0,6.0,,,1.0,1.0,2.0,,2.0,10,9.0,10,1
2008-11-18,91231,,11,3,5070.0,48268R10,KSW,K S W INC,KSW,221330.0,Q,A,R,50698,3,5070.0,,,,50.0,507.0,,,,,,,4.94,0.010225,6288.0,1.0,4.83,31062.72,KSW,10.0,4.0,5.0,4.0,3.0,1,10.0,1.0,1.0,7.0,3.0,9.0,2.0,3.0,9.0,5.0,10.0,9.0,3.0,10.0,8.0,4.0,8.0,9.0,8.0,7.0,,,,7.0,,,10.0,4.0,3.0,,4.0,3.0,,9.0,10.0,8.0,1.0,6.0,,,1.0,1.0,2.0,,2.0,10,9.0,10,1
2008-11-19,91231,,11,3,5070.0,48268R10,KSW,K S W INC,KSW,221330.0,Q,A,R,50698,3,5070.0,,,,50.0,507.0,,,,,,,4.9,-0.008097,6288.0,1.0,4.94,30811.2,KSW,10.0,4.0,5.0,4.0,3.0,1,10.0,1.0,1.0,7.0,3.0,9.0,2.0,3.0,9.0,5.0,10.0,9.0,3.0,10.0,8.0,4.0,8.0,9.0,8.0,7.0,,,,7.0,,,10.0,4.0,3.0,,4.0,3.0,,9.0,10.0,8.0,1.0,6.0,,,1.0,1.0,2.0,,2.0,10,9.0,10,1
2008-11-20,91231,,11,3,5070.0,48268R10,KSW,K S W INC,KSW,221330.0,Q,A,R,50698,3,5070.0,,,,50.0,507.0,,,,,,,4.83,-0.014286,6288.0,1.0,4.9,30371.04,KSW,10.0,4.0,5.0,4.0,3.0,1,10.0,1.0,1.0,7.0,3.0,9.0,2.0,3.0,9.0,5.0,10.0,9.0,3.0,10.0,8.0,4.0,8.0,9.0,8.0,7.0,,,,7.0,,,10.0,4.0,3.0,,4.0,3.0,,9.0,10.0,8.0,1.0,6.0,,,1.0,1.0,2.0,,2.0,10,9.0,10,1
2008-11-21,91231,,11,3,5070.0,48268R10,KSW,K S W INC,KSW,221330.0,Q,A,R,50698,3,5070.0,,,,50.0,507.0,,,,,,,4.43,-0.082816,6288.0,1.0,4.74,27855.84,KSW,10.0,4.0,5.0,4.0,3.0,1,10.0,1.0,1.0,7.0,3.0,9.0,2.0,3.0,9.0,5.0,10.0,9.0,3.0,10.0,8.0,4.0,8.0,9.0,8.0,7.0,,,,7.0,,,10.0,4.0,3.0,,4.0,3.0,,9.0,10.0,8.0,1.0,6.0,,,1.0,1.0,2.0,,2.0,10,9.0,10,1
2008-11-24,91231,,11,3,5070.0,48268R10,KSW,K S W INC,KSW,221330.0,Q,A,R,50698,3,5070.0,,,,50.0,507.0,,,,,,,4.7,0.060948,6288.0,1.0,4.4,29553.6,KSW,10.0,4.0,5.0,4.0,3.0,1,10.0,1.0,1.0,7.0,3.0,9.0,2.0,3.0,9.0,5.0,10.0,9.0,3.0,10.0,8.0,4.0,8.0,9.0,8.0,7.0,,,,7.0,,,10.0,4.0,3.0,,4.0,3.0,,9.0,10.0,8.0,1.0,6.0,,,1.0,1.0,2.0,,2.0,10,9.0,10,1
2008-11-25,91231,,11,3,5070.0,48268R10,KSW,K S W INC,KSW,221330.0,Q,A,R,50698,3,5070.0,,,,50.0,507.0,,,,,,,4.71,0.002128,6288.0,1.0,4.75,29616.48,KSW,10.0,4.0,5.0,4.0,3.0,1,10.0,1.0,1.0,7.0,3.0,9.0,2.0,3.0,9.0,5.0,10.0,9.0,3.0,10.0,8.0,4.0,8.0,9.0,8.0,7.0,,,,7.0,,,10.0,4.0,3.0,,4.0,3.0,,9.0,10.0,8.0,1.0,6.0,,,1.0,1.0,2.0,,2.0,10,9.0,10,1
2008-11-26,91231,,11,3,5070.0,48268R10,KSW,K S W INC,KSW,221330.0,Q,A,R,50698,3,5070.0,,,,50.0,507.0,,,,,,,4.73,0.004246,6288.0,1.0,4.74,29742.24,KSW,10.0,4.0,5.0,4.0,3.0,1,10.0,1.0,1.0,7.0,3.0,9.0,2.0,3.0,9.0,5.0,10.0,9.0,3.0,10.0,8.0,4.0,8.0,9.0,8.0,7.0,,,,7.0,,,10.0,4.0,3.0,,4.0,3.0,,9.0,10.0,8.0,1.0,6.0,,,1.0,1.0,2.0,,2.0,10,9.0,10,1
2008-11-28,91231,,11,3,5070.0,48268R10,KSW,K S W INC,KSW,221330.0,Q,A,R,50698,3,5070.0,,,,50.0,507.0,,,,,,,4.75,0.004228,6288.0,1.0,4.66,29868.0,KSW,10.0,4.0,5.0,4.0,3.0,1,10.0,1.0,1.0,7.0,3.0,9.0,2.0,3.0,9.0,5.0,10.0,9.0,3.0,10.0,8.0,4.0,8.0,9.0,8.0,7.0,,,,7.0,,,10.0,4.0,3.0,,4.0,3.0,,9.0,10.0,8.0,1.0,6.0,,,1.0,1.0,2.0,,2.0,10,9.0,10,1
2008-12-01,91231,,11,3,5070.0,48268R10,KSW,K S W INC,KSW,221330.0,Q,A,R,50698,3,5070.0,,,,50.0,507.0,,,,,,,4.74,-0.002105,6288.0,1.0,4.75,29805.12,KSW,10.0,4.0,5.0,4.0,3.0,1,10.0,1.0,1.0,7.0,3.0,9.0,2.0,3.0,9.0,5.0,10.0,9.0,3.0,10.0,8.0,4.0,8.0,9.0,8.0,7.0,,,,5.0,,,10.0,7.0,4.0,,4.0,4.0,,9.0,10.0,9.0,3.0,6.0,,,2.0,2.0,2.0,,2.0,10,9.0,10,1
2008-12-02,91231,,11,3,5070.0,48268R10,KSW,K S W INC,KSW,221330.0,Q,A,R,50698,3,5070.0,,,,50.0,507.0,,,,,,,4.72,-0.004219,6288.0,1.0,4.59,29679.36,KSW,10.0,4.0,5.0,4.0,3.0,1,10.0,1.0,1.0,7.0,3.0,9.0,2.0,3.0,9.0,5.0,10.0,9.0,3.0,10.0,8.0,4.0,8.0,9.0,8.0,7.0,,,,5.0,,,10.0,7.0,4.0,,4.0,4.0,,9.0,10.0,9.0,3.0,6.0,,,2.0,2.0,2.0,,2.0,10,9.0,10,1
2008-12-03,91231,,11,3,5070.0,48268R10,KSW,K S W INC,KSW,221330.0,Q,A,R,50698,3,5070.0,,,,50.0,507.0,,,,,,,4.73,0.002119,6288.0,1.0,4.61,29742.24,KSW,10.0,4.0,5.0,4.0,3.0,1,10.0,1.0,1.0,7.0,3.0,9.0,2.0,3.0,9.0,5.0,10.0,9.0,3.0,10.0,8.0,4.0,8.0,9.0,8.0,7.0,,,,5.0,,,10.0,7.0,4.0,,4.0,4.0,,9.0,10.0,9.0,3.0,6.0,,,2.0,2.0,2.0,,2.0,10,9.0,10,1
2008-12-04,91231,,11,3,5070.0,48268R10,KSW,K S W INC,KSW,221330.0,Q,A,R,50698,3,5070.0,,,,50.0,507.0,,,,,,,4.73,0.0,6288.0,1.0,4.5,29742.24,KSW,10.0,4.0,5.0,4.0,3.0,1,10.0,1.0,1.0,7.0,3.0,9.0,2.0,3.0,9.0,5.0,10.0,9.0,3.0,10.0,8.0,4.0,8.0,9.0,8.0,7.0,,,,5.0,,,10.0,7.0,4.0,,4.0,4.0,,9.0,10.0,9.0,3.0,6.0,,,2.0,2.0,2.0,,2.0,10,9.0,10,1
2008-12-05,91231,,11,3,5070.0,48268R10,KSW,K S W INC,KSW,221330.0,Q,A,R,50698,3,5070.0,,,,50.0,507.0,,,,,,,4.73,0.0,6288.0,1.0,4.52,29742.24,KSW,10.0,4.0,5.0,4.0,3.0,1,10.0,1.0,1.0,7.0,3.0,9.0,2.0,3.0,9.0,5.0,10.0,9.0,3.0,10.0,8.0,4.0,8.0,9.0,8.0,7.0,,,,5.0,,,10.0,7.0,4.0,,4.0,4.0,,9.0,10.0,9.0,3.0,6.0,,,2.0,2.0,2.0,,2.0,10,9.0,10,1
2008-12-08,91231,,11,3,5070.0,48268R10,KSW,K S W INC,KSW,221330.0,Q,A,R,50698,3,5070.0,,,,50.0,507.0,,,,,,,4.74,0.002114,6288.0,1.0,4.69,29805.12,KSW,10.0,4.0,5.0,4.0,3.0,1,10.0,1.0,1.0,7.0,3.0,9.0,2.0,3.0,9.0,5.0,10.0,9.0,3.0,10.0,8.0,4.0,8.0,9.0,8.0,7.0,,,,5.0,,,10.0,7.0,4.0,,4.0,4.0,,9.0,10.0,9.0,3.0,6.0,,,2.0,2.0,2.0,,2.0,10,9.0,10,1
2008-12-09,91231,,11,3,5070.0,48268R10,KSW,K S W INC,KSW,221330.0,Q,A,R,50698,3,5070.0,,,,50.0,507.0,,,,,,,4.73,-0.00211,6288.0,1.0,4.52,29742.24,KSW,10.0,4.0,5.0,4.0,3.0,1,10.0,1.0,1.0,7.0,3.0,9.0,2.0,3.0,9.0,5.0,10.0,9.0,3.0,10.0,8.0,4.0,8.0,9.0,8.0,7.0,,,,5.0,,,10.0,7.0,4.0,,4.0,4.0,,9.0,10.0,9.0,3.0,6.0,,,2.0,2.0,2.0,,2.0,10,9.0,10,1
2008-12-10,91231,,11,3,5070.0,48268R10,KSW,K S W INC,KSW,221330.0,Q,A,R,50698,3,5070.0,,,,50.0,507.0,,,,,,,4.69,-0.008457,6288.0,1.0,4.69,29490.72,KSW,10.0,4.0,5.0,4.0,3.0,1,10.0,1.0,1.0,7.0,3.0,9.0,2.0,3.0,9.0,5.0,10.0,9.0,3.0,10.0,8.0,4.0,8.0,9.0,8.0,7.0,,,,5.0,,,10.0,7.0,4.0,,4.0,4.0,,9.0,10.0,9.0,3.0,6.0,,,2.0,2.0,2.0,,2.0,10,9.0,10,1
2008-12-11,91231,,11,3,5070.0,48268R10,KSW,K S W INC,KSW,221330.0,Q,A,R,50698,3,5070.0,,,,50.0,507.0,,,,,,,4.35,-0.072495,6288.0,1.0,4.56,27352.8,KSW,10.0,4.0,5.0,4.0,3.0,1,10.0,1.0,1.0,7.0,3.0,9.0,2.0,3.0,9.0,5.0,10.0,9.0,3.0,10.0,8.0,4.0,8.0,9.0,8.0,7.0,,,,5.0,,,10.0,7.0,4.0,,4.0,4.0,,9.0,10.0,9.0,3.0,6.0,,,2.0,2.0,2.0,,2.0,10,9.0,10,1
2008-12-12,91231,,11,3,5070.0,48268R10,KSW,K S W INC,KSW,221330.0,Q,A,R,50698,3,5070.0,,,,50.0,507.0,,,,,,,4.5,0.034483,6288.0,1.0,4.36,28296.0,KSW,10.0,4.0,5.0,4.0,3.0,1,10.0,1.0,1.0,7.0,3.0,9.0,2.0,3.0,9.0,5.0,10.0,9.0,3.0,10.0,8.0,4.0,8.0,9.0,8.0,7.0,,,,5.0,,,10.0,7.0,4.0,,4.0,4.0,,9.0,10.0,9.0,3.0,6.0,,,2.0,2.0,2.0,,2.0,10,9.0,10,1
2008-12-15,91231,,11,3,5070.0,48268R10,KSW,K S W INC,KSW,221330.0,Q,A,R,50698,3,5070.0,,,,50.0,507.0,,,,,,,3.88,-0.137778,6288.0,1.0,4.41,24397.44,KSW,10.0,4.0,5.0,4.0,3.0,1,10.0,1.0,1.0,7.0,3.0,9.0,2.0,3.0,9.0,5.0,10.0,9.0,3.0,10.0,8.0,4.0,8.0,9.0,8.0,7.0,,,,5.0,,,10.0,7.0,4.0,,4.0,4.0,,9.0,10.0,9.0,3.0,6.0,,,2.0,2.0,2.0,,2.0,10,9.0,10,1
2008-12-16,91231,,11,3,5070.0,48268R10,KSW,K S W INC,KSW,221330.0,Q,A,R,50698,3,5070.0,,,,50.0,507.0,,,,,,,3.88,0.0,6288.0,1.0,3.92,24397.44,KSW,10.0,4.0,5.0,4.0,3.0,1,10.0,1.0,1.0,7.0,3.0,9.0,2.0,3.0,9.0,5.0,10.0,9.0,3.0,10.0,8.0,4.0,8.0,9.0,8.0,7.0,,,,5.0,,,10.0,7.0,4.0,,4.0,4.0,,9.0,10.0,9.0,3.0,6.0,,,2.0,2.0,2.0,,2.0,10,9.0,10,1
2008-12-17,91231,,11,3,5070.0,48268R10,KSW,K S W INC,KSW,221330.0,Q,A,R,50698,3,5070.0,,,,50.0,507.0,,,,,,,3.37,-0.131443,6288.0,1.0,3.75,21190.56,KSW,10.0,4.0,5.0,4.0,3.0,1,10.0,1.0,1.0,7.0,3.0,9.0,2.0,3.0,9.0,5.0,10.0,9.0,3.0,10.0,8.0,4.0,8.0,9.0,8.0,7.0,,,,5.0,,,10.0,7.0,4.0,,4.0,4.0,,9.0,10.0,9.0,3.0,6.0,,,2.0,2.0,2.0,,2.0,10,9.0,10,1
2008-12-18,91231,,11,3,5070.0,48268R10,KSW,K S W INC,KSW,221330.0,Q,A,R,50698,3,5070.0,,,,50.0,507.0,,,,,,,3.43,0.017804,6288.0,1.0,3.39,21567.84,KSW,10.0,4.0,5.0,4.0,3.0,1,10.0,1.0,1.0,7.0,3.0,9.0,2.0,3.0,9.0,5.0,10.0,9.0,3.0,10.0,8.0,4.0,8.0,9.0,8.0,7.0,,,,5.0,,,10.0,7.0,4.0,,4.0,4.0,,9.0,10.0,9.0,3.0,6.0,,,2.0,2.0,2.0,,2.0,10,9.0,10,1
2008-12-19,91231,,11,3,5070.0,48268R10,KSW,K S W INC,KSW,221330.0,Q,A,R,50698,3,5070.0,,,,50.0,507.0,,,,,,,2.67,-0.221574,6288.0,1.0,3.15,16788.96,KSW,10.0,4.0,5.0,4.0,3.0,1,10.0,1.0,1.0,7.0,3.0,9.0,2.0,3.0,9.0,5.0,10.0,9.0,3.0,10.0,8.0,4.0,8.0,9.0,8.0,7.0,,,,5.0,,,10.0,7.0,4.0,,4.0,4.0,,9.0,10.0,9.0,3.0,6.0,,,2.0,2.0,2.0,,2.0,10,9.0,10,1
2008-12-22,91231,,11,3,5070.0,48268R10,KSW,K S W INC,KSW,221330.0,Q,A,R,50698,3,5070.0,,,,50.0,507.0,,,,,,,2.58,-0.033708,6288.0,1.0,2.7,16223.04,KSW,10.0,4.0,5.0,4.0,3.0,1,10.0,1.0,1.0,7.0,3.0,9.0,2.0,3.0,9.0,5.0,10.0,9.0,3.0,10.0,8.0,4.0,8.0,9.0,8.0,7.0,,,,5.0,,,10.0,7.0,4.0,,4.0,4.0,,9.0,10.0,9.0,3.0,6.0,,,2.0,2.0,2.0,,2.0,10,9.0,10,1
2008-12-23,91231,,11,3,5070.0,48268R10,KSW,K S W INC,KSW,221330.0,Q,A,R,50698,3,5070.0,,,,50.0,507.0,,,,,,,2.82,0.093023,6288.0,1.0,2.67,17732.16,KSW,10.0,4.0,5.0,4.0,3.0,1,10.0,1.0,1.0,7.0,3.0,9.0,2.0,3.0,9.0,5.0,10.0,9.0,3.0,10.0,8.0,4.0,8.0,9.0,8.0,7.0,,,,5.0,,,10.0,7.0,4.0,,4.0,4.0,,9.0,10.0,9.0,3.0,6.0,,,2.0,2.0,2.0,,2.0,10,9.0,10,1
2008-12-24,91231,,11,3,5070.0,48268R10,KSW,K S W INC,KSW,221330.0,Q,A,R,50698,3,5070.0,,,,50.0,507.0,,,,,,,2.89,0.024823,6288.0,1.0,2.79,18172.32,KSW,10.0,4.0,5.0,4.0,3.0,1,10.0,1.0,1.0,7.0,3.0,9.0,2.0,3.0,9.0,5.0,10.0,9.0,3.0,10.0,8.0,4.0,8.0,9.0,8.0,7.0,,,,5.0,,,10.0,7.0,4.0,,4.0,4.0,,9.0,10.0,9.0,3.0,6.0,,,2.0,2.0,2.0,,2.0,10,9.0,10,1
2008-12-26,91231,,11,3,5070.0,48268R10,KSW,K S W INC,KSW,221330.0,Q,A,R,50698,3,5070.0,,,,50.0,507.0,,,,,,,2.99,0.034602,6288.0,1.0,2.89,18801.12,KSW,10.0,4.0,5.0,4.0,3.0,1,10.0,1.0,1.0,7.0,3.0,9.0,2.0,3.0,9.0,5.0,10.0,9.0,3.0,10.0,8.0,4.0,8.0,9.0,8.0,7.0,,,,5.0,,,10.0,7.0,4.0,,4.0,4.0,,9.0,10.0,9.0,3.0,6.0,,,2.0,2.0,2.0,,2.0,10,9.0,10,1
2008-12-29,91231,,11,3,5070.0,48268R10,KSW,K S W INC,KSW,221330.0,Q,A,R,50698,3,5070.0,,,,50.0,507.0,,,,,,,2.81,-0.060201,6288.0,1.0,2.9,17669.28,KSW,10.0,4.0,5.0,4.0,3.0,1,10.0,1.0,1.0,7.0,3.0,9.0,2.0,3.0,9.0,5.0,10.0,9.0,3.0,10.0,8.0,4.0,8.0,9.0,8.0,7.0,,,,5.0,,,10.0,7.0,4.0,,4.0,4.0,,9.0,10.0,9.0,3.0,6.0,,,2.0,2.0,2.0,,2.0,10,9.0,10,1
2008-12-30,91231,,11,3,5070.0,48268R10,KSW,K S W INC,KSW,221330.0,Q,A,R,50698,3,5070.0,,,,50.0,507.0,,,,,,,2.99,0.064057,6288.0,1.0,3.02,18801.12,KSW,10.0,4.0,5.0,4.0,3.0,1,10.0,1.0,1.0,7.0,3.0,9.0,2.0,3.0,9.0,5.0,10.0,9.0,3.0,10.0,8.0,4.0,8.0,9.0,8.0,7.0,,,,5.0,,,10.0,7.0,4.0,,4.0,4.0,,9.0,10.0,9.0,3.0,6.0,,,2.0,2.0,2.0,,2.0,10,9.0,10,1
2008-12-31,91231,,11,3,5070.0,48268R10,KSW,K S W INC,KSW,221330.0,Q,A,R,50698,3,5070.0,,,,50.0,507.0,,,,,,,2.98,-0.003344,6281.0,1.0,2.91,18717.38,KSW,10.0,4.0,5.0,4.0,3.0,1,10.0,1.0,1.0,7.0,3.0,9.0,2.0,3.0,9.0,5.0,10.0,9.0,3.0,10.0,8.0,4.0,8.0,9.0,8.0,7.0,,,,5.0,,,10.0,7.0,4.0,,4.0,4.0,,9.0,10.0,9.0,3.0,6.0,,,2.0,2.0,2.0,,2.0,10,9.0,10,1
2009-01-02,91231,,11,3,5070.0,48268R10,KSW,K S W INC,KSW,221330.0,Q,A,R,50698,3,5070.0,,,,50.0,507.0,,,,,,,2.95,-0.010067,6281.0,1.0,3.0,18528.95,KSW,10.0,4.0,5.0,4.0,3.0,1,10.0,1.0,1.0,7.0,3.0,9.0,2.0,3.0,9.0,5.0,10.0,9.0,3.0,10.0,8.0,4.0,8.0,9.0,8.0,7.0,,,,5.0,,,10.0,7.0,5.0,,6.0,4.0,,9.0,10.0,9.0,10.0,3.0,,,10.0,,,,2.0,10,9.0,10,1
2009-01-05,91231,,11,3,5070.0,48268R10,KSW,K S W INC,KSW,221330.0,Q,A,R,50698,3,5070.0,,,,50.0,507.0,,,,,,,3.0,0.016949,6281.0,1.0,2.95,18843.0,KSW,10.0,4.0,5.0,4.0,3.0,1,10.0,1.0,1.0,7.0,3.0,9.0,2.0,3.0,9.0,5.0,10.0,9.0,3.0,10.0,8.0,4.0,8.0,9.0,8.0,7.0,,,,5.0,,,10.0,7.0,5.0,,6.0,4.0,,9.0,10.0,9.0,10.0,3.0,,,10.0,,,,2.0,10,9.0,10,1
2009-01-06,91231,,11,3,5070.0,48268R10,KSW,K S W INC,KSW,221330.0,Q,A,R,50698,3,5070.0,,,,50.0,507.0,,,,,,,2.9101,-0.029967,6281.0,1.0,2.95,18278.3381,KSW,10.0,4.0,5.0,4.0,3.0,1,10.0,1.0,1.0,7.0,3.0,9.0,2.0,3.0,9.0,5.0,10.0,9.0,3.0,10.0,8.0,4.0,8.0,9.0,8.0,7.0,,,,5.0,,,10.0,7.0,5.0,,6.0,4.0,,9.0,10.0,9.0,10.0,3.0,,,10.0,,,,2.0,10,9.0,10,1
2009-01-07,91231,,11,3,5070.0,48268R10,KSW,K S W INC,KSW,221330.0,Q,A,R,50698,3,5070.0,,,,50.0,507.0,,,,,,,2.95,0.013711,6281.0,1.0,2.95,18528.95,KSW,10.0,4.0,5.0,4.0,3.0,1,10.0,1.0,1.0,7.0,3.0,9.0,2.0,3.0,9.0,5.0,10.0,9.0,3.0,10.0,8.0,4.0,8.0,9.0,8.0,7.0,,,,5.0,,,10.0,7.0,5.0,,6.0,4.0,,9.0,10.0,9.0,10.0,3.0,,,10.0,,,,2.0,10,9.0,10,1
2009-01-08,91231,,11,3,5070.0,48268R10,KSW,K S W INC,KSW,221330.0,Q,A,R,50698,3,5070.0,,,,50.0,507.0,,,,,,,2.9299,-0.006814,6281.0,1.0,2.9,18402.7019,KSW,10.0,4.0,5.0,4.0,3.0,1,10.0,1.0,1.0,7.0,3.0,9.0,2.0,3.0,9.0,5.0,10.0,9.0,3.0,10.0,8.0,4.0,8.0,9.0,8.0,7.0,,,,5.0,,,10.0,7.0,5.0,,6.0,4.0,,9.0,10.0,9.0,10.0,3.0,,,10.0,,,,2.0,10,9.0,10,1
2009-01-09,91231,,11,3,5070.0,48268R10,KSW,K S W INC,KSW,221330.0,Q,A,R,50698,3,5070.0,,,,50.0,507.0,,,,,,,2.98,0.0171,6281.0,1.0,2.94,18717.38,KSW,10.0,4.0,5.0,4.0,3.0,1,10.0,1.0,1.0,7.0,3.0,9.0,2.0,3.0,9.0,5.0,10.0,9.0,3.0,10.0,8.0,4.0,8.0,9.0,8.0,7.0,,,,5.0,,,10.0,7.0,5.0,,6.0,4.0,,9.0,10.0,9.0,10.0,3.0,,,10.0,,,,2.0,10,9.0,10,1
2009-01-12,91231,,11,3,5070.0,48268R10,KSW,K S W INC,KSW,221330.0,Q,A,R,50698,3,5070.0,,,,50.0,507.0,,,,,,,2.95,-0.010067,6281.0,1.0,2.93,18528.95,KSW,10.0,4.0,5.0,4.0,3.0,1,10.0,1.0,1.0,7.0,3.0,9.0,2.0,3.0,9.0,5.0,10.0,9.0,3.0,10.0,8.0,4.0,8.0,9.0,8.0,7.0,,,,5.0,,,10.0,7.0,5.0,,6.0,4.0,,9.0,10.0,9.0,10.0,3.0,,,10.0,,,,2.0,10,9.0,10,1
2009-01-13,91231,,11,3,5070.0,48268R10,KSW,K S W INC,KSW,221330.0,Q,A,R,50698,3,5070.0,,,,50.0,507.0,,,,,,,2.99,0.013559,6281.0,1.0,2.87,18780.19,KSW,10.0,4.0,5.0,4.0,3.0,1,10.0,1.0,1.0,7.0,3.0,9.0,2.0,3.0,9.0,5.0,10.0,9.0,3.0,10.0,8.0,4.0,8.0,9.0,8.0,7.0,,,,5.0,,,10.0,7.0,5.0,,6.0,4.0,,9.0,10.0,9.0,10.0,3.0,,,10.0,,,,2.0,10,9.0,10,1
2009-01-14,91231,,11,3,5070.0,48268R10,KSW,K S W INC,KSW,221330.0,Q,A,R,50698,3,5070.0,,,,50.0,507.0,,,,,,,2.96,-0.010033,6281.0,1.0,2.8601,18591.76,KSW,10.0,4.0,5.0,4.0,3.0,1,10.0,1.0,1.0,7.0,3.0,9.0,2.0,3.0,9.0,5.0,10.0,9.0,3.0,10.0,8.0,4.0,8.0,9.0,8.0,7.0,,,,5.0,,,10.0,7.0,5.0,,6.0,4.0,,9.0,10.0,9.0,10.0,3.0,,,10.0,,,,2.0,10,9.0,10,1
2009-01-15,91231,,11,3,5070.0,48268R10,KSW,K S W INC,KSW,221330.0,Q,A,R,50698,3,5070.0,,,,50.0,507.0,,,,,,,2.9,-0.02027,6281.0,1.0,2.97,18214.9,KSW,10.0,4.0,5.0,4.0,3.0,1,10.0,1.0,1.0,7.0,3.0,9.0,2.0,3.0,9.0,5.0,10.0,9.0,3.0,10.0,8.0,4.0,8.0,9.0,8.0,7.0,,,,5.0,,,10.0,7.0,5.0,,6.0,4.0,,9.0,10.0,9.0,10.0,3.0,,,10.0,,,,2.0,10,9.0,10,1
2009-01-16,91231,,11,3,5070.0,48268R10,KSW,K S W INC,KSW,221330.0,Q,A,R,50698,3,5070.0,,,,50.0,507.0,,,,,,,2.97,0.024138,6281.0,1.0,2.97,18654.57,KSW,10.0,4.0,5.0,4.0,3.0,1,10.0,1.0,1.0,7.0,3.0,9.0,2.0,3.0,9.0,5.0,10.0,9.0,3.0,10.0,8.0,4.0,8.0,9.0,8.0,7.0,,,,5.0,,,10.0,7.0,5.0,,6.0,4.0,,9.0,10.0,9.0,10.0,3.0,,,10.0,,,,2.0,10,9.0,10,1
2009-01-20,91231,,11,3,5070.0,48268R10,KSW,K S W INC,KSW,221330.0,Q,A,R,50698,3,5070.0,,,,50.0,507.0,,,,,,,3.01,0.013468,6281.0,1.0,2.95,18905.81,KSW,10.0,4.0,5.0,4.0,3.0,1,10.0,1.0,1.0,7.0,3.0,9.0,2.0,3.0,9.0,5.0,10.0,9.0,3.0,10.0,8.0,4.0,8.0,9.0,8.0,7.0,,,,5.0,,,10.0,7.0,5.0,,6.0,4.0,,9.0,10.0,9.0,10.0,3.0,,,10.0,,,,2.0,10,9.0,10,1
2009-01-21,91231,,11,3,5070.0,48268R10,KSW,K S W INC,KSW,221330.0,Q,A,R,50698,3,5070.0,,,,50.0,507.0,,,,,,,3.0499,0.013256,6281.0,1.0,3.0,19156.4219,KSW,10.0,4.0,5.0,4.0,3.0,1,10.0,1.0,1.0,7.0,3.0,9.0,2.0,3.0,9.0,5.0,10.0,9.0,3.0,10.0,8.0,4.0,8.0,9.0,8.0,7.0,,,,5.0,,,10.0,7.0,5.0,,6.0,4.0,,9.0,10.0,9.0,10.0,3.0,,,10.0,,,,2.0,10,9.0,10,1
2009-01-22,91231,,11,3,5070.0,48268R10,KSW,K S W INC,KSW,221330.0,Q,A,R,50698,3,5070.0,,,,50.0,507.0,,,,,,,2.8,-0.081937,6281.0,1.0,3.0,17586.8,KSW,10.0,4.0,5.0,4.0,3.0,1,10.0,1.0,1.0,7.0,3.0,9.0,2.0,3.0,9.0,5.0,10.0,9.0,3.0,10.0,8.0,4.0,8.0,9.0,8.0,7.0,,,,5.0,,,10.0,7.0,5.0,,6.0,4.0,,9.0,10.0,9.0,10.0,3.0,,,10.0,,,,2.0,10,9.0,10,1
2009-01-23,91231,,11,3,5070.0,48268R10,KSW,K S W INC,KSW,221330.0,Q,A,R,50698,3,5070.0,,,,50.0,507.0,,,,,,,2.87,0.025,6281.0,1.0,2.77,18026.47,KSW,10.0,4.0,5.0,4.0,3.0,1,10.0,1.0,1.0,7.0,3.0,9.0,2.0,3.0,9.0,5.0,10.0,9.0,3.0,10.0,8.0,4.0,8.0,9.0,8.0,7.0,,,,5.0,,,10.0,7.0,5.0,,6.0,4.0,,9.0,10.0,9.0,10.0,3.0,,,10.0,,,,2.0,10,9.0,10,1
2009-01-26,91231,,11,3,5070.0,48268R10,KSW,K S W INC,KSW,221330.0,Q,A,R,50698,3,5070.0,,,,50.0,507.0,,,,,,,2.86,-0.003484,6281.0,1.0,2.87,17963.66,KSW,10.0,4.0,5.0,4.0,3.0,1,10.0,1.0,1.0,7.0,3.0,9.0,2.0,3.0,9.0,5.0,10.0,9.0,3.0,10.0,8.0,4.0,8.0,9.0,8.0,7.0,,,,5.0,,,10.0,7.0,5.0,,6.0,4.0,,9.0,10.0,9.0,10.0,3.0,,,10.0,,,,2.0,10,9.0,10,1
2009-01-27,91231,,11,3,5070.0,48268R10,KSW,K S W INC,KSW,221330.0,Q,A,R,50698,3,5070.0,,,,50.0,507.0,,,,,,,2.75,-0.038462,6281.0,1.0,2.8,17272.75,KSW,10.0,4.0,5.0,4.0,3.0,1,10.0,1.0,1.0,7.0,3.0,9.0,2.0,3.0,9.0,5.0,10.0,9.0,3.0,10.0,8.0,4.0,8.0,9.0,8.0,7.0,,,,5.0,,,10.0,7.0,5.0,,6.0,4.0,,9.0,10.0,9.0,10.0,3.0,,,10.0,,,,2.0,10,9.0,10,1
2009-01-28,91231,,11,3,5070.0,48268R10,KSW,K S W INC,KSW,221330.0,Q,A,R,50698,3,5070.0,,,,50.0,507.0,,,,,,,2.65,-0.036364,6281.0,1.0,2.75,16644.65,KSW,10.0,4.0,5.0,4.0,3.0,1,10.0,1.0,1.0,7.0,3.0,9.0,2.0,3.0,9.0,5.0,10.0,9.0,3.0,10.0,8.0,4.0,8.0,9.0,8.0,7.0,,,,5.0,,,10.0,7.0,5.0,,6.0,4.0,,9.0,10.0,9.0,10.0,3.0,,,10.0,,,,2.0,10,9.0,10,1
2009-01-29,91231,,11,3,5070.0,48268R10,KSW,K S W INC,KSW,221330.0,Q,A,R,50698,3,5070.0,,,,50.0,507.0,,,,,,,2.62,-0.011321,6281.0,1.0,2.618,16456.22,KSW,10.0,4.0,5.0,4.0,3.0,1,10.0,1.0,1.0,7.0,3.0,9.0,2.0,3.0,9.0,5.0,10.0,9.0,3.0,10.0,8.0,4.0,8.0,9.0,8.0,7.0,,,,5.0,,,10.0,7.0,5.0,,6.0,4.0,,9.0,10.0,9.0,10.0,3.0,,,10.0,,,,2.0,10,9.0,10,1
2009-01-30,91231,,11,3,5070.0,48268R10,KSW,K S W INC,KSW,221330.0,Q,A,R,50698,3,5070.0,,,,50.0,507.0,,,,,,,2.67,0.019084,6281.0,1.0,2.68,16770.27,KSW,10.0,4.0,5.0,4.0,3.0,1,10.0,1.0,1.0,7.0,3.0,9.0,2.0,3.0,9.0,5.0,10.0,9.0,3.0,10.0,8.0,4.0,8.0,9.0,8.0,7.0,,,,5.0,,,10.0,7.0,5.0,,6.0,4.0,,9.0,10.0,9.0,10.0,3.0,,,10.0,,,,2.0,10,9.0,10,1
2009-02-02,91231,,11,3,5070.0,48268R10,KSW,K S W INC,KSW,221330.0,Q,A,R,50698,3,5070.0,,,,50.0,507.0,,,,,,,2.67,0.0,6281.0,1.0,2.65,16770.27,KSW,10.0,4.0,5.0,4.0,3.0,1,10.0,1.0,1.0,7.0,3.0,9.0,2.0,3.0,9.0,5.0,10.0,9.0,3.0,10.0,8.0,4.0,8.0,9.0,8.0,7.0,,,,7.0,,,10.0,4.0,5.0,,6.0,4.0,,10.0,9.0,9.0,6.0,4.0,,,8.0,,,,2.0,10,9.0,10,1
2009-02-03,91231,,11,3,5070.0,48268R10,KSW,K S W INC,KSW,221330.0,Q,A,R,50698,3,5070.0,,,,50.0,507.0,,,,,,,2.61,-0.022472,6281.0,1.0,2.635,16393.41,KSW,10.0,4.0,5.0,4.0,3.0,1,10.0,1.0,1.0,7.0,3.0,9.0,2.0,3.0,9.0,5.0,10.0,9.0,3.0,10.0,8.0,4.0,8.0,9.0,8.0,7.0,,,,7.0,,,10.0,4.0,5.0,,6.0,4.0,,10.0,9.0,9.0,6.0,4.0,,,8.0,,,,2.0,10,9.0,10,1
2009-02-04,91231,,11,3,5070.0,48268R10,KSW,K S W INC,KSW,221330.0,Q,A,R,50698,3,5070.0,,,,50.0,507.0,,,,,,,2.63,0.007663,6281.0,1.0,2.6,16519.03,KSW,10.0,4.0,5.0,4.0,3.0,1,10.0,1.0,1.0,7.0,3.0,9.0,2.0,3.0,9.0,5.0,10.0,9.0,3.0,10.0,8.0,4.0,8.0,9.0,8.0,7.0,,,,7.0,,,10.0,4.0,5.0,,6.0,4.0,,10.0,9.0,9.0,6.0,4.0,,,8.0,,,,2.0,10,9.0,10,1
2009-02-05,91231,,11,3,5070.0,48268R10,KSW,K S W INC,KSW,221330.0,Q,A,R,50698,3,5070.0,,,,50.0,507.0,,,,,,,2.65,0.007605,6281.0,1.0,2.63,16644.65,KSW,10.0,4.0,5.0,4.0,3.0,1,10.0,1.0,1.0,7.0,3.0,9.0,2.0,3.0,9.0,5.0,10.0,9.0,3.0,10.0,8.0,4.0,8.0,9.0,8.0,7.0,,,,7.0,,,10.0,4.0,5.0,,6.0,4.0,,10.0,9.0,9.0,6.0,4.0,,,8.0,,,,2.0,10,9.0,10,1
2009-02-06,91231,,11,3,5070.0,48268R10,KSW,K S W INC,KSW,221330.0,Q,A,R,50698,3,5070.0,,,,50.0,507.0,,,,,,,2.6299,-0.007585,6281.0,1.0,2.64,16518.4019,KSW,10.0,4.0,5.0,4.0,3.0,1,10.0,1.0,1.0,7.0,3.0,9.0,2.0,3.0,9.0,5.0,10.0,9.0,3.0,10.0,8.0,4.0,8.0,9.0,8.0,7.0,,,,7.0,,,10.0,4.0,5.0,,6.0,4.0,,10.0,9.0,9.0,6.0,4.0,,,8.0,,,,2.0,10,9.0,10,1
2009-02-09,91231,,11,3,5070.0,48268R10,KSW,K S W INC,KSW,221330.0,Q,A,R,50698,3,5070.0,,,,50.0,507.0,,,,,,,2.65,0.007643,6281.0,1.0,2.66,16644.65,KSW,10.0,4.0,5.0,4.0,3.0,1,10.0,1.0,1.0,7.0,3.0,9.0,2.0,3.0,9.0,5.0,10.0,9.0,3.0,10.0,8.0,4.0,8.0,9.0,8.0,7.0,,,,7.0,,,10.0,4.0,5.0,,6.0,4.0,,10.0,9.0,9.0,6.0,4.0,,,8.0,,,,2.0,10,9.0,10,1
2009-02-10,91231,,11,3,5070.0,48268R10,KSW,K S W INC,KSW,221330.0,Q,A,R,50698,3,5070.0,,,,50.0,507.0,,,,,,,2.67,0.007547,6281.0,1.0,2.62,16770.27,KSW,10.0,4.0,5.0,4.0,3.0,1,10.0,1.0,1.0,7.0,3.0,9.0,2.0,3.0,9.0,5.0,10.0,9.0,3.0,10.0,8.0,4.0,8.0,9.0,8.0,7.0,,,,7.0,,,10.0,4.0,5.0,,6.0,4.0,,10.0,9.0,9.0,6.0,4.0,,,8.0,,,,2.0,10,9.0,10,1
2009-02-11,91231,,11,3,5070.0,48268R10,KSW,K S W INC,KSW,221330.0,Q,A,R,50698,3,5070.0,,,,50.0,507.0,,,,,,,2.69,0.007491,6281.0,1.0,2.67,16895.89,KSW,10.0,4.0,5.0,4.0,3.0,1,10.0,1.0,1.0,7.0,3.0,9.0,2.0,3.0,9.0,5.0,10.0,9.0,3.0,10.0,8.0,4.0,8.0,9.0,8.0,7.0,,,,7.0,,,10.0,4.0,5.0,,6.0,4.0,,10.0,9.0,9.0,6.0,4.0,,,8.0,,,,2.0,10,9.0,10,1
2009-02-12,91231,,11,3,5070.0,48268R10,KSW,K S W INC,KSW,221330.0,Q,A,R,50698,3,5070.0,,,,50.0,507.0,,,,,,,2.51,-0.066915,6281.0,1.0,2.69,15765.31,KSW,10.0,4.0,5.0,4.0,3.0,1,10.0,1.0,1.0,7.0,3.0,9.0,2.0,3.0,9.0,5.0,10.0,9.0,3.0,10.0,8.0,4.0,8.0,9.0,8.0,7.0,,,,7.0,,,10.0,4.0,5.0,,6.0,4.0,,10.0,9.0,9.0,6.0,4.0,,,8.0,,,,2.0,10,9.0,10,1
2009-02-13,91231,,11,3,5070.0,48268R10,KSW,K S W INC,KSW,221330.0,Q,A,R,50698,3,5070.0,,,,50.0,507.0,,,,,,,2.6,0.035857,6281.0,1.0,2.5099,16330.6,KSW,10.0,4.0,5.0,4.0,3.0,1,10.0,1.0,1.0,7.0,3.0,9.0,2.0,3.0,9.0,5.0,10.0,9.0,3.0,10.0,8.0,4.0,8.0,9.0,8.0,7.0,,,,7.0,,,10.0,4.0,5.0,,6.0,4.0,,10.0,9.0,9.0,6.0,4.0,,,8.0,,,,2.0,10,9.0,10,1
2009-02-17,91231,,11,3,5070.0,48268R10,KSW,K S W INC,KSW,221330.0,Q,A,R,50698,3,5070.0,,,,50.0,507.0,,,,,,,2.65,0.019231,6281.0,1.0,2.52,16644.65,KSW,10.0,4.0,5.0,4.0,3.0,1,10.0,1.0,1.0,7.0,3.0,9.0,2.0,3.0,9.0,5.0,10.0,9.0,3.0,10.0,8.0,4.0,8.0,9.0,8.0,7.0,,,,7.0,,,10.0,4.0,5.0,,6.0,4.0,,10.0,9.0,9.0,6.0,4.0,,,8.0,,,,2.0,10,9.0,10,1
2009-02-18,91231,,11,3,5070.0,48268R10,KSW,K S W INC,KSW,221330.0,Q,A,R,50698,3,5070.0,,,,50.0,507.0,,,,,,,2.56,-0.033962,6281.0,1.0,2.53,16079.36,KSW,10.0,4.0,5.0,4.0,3.0,1,10.0,1.0,1.0,7.0,3.0,9.0,2.0,3.0,9.0,5.0,10.0,9.0,3.0,10.0,8.0,4.0,8.0,9.0,8.0,7.0,,,,7.0,,,10.0,4.0,5.0,,6.0,4.0,,10.0,9.0,9.0,6.0,4.0,,,8.0,,,,2.0,10,9.0,10,1
2009-02-19,91231,,11,3,5070.0,48268R10,KSW,K S W INC,KSW,221330.0,Q,A,R,50698,3,5070.0,,,,50.0,507.0,,,,,,,2.51,-0.019531,6281.0,1.0,2.5,15765.31,KSW,10.0,4.0,5.0,4.0,3.0,1,10.0,1.0,1.0,7.0,3.0,9.0,2.0,3.0,9.0,5.0,10.0,9.0,3.0,10.0,8.0,4.0,8.0,9.0,8.0,7.0,,,,7.0,,,10.0,4.0,5.0,,6.0,4.0,,10.0,9.0,9.0,6.0,4.0,,,8.0,,,,2.0,10,9.0,10,1
2009-02-20,91231,,11,3,5070.0,48268R10,KSW,K S W INC,KSW,221330.0,Q,A,R,50698,3,5070.0,,,,50.0,507.0,,,,,,,2.63,0.047809,6281.0,1.0,2.39,16519.03,KSW,10.0,4.0,5.0,4.0,3.0,1,10.0,1.0,1.0,7.0,3.0,9.0,2.0,3.0,9.0,5.0,10.0,9.0,3.0,10.0,8.0,4.0,8.0,9.0,8.0,7.0,,,,7.0,,,10.0,4.0,5.0,,6.0,4.0,,10.0,9.0,9.0,6.0,4.0,,,8.0,,,,2.0,10,9.0,10,1
2009-02-23,91231,,11,3,5070.0,48268R10,KSW,K S W INC,KSW,221330.0,Q,A,R,50698,3,5070.0,,,,50.0,507.0,,,,,,,2.15,-0.18251,6281.0,1.0,2.61,13504.15,KSW,10.0,4.0,5.0,4.0,3.0,1,10.0,1.0,1.0,7.0,3.0,9.0,2.0,3.0,9.0,5.0,10.0,9.0,3.0,10.0,8.0,4.0,8.0,9.0,8.0,7.0,,,,7.0,,,10.0,4.0,5.0,,6.0,4.0,,10.0,9.0,9.0,6.0,4.0,,,8.0,,,,2.0,10,9.0,10,1
2009-02-24,91231,,11,3,5070.0,48268R10,KSW,K S W INC,KSW,221330.0,Q,A,R,50698,3,5070.0,,,,50.0,507.0,,,,,,,2.25,0.046512,6281.0,1.0,2.22,14132.25,KSW,10.0,4.0,5.0,4.0,3.0,1,10.0,1.0,1.0,7.0,3.0,9.0,2.0,3.0,9.0,5.0,10.0,9.0,3.0,10.0,8.0,4.0,8.0,9.0,8.0,7.0,,,,7.0,,,10.0,4.0,5.0,,6.0,4.0,,10.0,9.0,9.0,6.0,4.0,,,8.0,,,,2.0,10,9.0,10,1
2009-02-25,91231,,11,3,5070.0,48268R10,KSW,K S W INC,KSW,221330.0,Q,A,R,50698,3,5070.0,,,,50.0,507.0,,,,,,,2.29,0.017778,6281.0,1.0,2.29,14383.49,KSW,10.0,4.0,5.0,4.0,3.0,1,10.0,1.0,1.0,7.0,3.0,9.0,2.0,3.0,9.0,5.0,10.0,9.0,3.0,10.0,8.0,4.0,8.0,9.0,8.0,7.0,,,,7.0,,,10.0,4.0,5.0,,6.0,4.0,,10.0,9.0,9.0,6.0,4.0,,,8.0,,,,2.0,10,9.0,10,1
2009-02-26,91231,,11,3,5070.0,48268R10,KSW,K S W INC,KSW,221330.0,Q,A,R,50698,3,5070.0,,,,50.0,507.0,,,,,,,2.37,0.034934,6281.0,1.0,2.25,14885.97,KSW,10.0,4.0,5.0,4.0,3.0,1,10.0,1.0,1.0,7.0,3.0,9.0,2.0,3.0,9.0,5.0,10.0,9.0,3.0,10.0,8.0,4.0,8.0,9.0,8.0,7.0,,,,7.0,,,10.0,4.0,5.0,,6.0,4.0,,10.0,9.0,9.0,6.0,4.0,,,8.0,,,,2.0,10,9.0,10,1
2009-02-27,91231,,11,3,5070.0,48268R10,KSW,K S W INC,KSW,221330.0,Q,A,R,50698,3,5070.0,,,,50.0,507.0,,,,,,,2.34,-0.012658,6281.0,1.0,2.41,14697.54,KSW,10.0,4.0,5.0,4.0,3.0,1,10.0,1.0,1.0,7.0,3.0,9.0,2.0,3.0,9.0,5.0,10.0,9.0,3.0,10.0,8.0,4.0,8.0,9.0,8.0,7.0,,,,7.0,,,10.0,4.0,5.0,,6.0,4.0,,10.0,9.0,9.0,6.0,4.0,,,8.0,,,,2.0,10,9.0,10,1
2009-03-02,91231,,11,3,5070.0,48268R10,KSW,K S W INC,KSW,221330.0,Q,A,R,50698,3,5070.0,,,,50.0,507.0,,,,,,,2.24,-0.042735,6281.0,1.0,2.3,14069.44,KSW,10.0,4.0,5.0,4.0,3.0,1,10.0,1.0,1.0,7.0,3.0,9.0,2.0,3.0,9.0,5.0,10.0,9.0,3.0,10.0,8.0,4.0,8.0,9.0,8.0,7.0,,,,7.0,,,10.0,4.0,7.0,,6.0,4.0,,,,,5.0,3.0,,,6.0,,,,2.0,10,9.0,10,1
2009-03-03,91231,,11,3,5070.0,48268R10,KSW,K S W INC,KSW,221330.0,Q,A,R,50698,3,5070.0,,,,50.0,507.0,,,,,,,2.2,-0.017857,6281.0,1.0,2.19,13818.2,KSW,10.0,4.0,5.0,4.0,3.0,1,10.0,1.0,1.0,7.0,3.0,9.0,2.0,3.0,9.0,5.0,10.0,9.0,3.0,10.0,8.0,4.0,8.0,9.0,8.0,7.0,,,,7.0,,,10.0,4.0,7.0,,6.0,4.0,,,,,5.0,3.0,,,6.0,,,,2.0,10,9.0,10,1
2009-03-04,91231,,11,3,5070.0,48268R10,KSW,K S W INC,KSW,221330.0,Q,A,R,50698,3,5070.0,,,,50.0,507.0,,,,,,,2.23,0.013636,6281.0,1.0,2.2499,14006.63,KSW,10.0,4.0,5.0,4.0,3.0,1,10.0,1.0,1.0,7.0,3.0,9.0,2.0,3.0,9.0,5.0,10.0,9.0,3.0,10.0,8.0,4.0,8.0,9.0,8.0,7.0,,,,7.0,,,10.0,4.0,7.0,,6.0,4.0,,,,,5.0,3.0,,,6.0,,,,2.0,10,9.0,10,1
2009-03-05,91231,,11,3,5070.0,48268R10,KSW,K S W INC,KSW,221330.0,Q,A,R,50698,3,5070.0,,,,50.0,507.0,,,,,,,2.13,-0.044843,6281.0,1.0,2.2,13378.53,KSW,10.0,4.0,5.0,4.0,3.0,1,10.0,1.0,1.0,7.0,3.0,9.0,2.0,3.0,9.0,5.0,10.0,9.0,3.0,10.0,8.0,4.0,8.0,9.0,8.0,7.0,,,,7.0,,,10.0,4.0,7.0,,6.0,4.0,,,,,5.0,3.0,,,6.0,,,,2.0,10,9.0,10,1
2009-03-06,91231,,11,3,5070.0,48268R10,KSW,K S W INC,KSW,221330.0,Q,A,R,50698,3,5070.0,,,,50.0,507.0,,,,,,,2.13,0.0,6281.0,1.0,2.16,13378.53,KSW,10.0,4.0,5.0,4.0,3.0,1,10.0,1.0,1.0,7.0,3.0,9.0,2.0,3.0,9.0,5.0,10.0,9.0,3.0,10.0,8.0,4.0,8.0,9.0,8.0,7.0,,,,7.0,,,10.0,4.0,7.0,,6.0,4.0,,,,,5.0,3.0,,,6.0,,,,2.0,10,9.0,10,1
2009-03-09,91231,,11,3,5070.0,48268R10,KSW,K S W INC,KSW,221330.0,Q,A,R,50698,3,5070.0,,,,50.0,507.0,,,,,,,2.03,-0.046948,6281.0,1.0,2.21,12750.43,KSW,10.0,4.0,5.0,4.0,3.0,1,10.0,1.0,1.0,7.0,3.0,9.0,2.0,3.0,9.0,5.0,10.0,9.0,3.0,10.0,8.0,4.0,8.0,9.0,8.0,7.0,,,,7.0,,,10.0,4.0,7.0,,6.0,4.0,,,,,5.0,3.0,,,6.0,,,,2.0,10,9.0,10,1
2009-03-10,91231,,11,3,5070.0,48268R10,KSW,K S W INC,KSW,221330.0,Q,A,R,50698,3,5070.0,,,,50.0,507.0,,,,,,,2.04,0.004926,6235.0,1.0,2.07,12719.4,KSW,10.0,4.0,5.0,4.0,3.0,1,10.0,1.0,1.0,7.0,3.0,9.0,2.0,3.0,9.0,5.0,10.0,9.0,3.0,10.0,8.0,4.0,8.0,9.0,8.0,7.0,,,,7.0,,,10.0,4.0,7.0,,6.0,4.0,,,,,5.0,3.0,,,6.0,,,,2.0,10,9.0,10,1
2009-03-11,91231,,11,3,5070.0,48268R10,KSW,K S W INC,KSW,221330.0,Q,A,R,50698,3,5070.0,,,,50.0,507.0,,,,,,,2.12,0.039216,6235.0,1.0,2.13,13218.2,KSW,10.0,4.0,5.0,4.0,3.0,1,10.0,1.0,1.0,7.0,3.0,9.0,2.0,3.0,9.0,5.0,10.0,9.0,3.0,10.0,8.0,4.0,8.0,9.0,8.0,7.0,,,,7.0,,,10.0,4.0,7.0,,6.0,4.0,,,,,5.0,3.0,,,6.0,,,,2.0,10,9.0,10,1
2009-03-12,91231,,11,3,5070.0,48268R10,KSW,K S W INC,KSW,221330.0,Q,A,R,50698,3,5070.0,,,,50.0,507.0,,,,,,,2.1999,0.037689,6235.0,1.0,2.1799,13716.3765,KSW,10.0,4.0,5.0,4.0,3.0,1,10.0,1.0,1.0,7.0,3.0,9.0,2.0,3.0,9.0,5.0,10.0,9.0,3.0,10.0,8.0,4.0,8.0,9.0,8.0,7.0,,,,7.0,,,10.0,4.0,7.0,,6.0,4.0,,,,,5.0,3.0,,,6.0,,,,2.0,10,9.0,10,1
2009-03-13,91231,,11,3,5070.0,48268R10,KSW,K S W INC,KSW,221330.0,Q,A,R,50698,3,5070.0,,,,50.0,507.0,,,,,,,2.15,-0.022683,6235.0,1.0,2.19,13405.25,KSW,10.0,4.0,5.0,4.0,3.0,1,10.0,1.0,1.0,7.0,3.0,9.0,2.0,3.0,9.0,5.0,10.0,9.0,3.0,10.0,8.0,4.0,8.0,9.0,8.0,7.0,,,,7.0,,,10.0,4.0,7.0,,6.0,4.0,,,,,5.0,3.0,,,6.0,,,,2.0,10,9.0,10,1
2009-03-16,91231,,11,3,5070.0,48268R10,KSW,K S W INC,KSW,221330.0,Q,A,R,50698,3,5070.0,,,,50.0,507.0,,,,,,,2.16,0.004651,6235.0,1.0,2.23,13467.6,KSW,10.0,4.0,5.0,4.0,3.0,1,10.0,1.0,1.0,7.0,3.0,9.0,2.0,3.0,9.0,5.0,10.0,9.0,3.0,10.0,8.0,4.0,8.0,9.0,8.0,7.0,,,,7.0,,,10.0,4.0,7.0,,6.0,4.0,,,,,5.0,3.0,,,6.0,,,,2.0,10,9.0,10,1
2009-03-17,91231,,11,3,5070.0,48268R10,KSW,K S W INC,KSW,221330.0,Q,A,R,50698,3,5070.0,,,,50.0,507.0,,,,,,,2.11,-0.023148,6235.0,1.0,2.24,13155.85,KSW,10.0,4.0,5.0,4.0,3.0,1,10.0,1.0,1.0,7.0,3.0,9.0,2.0,3.0,9.0,5.0,10.0,9.0,3.0,10.0,8.0,4.0,8.0,9.0,8.0,7.0,,,,7.0,,,10.0,4.0,7.0,,6.0,4.0,,,,,5.0,3.0,,,6.0,,,,2.0,10,9.0,10,1
2009-03-18,91231,,11,3,5070.0,48268R10,KSW,K S W INC,KSW,221330.0,Q,A,R,50698,3,5070.0,,,,50.0,507.0,,,,,,,2.1,-0.004739,6235.0,1.0,2.15,13093.5,KSW,10.0,4.0,5.0,4.0,3.0,1,10.0,1.0,1.0,7.0,3.0,9.0,2.0,3.0,9.0,5.0,10.0,9.0,3.0,10.0,8.0,4.0,8.0,9.0,8.0,7.0,,,,7.0,,,10.0,4.0,7.0,,6.0,4.0,,,,,5.0,3.0,,,6.0,,,,2.0,10,9.0,10,1
2009-03-19,91231,,11,3,5070.0,48268R10,KSW,K S W INC,KSW,221330.0,Q,A,R,50698,3,5070.0,,,,50.0,507.0,,,,,,,2.13,0.014286,6235.0,1.0,2.21,13280.55,KSW,10.0,4.0,5.0,4.0,3.0,1,10.0,1.0,1.0,7.0,3.0,9.0,2.0,3.0,9.0,5.0,10.0,9.0,3.0,10.0,8.0,4.0,8.0,9.0,8.0,7.0,,,,7.0,,,10.0,4.0,7.0,,6.0,4.0,,,,,5.0,3.0,,,6.0,,,,2.0,10,9.0,10,1
2009-03-20,91231,,11,3,5070.0,48268R10,KSW,K S W INC,KSW,221330.0,Q,A,R,50698,3,5070.0,,,,50.0,507.0,,,,,,,2.15,0.00939,6235.0,1.0,2.19,13405.25,KSW,10.0,4.0,5.0,4.0,3.0,1,10.0,1.0,1.0,7.0,3.0,9.0,2.0,3.0,9.0,5.0,10.0,9.0,3.0,10.0,8.0,4.0,8.0,9.0,8.0,7.0,,,,7.0,,,10.0,4.0,7.0,,6.0,4.0,,,,,5.0,3.0,,,6.0,,,,2.0,10,9.0,10,1
2009-03-23,91231,,11,3,5070.0,48268R10,KSW,K S W INC,KSW,221330.0,Q,A,R,50698,3,5070.0,,,,50.0,507.0,,,,,,,2.49,0.158139,6235.0,1.0,2.22,15525.15,KSW,10.0,4.0,5.0,4.0,3.0,1,10.0,1.0,1.0,7.0,3.0,9.0,2.0,3.0,9.0,5.0,10.0,9.0,3.0,10.0,8.0,4.0,8.0,9.0,8.0,7.0,,,,7.0,,,10.0,4.0,7.0,,6.0,4.0,,,,,5.0,3.0,,,6.0,,,,2.0,10,9.0,10,1
2009-03-24,91231,,11,3,5070.0,48268R10,KSW,K S W INC,KSW,221330.0,Q,A,R,50698,3,5070.0,,,,50.0,507.0,,,,,,,2.45,-0.016064,6235.0,1.0,2.53,15275.75,KSW,10.0,4.0,5.0,4.0,3.0,1,10.0,1.0,1.0,7.0,3.0,9.0,2.0,3.0,9.0,5.0,10.0,9.0,3.0,10.0,8.0,4.0,8.0,9.0,8.0,7.0,,,,7.0,,,10.0,4.0,7.0,,6.0,4.0,,,,,5.0,3.0,,,6.0,,,,2.0,10,9.0,10,1
2009-03-25,91231,,11,3,5070.0,48268R10,KSW,K S W INC,KSW,221330.0,Q,A,R,50698,3,5070.0,,,,50.0,507.0,,,,,,,2.37,-0.032653,6235.0,1.0,2.53,14776.95,KSW,10.0,4.0,5.0,4.0,3.0,1,10.0,1.0,1.0,7.0,3.0,9.0,2.0,3.0,9.0,5.0,10.0,9.0,3.0,10.0,8.0,4.0,8.0,9.0,8.0,7.0,,,,7.0,,,10.0,4.0,7.0,,6.0,4.0,,,,,5.0,3.0,,,6.0,,,,2.0,10,9.0,10,1
2009-03-26,91231,,11,3,5070.0,48268R10,KSW,K S W INC,KSW,221330.0,Q,A,R,50698,3,5070.0,,,,50.0,507.0,,,,,,,2.44,0.029536,6235.0,1.0,2.38,15213.4,KSW,10.0,4.0,5.0,4.0,3.0,1,10.0,1.0,1.0,7.0,3.0,9.0,2.0,3.0,9.0,5.0,10.0,9.0,3.0,10.0,8.0,4.0,8.0,9.0,8.0,7.0,,,,7.0,,,10.0,4.0,7.0,,6.0,4.0,,,,,5.0,3.0,,,6.0,,,,2.0,10,9.0,10,1
2009-03-27,91231,,11,3,5070.0,48268R10,KSW,K S W INC,KSW,221330.0,Q,A,R,50698,3,5070.0,,,,50.0,507.0,,,,,,,2.36,-0.032787,6235.0,1.0,2.45,14714.6,KSW,10.0,4.0,5.0,4.0,3.0,1,10.0,1.0,1.0,7.0,3.0,9.0,2.0,3.0,9.0,5.0,10.0,9.0,3.0,10.0,8.0,4.0,8.0,9.0,8.0,7.0,,,,7.0,,,10.0,4.0,7.0,,6.0,4.0,,,,,5.0,3.0,,,6.0,,,,2.0,10,9.0,10,1
2009-03-30,91231,,11,3,5070.0,48268R10,KSW,K S W INC,KSW,221330.0,Q,A,R,50698,3,5070.0,,,,50.0,507.0,,,,,,,2.28,-0.033898,6235.0,1.0,2.3322,14215.8,KSW,10.0,4.0,5.0,4.0,3.0,1,10.0,1.0,1.0,7.0,3.0,9.0,2.0,3.0,9.0,5.0,10.0,9.0,3.0,10.0,8.0,4.0,8.0,9.0,8.0,7.0,,,,7.0,,,10.0,4.0,7.0,,6.0,4.0,,,,,5.0,3.0,,,6.0,,,,2.0,10,9.0,10,1
2009-03-31,91231,,11,3,5070.0,48268R10,KSW,K S W INC,KSW,221330.0,Q,A,R,50698,3,5070.0,,,,50.0,507.0,,,,,,,2.28,0.0,6235.0,1.0,2.39,14215.8,KSW,10.0,4.0,5.0,4.0,3.0,1,10.0,1.0,1.0,7.0,3.0,9.0,2.0,3.0,9.0,5.0,10.0,9.0,3.0,10.0,8.0,4.0,8.0,9.0,8.0,7.0,,,,7.0,,,10.0,4.0,7.0,,6.0,4.0,,,,,5.0,3.0,,,6.0,,,,2.0,10,9.0,10,1
2009-04-01,91231,,11,3,5070.0,48268R10,KSW,K S W INC,KSW,221330.0,Q,A,R,50698,3,5070.0,,,,50.0,507.0,,,,,,,2.32,0.017544,6235.0,1.0,2.3,14465.2,KSW,10.0,4.0,5.0,4.0,3.0,1,10.0,1.0,1.0,7.0,3.0,9.0,2.0,3.0,9.0,5.0,10.0,9.0,3.0,10.0,8.0,4.0,8.0,9.0,8.0,7.0,,,,7.0,,,10.0,4.0,6.0,,7.0,7.0,,9.0,10.0,9.0,9.0,4.0,,,8.0,,,,1.0,10,10.0,10,1
2009-04-02,91231,,11,3,5070.0,48268R10,KSW,K S W INC,KSW,221330.0,Q,A,R,50698,3,5070.0,,,,50.0,507.0,,,,,,,2.3399,0.008578,6235.0,1.0,2.31,14589.2765,KSW,10.0,4.0,5.0,4.0,3.0,1,10.0,1.0,1.0,7.0,3.0,9.0,2.0,3.0,9.0,5.0,10.0,9.0,3.0,10.0,8.0,4.0,8.0,9.0,8.0,7.0,,,,7.0,,,10.0,4.0,6.0,,7.0,7.0,,9.0,10.0,9.0,9.0,4.0,,,8.0,,,,1.0,10,10.0,10,1
2009-04-03,91231,,11,3,5070.0,48268R10,KSW,K S W INC,KSW,221330.0,Q,A,R,50698,3,5070.0,,,,50.0,507.0,,,,,,,2.36,0.00859,6235.0,1.0,2.28,14714.6,KSW,10.0,4.0,5.0,4.0,3.0,1,10.0,1.0,1.0,7.0,3.0,9.0,2.0,3.0,9.0,5.0,10.0,9.0,3.0,10.0,8.0,4.0,8.0,9.0,8.0,7.0,,,,7.0,,,10.0,4.0,6.0,,7.0,7.0,,9.0,10.0,9.0,9.0,4.0,,,8.0,,,,1.0,10,10.0,10,1
2009-04-06,91231,,11,3,5070.0,48268R10,KSW,K S W INC,KSW,221330.0,Q,A,R,50698,3,5070.0,,,,50.0,507.0,,,,,,,2.47,0.04661,6235.0,1.0,2.36,15400.45,KSW,10.0,4.0,5.0,4.0,3.0,1,10.0,1.0,1.0,7.0,3.0,9.0,2.0,3.0,9.0,5.0,10.0,9.0,3.0,10.0,8.0,4.0,8.0,9.0,8.0,7.0,,,,7.0,,,10.0,4.0,6.0,,7.0,7.0,,9.0,10.0,9.0,9.0,4.0,,,8.0,,,,1.0,10,10.0,10,1
2009-04-07,91231,,11,3,5070.0,48268R10,KSW,K S W INC,KSW,221330.0,Q,A,R,50698,3,5070.0,,,,50.0,507.0,,,,,,,2.37,-0.040486,6235.0,1.0,2.35,14776.95,KSW,10.0,4.0,5.0,4.0,3.0,1,10.0,1.0,1.0,7.0,3.0,9.0,2.0,3.0,9.0,5.0,10.0,9.0,3.0,10.0,8.0,4.0,8.0,9.0,8.0,7.0,,,,7.0,,,10.0,4.0,6.0,,7.0,7.0,,9.0,10.0,9.0,9.0,4.0,,,8.0,,,,1.0,10,10.0,10,1
2009-04-08,91231,,11,3,5070.0,48268R10,KSW,K S W INC,KSW,221330.0,Q,A,R,50698,3,5070.0,,,,50.0,507.0,,,,,,,2.39,0.008439,6235.0,1.0,2.36,14901.65,KSW,10.0,4.0,5.0,4.0,3.0,1,10.0,1.0,1.0,7.0,3.0,9.0,2.0,3.0,9.0,5.0,10.0,9.0,3.0,10.0,8.0,4.0,8.0,9.0,8.0,7.0,,,,7.0,,,10.0,4.0,6.0,,7.0,7.0,,9.0,10.0,9.0,9.0,4.0,,,8.0,,,,1.0,10,10.0,10,1
2009-04-09,91231,,11,3,5070.0,48268R10,KSW,K S W INC,KSW,221330.0,Q,A,R,50698,3,5070.0,,,,50.0,507.0,,,,,,,2.3875,-0.001046,6235.0,1.0,2.34,14886.0625,KSW,10.0,4.0,5.0,4.0,3.0,1,10.0,1.0,1.0,7.0,3.0,9.0,2.0,3.0,9.0,5.0,10.0,9.0,3.0,10.0,8.0,4.0,8.0,9.0,8.0,7.0,,,,7.0,,,10.0,4.0,6.0,,7.0,7.0,,9.0,10.0,9.0,9.0,4.0,,,8.0,,,,1.0,10,10.0,10,1
2009-04-13,91231,,11,3,5070.0,48268R10,KSW,K S W INC,KSW,221330.0,Q,A,R,50698,3,5070.0,,,,50.0,507.0,,,,,,,2.4,0.005236,6235.0,1.0,2.36,14964.0,KSW,10.0,4.0,5.0,4.0,3.0,1,10.0,1.0,1.0,7.0,3.0,9.0,2.0,3.0,9.0,5.0,10.0,9.0,3.0,10.0,8.0,4.0,8.0,9.0,8.0,7.0,,,,7.0,,,10.0,4.0,6.0,,7.0,7.0,,9.0,10.0,9.0,9.0,4.0,,,8.0,,,,1.0,10,10.0,10,1
2009-04-14,91231,,11,3,5070.0,48268R10,KSW,K S W INC,KSW,221330.0,Q,A,R,50698,3,5070.0,,,,50.0,507.0,,,,,,,2.49,0.0375,6235.0,1.0,2.6,15525.15,KSW,10.0,4.0,5.0,4.0,3.0,1,10.0,1.0,1.0,7.0,3.0,9.0,2.0,3.0,9.0,5.0,10.0,9.0,3.0,10.0,8.0,4.0,8.0,9.0,8.0,7.0,,,,7.0,,,10.0,4.0,6.0,,7.0,7.0,,9.0,10.0,9.0,9.0,4.0,,,8.0,,,,1.0,10,10.0,10,1
2009-04-15,91231,,11,3,5070.0,48268R10,KSW,K S W INC,KSW,221330.0,Q,A,R,50698,3,5070.0,,,,50.0,507.0,,,,,,,2.34,-0.060241,6235.0,1.0,2.4,14589.9,KSW,10.0,4.0,5.0,4.0,3.0,1,10.0,1.0,1.0,7.0,3.0,9.0,2.0,3.0,9.0,5.0,10.0,9.0,3.0,10.0,8.0,4.0,8.0,9.0,8.0,7.0,,,,7.0,,,10.0,4.0,6.0,,7.0,7.0,,9.0,10.0,9.0,9.0,4.0,,,8.0,,,,1.0,10,10.0,10,1
2009-04-16,91231,,11,3,5070.0,48268R10,KSW,K S W INC,KSW,221330.0,Q,A,R,50698,3,5070.0,,,,50.0,507.0,,,,,,,2.41,0.029915,6235.0,1.0,2.43,15026.35,KSW,10.0,4.0,5.0,4.0,3.0,1,10.0,1.0,1.0,7.0,3.0,9.0,2.0,3.0,9.0,5.0,10.0,9.0,3.0,10.0,8.0,4.0,8.0,9.0,8.0,7.0,,,,7.0,,,10.0,4.0,6.0,,7.0,7.0,,9.0,10.0,9.0,9.0,4.0,,,8.0,,,,1.0,10,10.0,10,1
2009-04-17,91231,,11,3,5070.0,48268R10,KSW,K S W INC,KSW,221330.0,Q,A,R,50698,3,5070.0,,,,50.0,507.0,,,,,,,2.55,0.058091,6235.0,1.0,2.55,15899.25,KSW,10.0,4.0,5.0,4.0,3.0,1,10.0,1.0,1.0,7.0,3.0,9.0,2.0,3.0,9.0,5.0,10.0,9.0,3.0,10.0,8.0,4.0,8.0,9.0,8.0,7.0,,,,7.0,,,10.0,4.0,6.0,,7.0,7.0,,9.0,10.0,9.0,9.0,4.0,,,8.0,,,,1.0,10,10.0,10,1
2009-04-20,91231,,11,3,5070.0,48268R10,KSW,K S W INC,KSW,221330.0,Q,A,R,50698,3,5070.0,,,,50.0,507.0,,,,,,,2.51,-0.015686,6235.0,1.0,2.47,15649.85,KSW,10.0,4.0,5.0,4.0,3.0,1,10.0,1.0,1.0,7.0,3.0,9.0,2.0,3.0,9.0,5.0,10.0,9.0,3.0,10.0,8.0,4.0,8.0,9.0,8.0,7.0,,,,7.0,,,10.0,4.0,6.0,,7.0,7.0,,9.0,10.0,9.0,9.0,4.0,,,8.0,,,,1.0,10,10.0,10,1
2009-04-21,91231,,11,3,5070.0,48268R10,KSW,K S W INC,KSW,221330.0,Q,A,R,50698,3,5070.0,,,,50.0,507.0,,,,,,,2.54,0.011952,6235.0,1.0,2.49,15836.9,KSW,10.0,4.0,5.0,4.0,3.0,1,10.0,1.0,1.0,7.0,3.0,9.0,2.0,3.0,9.0,5.0,10.0,9.0,3.0,10.0,8.0,4.0,8.0,9.0,8.0,7.0,,,,7.0,,,10.0,4.0,6.0,,7.0,7.0,,9.0,10.0,9.0,9.0,4.0,,,8.0,,,,1.0,10,10.0,10,1
2009-04-22,91231,,11,3,5070.0,48268R10,KSW,K S W INC,KSW,221330.0,Q,A,R,50698,3,5070.0,,,,50.0,507.0,,,,,,,2.59,0.019685,6235.0,1.0,2.53,16148.65,KSW,10.0,4.0,5.0,4.0,3.0,1,10.0,1.0,1.0,7.0,3.0,9.0,2.0,3.0,9.0,5.0,10.0,9.0,3.0,10.0,8.0,4.0,8.0,9.0,8.0,7.0,,,,7.0,,,10.0,4.0,6.0,,7.0,7.0,,9.0,10.0,9.0,9.0,4.0,,,8.0,,,,1.0,10,10.0,10,1
2009-04-23,91231,,11,3,5070.0,48268R10,KSW,K S W INC,KSW,221330.0,Q,A,R,50698,3,5070.0,,,,50.0,507.0,,,,,,,2.6,0.003861,6235.0,1.0,2.58,16211.0,KSW,10.0,4.0,5.0,4.0,3.0,1,10.0,1.0,1.0,7.0,3.0,9.0,2.0,3.0,9.0,5.0,10.0,9.0,3.0,10.0,8.0,4.0,8.0,9.0,8.0,7.0,,,,7.0,,,10.0,4.0,6.0,,7.0,7.0,,9.0,10.0,9.0,9.0,4.0,,,8.0,,,,1.0,10,10.0,10,1
2009-04-24,91231,,11,3,5070.0,48268R10,KSW,K S W INC,KSW,221330.0,Q,A,R,50698,3,5070.0,,,,50.0,507.0,,,,,,,2.61,0.003846,6235.0,1.0,2.608,16273.35,KSW,10.0,4.0,5.0,4.0,3.0,1,10.0,1.0,1.0,7.0,3.0,9.0,2.0,3.0,9.0,5.0,10.0,9.0,3.0,10.0,8.0,4.0,8.0,9.0,8.0,7.0,,,,7.0,,,10.0,4.0,6.0,,7.0,7.0,,9.0,10.0,9.0,9.0,4.0,,,8.0,,,,1.0,10,10.0,10,1
2009-04-27,91231,,11,3,5070.0,48268R10,KSW,K S W INC,KSW,221330.0,Q,A,R,50698,3,5070.0,,,,50.0,507.0,,,,,,,2.59,-0.007663,6235.0,1.0,2.56,16148.65,KSW,10.0,4.0,5.0,4.0,3.0,1,10.0,1.0,1.0,7.0,3.0,9.0,2.0,3.0,9.0,5.0,10.0,9.0,3.0,10.0,8.0,4.0,8.0,9.0,8.0,7.0,,,,7.0,,,10.0,4.0,6.0,,7.0,7.0,,9.0,10.0,9.0,9.0,4.0,,,8.0,,,,1.0,10,10.0,10,1
2009-04-28,91231,,11,3,5070.0,48268R10,KSW,K S W INC,KSW,221330.0,Q,A,R,50698,3,5070.0,,,,50.0,507.0,,,,,,,2.62,0.011583,6235.0,1.0,2.5799,16335.7,KSW,10.0,4.0,5.0,4.0,3.0,1,10.0,1.0,1.0,7.0,3.0,9.0,2.0,3.0,9.0,5.0,10.0,9.0,3.0,10.0,8.0,4.0,8.0,9.0,8.0,7.0,,,,7.0,,,10.0,4.0,6.0,,7.0,7.0,,9.0,10.0,9.0,9.0,4.0,,,8.0,,,,1.0,10,10.0,10,1
2009-04-29,91231,,11,3,5070.0,48268R10,KSW,K S W INC,KSW,221330.0,Q,A,R,50698,3,5070.0,,,,50.0,507.0,,,,,,,2.6,-0.007634,6235.0,1.0,2.61,16211.0,KSW,10.0,4.0,5.0,4.0,3.0,1,10.0,1.0,1.0,7.0,3.0,9.0,2.0,3.0,9.0,5.0,10.0,9.0,3.0,10.0,8.0,4.0,8.0,9.0,8.0,7.0,,,,7.0,,,10.0,4.0,6.0,,7.0,7.0,,9.0,10.0,9.0,9.0,4.0,,,8.0,,,,1.0,10,10.0,10,1
2009-04-30,91231,,11,3,5070.0,48268R10,KSW,K S W INC,KSW,221330.0,Q,A,R,50698,3,5070.0,,,,50.0,507.0,,,,,,,2.71,0.042308,6235.0,1.0,2.61,16896.85,KSW,10.0,4.0,5.0,4.0,3.0,1,10.0,1.0,1.0,7.0,3.0,9.0,2.0,3.0,9.0,5.0,10.0,9.0,3.0,10.0,8.0,4.0,8.0,9.0,8.0,7.0,,,,7.0,,,10.0,4.0,6.0,,7.0,7.0,,9.0,10.0,9.0,9.0,4.0,,,8.0,,,,1.0,10,10.0,10,1
2009-05-01,91231,,11,3,5070.0,48268R10,KSW,K S W INC,KSW,221330.0,Q,A,R,50698,3,5070.0,,,,50.0,507.0,,,,,,,2.7501,0.014797,6235.0,1.0,2.73,17146.8735,KSW,10.0,4.0,5.0,4.0,3.0,1,10.0,1.0,1.0,7.0,3.0,9.0,2.0,3.0,9.0,5.0,10.0,9.0,3.0,10.0,8.0,4.0,8.0,9.0,8.0,7.0,,,,7.0,,,10.0,4.0,6.0,,7.0,7.0,,10.0,10.0,9.0,5.0,4.0,,,5.0,,,,1.0,10,10.0,10,1
2009-05-04,91231,,11,3,5070.0,48268R10,KSW,K S W INC,KSW,221330.0,Q,A,R,50698,3,5070.0,,,,50.0,507.0,,,,,,,2.87,0.043598,6235.0,1.0,2.83,17894.45,KSW,10.0,4.0,5.0,4.0,3.0,1,10.0,1.0,1.0,7.0,3.0,9.0,2.0,3.0,9.0,5.0,10.0,9.0,3.0,10.0,8.0,4.0,8.0,9.0,8.0,7.0,,,,7.0,,,10.0,4.0,6.0,,7.0,7.0,,10.0,10.0,9.0,5.0,4.0,,,5.0,,,,1.0,10,10.0,10,1
2009-05-05,91231,,11,3,5070.0,48268R10,KSW,K S W INC,KSW,221330.0,Q,A,R,50698,3,5070.0,,,,50.0,507.0,,,,,,,2.9,0.010453,6235.0,1.0,2.87,18081.5,KSW,10.0,4.0,5.0,4.0,3.0,1,10.0,1.0,1.0,7.0,3.0,9.0,2.0,3.0,9.0,5.0,10.0,9.0,3.0,10.0,8.0,4.0,8.0,9.0,8.0,7.0,,,,7.0,,,10.0,4.0,6.0,,7.0,7.0,,10.0,10.0,9.0,5.0,4.0,,,5.0,,,,1.0,10,10.0,10,1
2009-05-06,91231,,11,3,5070.0,48268R10,KSW,K S W INC,KSW,221330.0,Q,A,R,50698,3,5070.0,,,,50.0,507.0,,,,,,,2.92,0.006897,6235.0,1.0,2.91,18206.2,KSW,10.0,4.0,5.0,4.0,3.0,1,10.0,1.0,1.0,7.0,3.0,9.0,2.0,3.0,9.0,5.0,10.0,9.0,3.0,10.0,8.0,4.0,8.0,9.0,8.0,7.0,,,,7.0,,,10.0,4.0,6.0,,7.0,7.0,,10.0,10.0,9.0,5.0,4.0,,,5.0,,,,1.0,10,10.0,10,1
2009-05-07,91231,,11,3,5070.0,48268R10,KSW,K S W INC,KSW,221330.0,Q,A,R,50698,3,5070.0,,,,50.0,507.0,,,,,,,2.61,-0.106164,6235.0,1.0,2.56,16273.35,KSW,10.0,4.0,5.0,4.0,3.0,1,10.0,1.0,1.0,7.0,3.0,9.0,2.0,3.0,9.0,5.0,10.0,9.0,3.0,10.0,8.0,4.0,8.0,9.0,8.0,7.0,,,,7.0,,,10.0,4.0,6.0,,7.0,7.0,,10.0,10.0,9.0,5.0,4.0,,,5.0,,,,1.0,10,10.0,10,1
2009-05-08,91231,,11,3,5070.0,48268R10,KSW,K S W INC,KSW,221330.0,Q,A,R,50698,3,5070.0,,,,50.0,507.0,,,,,,,2.88,0.103448,6235.0,1.0,2.676,17956.8,KSW,10.0,4.0,5.0,4.0,3.0,1,10.0,1.0,1.0,7.0,3.0,9.0,2.0,3.0,9.0,5.0,10.0,9.0,3.0,10.0,8.0,4.0,8.0,9.0,8.0,7.0,,,,7.0,,,10.0,4.0,6.0,,7.0,7.0,,10.0,10.0,9.0,5.0,4.0,,,5.0,,,,1.0,10,10.0,10,1
2009-05-11,91231,,11,3,5070.0,48268R10,KSW,K S W INC,KSW,221330.0,Q,A,R,50698,3,5070.0,,,,50.0,507.0,,,,,,,2.88,0.0,6235.0,1.0,2.9,17956.8,KSW,10.0,4.0,5.0,4.0,3.0,1,10.0,1.0,1.0,7.0,3.0,9.0,2.0,3.0,9.0,5.0,10.0,9.0,3.0,10.0,8.0,4.0,8.0,9.0,8.0,7.0,,,,7.0,,,10.0,4.0,6.0,,7.0,7.0,,10.0,10.0,9.0,5.0,4.0,,,5.0,,,,1.0,10,10.0,10,1
2009-05-12,91231,,11,3,5070.0,48268R10,KSW,K S W INC,KSW,221330.0,Q,A,R,50698,3,5070.0,,,,50.0,507.0,,,,,,,2.8699,-0.003507,6235.0,1.0,2.89,17893.8265,KSW,10.0,4.0,5.0,4.0,3.0,1,10.0,1.0,1.0,7.0,3.0,9.0,2.0,3.0,9.0,5.0,10.0,9.0,3.0,10.0,8.0,4.0,8.0,9.0,8.0,7.0,,,,7.0,,,10.0,4.0,6.0,,7.0,7.0,,10.0,10.0,9.0,5.0,4.0,,,5.0,,,,1.0,10,10.0,10,1
2009-05-13,91231,,11,3,5070.0,48268R10,KSW,K S W INC,KSW,221330.0,Q,A,R,50698,3,5070.0,,,,50.0,507.0,,,,,,,2.83,-0.013903,6235.0,1.0,2.88,17645.05,KSW,10.0,4.0,5.0,4.0,3.0,1,10.0,1.0,1.0,7.0,3.0,9.0,2.0,3.0,9.0,5.0,10.0,9.0,3.0,10.0,8.0,4.0,8.0,9.0,8.0,7.0,,,,7.0,,,10.0,4.0,6.0,,7.0,7.0,,10.0,10.0,9.0,5.0,4.0,,,5.0,,,,1.0,10,10.0,10,1
2009-05-14,91231,,11,3,5070.0,48268R10,KSW,K S W INC,KSW,221330.0,Q,A,R,50698,3,5070.0,,,,50.0,507.0,,,,,,,2.8,-0.010601,6235.0,1.0,2.78,17458.0,KSW,10.0,4.0,5.0,4.0,3.0,1,10.0,1.0,1.0,7.0,3.0,9.0,2.0,3.0,9.0,5.0,10.0,9.0,3.0,10.0,8.0,4.0,8.0,9.0,8.0,7.0,,,,7.0,,,10.0,4.0,6.0,,7.0,7.0,,10.0,10.0,9.0,5.0,4.0,,,5.0,,,,1.0,10,10.0,10,1
2009-05-15,91231,,11,3,5070.0,48268R10,KSW,K S W INC,KSW,221330.0,Q,A,R,50698,3,5070.0,,,,50.0,507.0,,,,,,,2.816,0.005714,6235.0,1.0,2.83,17557.76,KSW,10.0,4.0,5.0,4.0,3.0,1,10.0,1.0,1.0,7.0,3.0,9.0,2.0,3.0,9.0,5.0,10.0,9.0,3.0,10.0,8.0,4.0,8.0,9.0,8.0,7.0,,,,7.0,,,10.0,4.0,6.0,,7.0,7.0,,10.0,10.0,9.0,5.0,4.0,,,5.0,,,,1.0,10,10.0,10,1
2009-05-18,91231,,11,3,5070.0,48268R10,KSW,K S W INC,KSW,221330.0,Q,A,R,50698,3,5070.0,,,,50.0,507.0,,,,,,,2.85,0.012074,6235.0,1.0,2.81,17769.75,KSW,10.0,4.0,5.0,4.0,3.0,1,10.0,1.0,1.0,7.0,3.0,9.0,2.0,3.0,9.0,5.0,10.0,9.0,3.0,10.0,8.0,4.0,8.0,9.0,8.0,7.0,,,,7.0,,,10.0,4.0,6.0,,7.0,7.0,,10.0,10.0,9.0,5.0,4.0,,,5.0,,,,1.0,10,10.0,10,1
2009-05-19,91231,,11,3,5070.0,48268R10,KSW,K S W INC,KSW,221330.0,Q,A,R,50698,3,5070.0,,,,50.0,507.0,,,,,,,2.81,-0.014035,6235.0,1.0,2.88,17520.35,KSW,10.0,4.0,5.0,4.0,3.0,1,10.0,1.0,1.0,7.0,3.0,9.0,2.0,3.0,9.0,5.0,10.0,9.0,3.0,10.0,8.0,4.0,8.0,9.0,8.0,7.0,,,,7.0,,,10.0,4.0,6.0,,7.0,7.0,,10.0,10.0,9.0,5.0,4.0,,,5.0,,,,1.0,10,10.0,10,1
2009-05-20,91231,,11,3,5070.0,48268R10,KSW,K S W INC,KSW,221330.0,Q,A,R,50698,3,5070.0,,,,50.0,507.0,,,,,,,2.83,0.007117,6235.0,1.0,2.8,17645.05,KSW,10.0,4.0,5.0,4.0,3.0,1,10.0,1.0,1.0,7.0,3.0,9.0,2.0,3.0,9.0,5.0,10.0,9.0,3.0,10.0,8.0,4.0,8.0,9.0,8.0,7.0,,,,7.0,,,10.0,4.0,6.0,,7.0,7.0,,10.0,10.0,9.0,5.0,4.0,,,5.0,,,,1.0,10,10.0,10,1
2009-05-21,91231,,11,3,5070.0,48268R10,KSW,K S W INC,KSW,221330.0,Q,A,R,50698,3,5070.0,,,,50.0,507.0,,,,,,,2.8,-0.010601,6235.0,1.0,2.67,17458.0,KSW,10.0,4.0,5.0,4.0,3.0,1,10.0,1.0,1.0,7.0,3.0,9.0,2.0,3.0,9.0,5.0,10.0,9.0,3.0,10.0,8.0,4.0,8.0,9.0,8.0,7.0,,,,7.0,,,10.0,4.0,6.0,,7.0,7.0,,10.0,10.0,9.0,5.0,4.0,,,5.0,,,,1.0,10,10.0,10,1
2009-05-22,91231,,11,3,5070.0,48268R10,KSW,K S W INC,KSW,221330.0,Q,A,R,50698,3,5070.0,,,,50.0,507.0,,,,,,,2.61,-0.067857,6235.0,1.0,2.6101,16273.35,KSW,10.0,4.0,5.0,4.0,3.0,1,10.0,1.0,1.0,7.0,3.0,9.0,2.0,3.0,9.0,5.0,10.0,9.0,3.0,10.0,8.0,4.0,8.0,9.0,8.0,7.0,,,,7.0,,,10.0,4.0,6.0,,7.0,7.0,,10.0,10.0,9.0,5.0,4.0,,,5.0,,,,1.0,10,10.0,10,1
2009-05-26,91231,,11,3,5070.0,48268R10,KSW,K S W INC,KSW,221330.0,Q,A,R,50698,3,5070.0,,,,50.0,507.0,,,,,,,2.61,0.0,6235.0,1.0,2.62,16273.35,KSW,10.0,4.0,5.0,4.0,3.0,1,10.0,1.0,1.0,7.0,3.0,9.0,2.0,3.0,9.0,5.0,10.0,9.0,3.0,10.0,8.0,4.0,8.0,9.0,8.0,7.0,,,,7.0,,,10.0,4.0,6.0,,7.0,7.0,,10.0,10.0,9.0,5.0,4.0,,,5.0,,,,1.0,10,10.0,10,1
2009-05-27,91231,,11,3,5070.0,48268R10,KSW,K S W INC,KSW,221330.0,Q,A,R,50698,3,5070.0,,,,50.0,507.0,,,,,,,2.8,0.072797,6235.0,1.0,2.71,17458.0,KSW,10.0,4.0,5.0,4.0,3.0,1,10.0,1.0,1.0,7.0,3.0,9.0,2.0,3.0,9.0,5.0,10.0,9.0,3.0,10.0,8.0,4.0,8.0,9.0,8.0,7.0,,,,7.0,,,10.0,4.0,6.0,,7.0,7.0,,10.0,10.0,9.0,5.0,4.0,,,5.0,,,,1.0,10,10.0,10,1
2009-05-28,91231,,11,3,5070.0,48268R10,KSW,K S W INC,KSW,221330.0,Q,A,R,50698,3,5070.0,,,,50.0,507.0,,,,,,,2.72,-0.028571,6235.0,1.0,2.7,16959.2,KSW,10.0,4.0,5.0,4.0,3.0,1,10.0,1.0,1.0,7.0,3.0,9.0,2.0,3.0,9.0,5.0,10.0,9.0,3.0,10.0,8.0,4.0,8.0,9.0,8.0,7.0,,,,7.0,,,10.0,4.0,6.0,,7.0,7.0,,10.0,10.0,9.0,5.0,4.0,,,5.0,,,,1.0,10,10.0,10,1
2009-05-29,91231,,11,3,5070.0,48268R10,KSW,K S W INC,KSW,221330.0,Q,A,R,50698,3,5070.0,,,,50.0,507.0,,,,,,,2.72,0.0,6235.0,1.0,2.67,16959.2,KSW,10.0,4.0,5.0,4.0,3.0,1,10.0,1.0,1.0,7.0,3.0,9.0,2.0,3.0,9.0,5.0,10.0,9.0,3.0,10.0,8.0,4.0,8.0,9.0,8.0,7.0,,,,7.0,,,10.0,4.0,6.0,,7.0,7.0,,10.0,10.0,9.0,5.0,4.0,,,5.0,,,,1.0,10,10.0,10,1
2009-06-01,91231,,11,3,5070.0,48268R10,KSW,K S W INC,KSW,221330.0,Q,A,R,50698,3,5070.0,,,,50.0,507.0,,,,,,,2.8,0.029412,6235.0,1.0,2.65,17458.0,KSW,10.0,4.0,5.0,4.0,3.0,1,10.0,1.0,1.0,7.0,3.0,9.0,2.0,3.0,9.0,5.0,10.0,9.0,3.0,10.0,8.0,4.0,8.0,9.0,8.0,7.0,,,,8.0,,,10.0,5.0,8.0,,7.0,8.0,,4.0,7.0,,7.0,4.0,10.0,,7.0,,,,1.0,10,10.0,10,1
2009-06-02,91231,,11,3,5070.0,48268R10,KSW,K S W INC,KSW,221330.0,Q,A,R,50698,3,5070.0,,,,50.0,507.0,,,,,,,2.75,-0.017857,6235.0,1.0,2.75,17146.25,KSW,10.0,4.0,5.0,4.0,3.0,1,10.0,1.0,1.0,7.0,3.0,9.0,2.0,3.0,9.0,5.0,10.0,9.0,3.0,10.0,8.0,4.0,8.0,9.0,8.0,7.0,,,,8.0,,,10.0,5.0,8.0,,7.0,8.0,,4.0,7.0,,7.0,4.0,10.0,,7.0,,,,1.0,10,10.0,10,1
2009-06-03,91231,,11,3,5070.0,48268R10,KSW,K S W INC,KSW,221330.0,Q,A,R,50698,3,5070.0,,,,50.0,507.0,,,,,,,2.76,0.003636,6235.0,1.0,2.71,17208.6,KSW,10.0,4.0,5.0,4.0,3.0,1,10.0,1.0,1.0,7.0,3.0,9.0,2.0,3.0,9.0,5.0,10.0,9.0,3.0,10.0,8.0,4.0,8.0,9.0,8.0,7.0,,,,8.0,,,10.0,5.0,8.0,,7.0,8.0,,4.0,7.0,,7.0,4.0,10.0,,7.0,,,,1.0,10,10.0,10,1
2009-06-04,91231,,11,3,5070.0,48268R10,KSW,K S W INC,KSW,221330.0,Q,A,R,50698,3,5070.0,,,,50.0,507.0,,,,,,,2.7,-0.021739,6235.0,1.0,2.75,16834.5,KSW,10.0,4.0,5.0,4.0,3.0,1,10.0,1.0,1.0,7.0,3.0,9.0,2.0,3.0,9.0,5.0,10.0,9.0,3.0,10.0,8.0,4.0,8.0,9.0,8.0,7.0,,,,8.0,,,10.0,5.0,8.0,,7.0,8.0,,4.0,7.0,,7.0,4.0,10.0,,7.0,,,,1.0,10,10.0,10,1
2009-06-05,91231,,11,3,5070.0,48268R10,KSW,K S W INC,KSW,221330.0,Q,A,R,50698,3,5070.0,,,,50.0,507.0,,,,,,,2.7,0.0,6235.0,1.0,2.76,16834.5,KSW,10.0,4.0,5.0,4.0,3.0,1,10.0,1.0,1.0,7.0,3.0,9.0,2.0,3.0,9.0,5.0,10.0,9.0,3.0,10.0,8.0,4.0,8.0,9.0,8.0,7.0,,,,8.0,,,10.0,5.0,8.0,,7.0,8.0,,4.0,7.0,,7.0,4.0,10.0,,7.0,,,,1.0,10,10.0,10,1
2009-06-08,91231,,11,3,5070.0,48268R10,KSW,K S W INC,KSW,221330.0,Q,A,R,50698,3,5070.0,,,,50.0,507.0,,,,,,,2.7,0.0,6235.0,1.0,2.69,16834.5,KSW,10.0,4.0,5.0,4.0,3.0,1,10.0,1.0,1.0,7.0,3.0,9.0,2.0,3.0,9.0,5.0,10.0,9.0,3.0,10.0,8.0,4.0,8.0,9.0,8.0,7.0,,,,8.0,,,10.0,5.0,8.0,,7.0,8.0,,4.0,7.0,,7.0,4.0,10.0,,7.0,,,,1.0,10,10.0,10,1
2009-06-09,91231,,11,3,5070.0,48268R10,KSW,K S W INC,KSW,221330.0,Q,A,R,50698,3,5070.0,,,,50.0,507.0,,,,,,,2.66,-0.014815,6235.0,1.0,2.725,16585.1,KSW,10.0,4.0,5.0,4.0,3.0,1,10.0,1.0,1.0,7.0,3.0,9.0,2.0,3.0,9.0,5.0,10.0,9.0,3.0,10.0,8.0,4.0,8.0,9.0,8.0,7.0,,,,8.0,,,10.0,5.0,8.0,,7.0,8.0,,4.0,7.0,,7.0,4.0,10.0,,7.0,,,,1.0,10,10.0,10,1
2009-06-10,91231,,11,3,5070.0,48268R10,KSW,K S W INC,KSW,221330.0,Q,A,R,50698,3,5070.0,,,,50.0,507.0,,,,,,,2.71,0.018797,6235.0,1.0,2.75,16896.85,KSW,10.0,4.0,5.0,4.0,3.0,1,10.0,1.0,1.0,7.0,3.0,9.0,2.0,3.0,9.0,5.0,10.0,9.0,3.0,10.0,8.0,4.0,8.0,9.0,8.0,7.0,,,,8.0,,,10.0,5.0,8.0,,7.0,8.0,,4.0,7.0,,7.0,4.0,10.0,,7.0,,,,1.0,10,10.0,10,1
2009-06-11,91231,,11,3,5070.0,48268R10,KSW,K S W INC,KSW,221330.0,Q,A,R,50698,3,5070.0,,,,50.0,507.0,,,,,,,2.8,0.03321,6235.0,1.0,2.79,17458.0,KSW,10.0,4.0,5.0,4.0,3.0,1,10.0,1.0,1.0,7.0,3.0,9.0,2.0,3.0,9.0,5.0,10.0,9.0,3.0,10.0,8.0,4.0,8.0,9.0,8.0,7.0,,,,8.0,,,10.0,5.0,8.0,,7.0,8.0,,4.0,7.0,,7.0,4.0,10.0,,7.0,,,,1.0,10,10.0,10,1
2009-06-12,91231,,11,3,5070.0,48268R10,KSW,K S W INC,KSW,221330.0,Q,A,R,50698,3,5070.0,,,,50.0,507.0,,,,,,,2.78,-0.007143,6235.0,1.0,2.85,17333.3,KSW,10.0,4.0,5.0,4.0,3.0,1,10.0,1.0,1.0,7.0,3.0,9.0,2.0,3.0,9.0,5.0,10.0,9.0,3.0,10.0,8.0,4.0,8.0,9.0,8.0,7.0,,,,8.0,,,10.0,5.0,8.0,,7.0,8.0,,4.0,7.0,,7.0,4.0,10.0,,7.0,,,,1.0,10,10.0,10,1
2009-06-15,91231,,11,3,5070.0,48268R10,KSW,K S W INC,KSW,221330.0,Q,A,R,50698,3,5070.0,,,,50.0,507.0,,,,,,,2.74,-0.014388,6235.0,1.0,2.78,17083.9,KSW,10.0,4.0,5.0,4.0,3.0,1,10.0,1.0,1.0,7.0,3.0,9.0,2.0,3.0,9.0,5.0,10.0,9.0,3.0,10.0,8.0,4.0,8.0,9.0,8.0,7.0,,,,8.0,,,10.0,5.0,8.0,,7.0,8.0,,4.0,7.0,,7.0,4.0,10.0,,7.0,,,,1.0,10,10.0,10,1
2009-06-16,91231,,11,3,5070.0,48268R10,KSW,K S W INC,KSW,221330.0,Q,A,R,50698,3,5070.0,,,,50.0,507.0,,,,,,,2.74,0.0,6235.0,1.0,2.78,17083.9,KSW,10.0,4.0,5.0,4.0,3.0,1,10.0,1.0,1.0,7.0,3.0,9.0,2.0,3.0,9.0,5.0,10.0,9.0,3.0,10.0,8.0,4.0,8.0,9.0,8.0,7.0,,,,8.0,,,10.0,5.0,8.0,,7.0,8.0,,4.0,7.0,,7.0,4.0,10.0,,7.0,,,,1.0,10,10.0,10,1
2009-06-17,91231,,11,3,5070.0,48268R10,KSW,K S W INC,KSW,221330.0,Q,A,R,50698,3,5070.0,,,,50.0,507.0,,,,,,,2.7,-0.014599,6235.0,1.0,2.71,16834.5,KSW,10.0,4.0,5.0,4.0,3.0,1,10.0,1.0,1.0,7.0,3.0,9.0,2.0,3.0,9.0,5.0,10.0,9.0,3.0,10.0,8.0,4.0,8.0,9.0,8.0,7.0,,,,8.0,,,10.0,5.0,8.0,,7.0,8.0,,4.0,7.0,,7.0,4.0,10.0,,7.0,,,,1.0,10,10.0,10,1
2009-06-18,91231,,11,3,5070.0,48268R10,KSW,K S W INC,KSW,221330.0,Q,A,R,50698,3,5070.0,,,,50.0,507.0,,,,,,,2.65,-0.018519,6235.0,1.0,2.64,16522.75,KSW,10.0,4.0,5.0,4.0,3.0,1,10.0,1.0,1.0,7.0,3.0,9.0,2.0,3.0,9.0,5.0,10.0,9.0,3.0,10.0,8.0,4.0,8.0,9.0,8.0,7.0,,,,8.0,,,10.0,5.0,8.0,,7.0,8.0,,4.0,7.0,,7.0,4.0,10.0,,7.0,,,,1.0,10,10.0,10,1
2009-06-19,91231,,11,3,5070.0,48268R10,KSW,K S W INC,KSW,221330.0,Q,A,R,50698,3,5070.0,,,,50.0,507.0,,,,,,,2.6,-0.018868,6235.0,1.0,2.61,16211.0,KSW,10.0,4.0,5.0,4.0,3.0,1,10.0,1.0,1.0,7.0,3.0,9.0,2.0,3.0,9.0,5.0,10.0,9.0,3.0,10.0,8.0,4.0,8.0,9.0,8.0,7.0,,,,8.0,,,10.0,5.0,8.0,,7.0,8.0,,4.0,7.0,,7.0,4.0,10.0,,7.0,,,,1.0,10,10.0,10,1
2009-06-22,91231,,11,3,5070.0,48268R10,KSW,K S W INC,KSW,221330.0,Q,A,R,50698,3,5070.0,,,,50.0,507.0,,,,,,,2.65,0.019231,6235.0,1.0,2.58,16522.75,KSW,10.0,4.0,5.0,4.0,3.0,1,10.0,1.0,1.0,7.0,3.0,9.0,2.0,3.0,9.0,5.0,10.0,9.0,3.0,10.0,8.0,4.0,8.0,9.0,8.0,7.0,,,,8.0,,,10.0,5.0,8.0,,7.0,8.0,,4.0,7.0,,7.0,4.0,10.0,,7.0,,,,1.0,10,10.0,10,1
2009-06-23,91231,,11,3,5070.0,48268R10,KSW,K S W INC,KSW,221330.0,Q,A,R,50698,3,5070.0,,,,50.0,507.0,,,,,,,2.7,0.018868,6235.0,1.0,2.7,16834.5,KSW,10.0,4.0,5.0,4.0,3.0,1,10.0,1.0,1.0,7.0,3.0,9.0,2.0,3.0,9.0,5.0,10.0,9.0,3.0,10.0,8.0,4.0,8.0,9.0,8.0,7.0,,,,8.0,,,10.0,5.0,8.0,,7.0,8.0,,4.0,7.0,,7.0,4.0,10.0,,7.0,,,,1.0,10,10.0,10,1
2009-06-24,91231,,11,3,5070.0,48268R10,KSW,K S W INC,KSW,221330.0,Q,A,R,50698,3,5070.0,,,,50.0,507.0,,,,,,,2.68,-0.007407,6235.0,1.0,2.74,16709.8,KSW,10.0,4.0,5.0,4.0,3.0,1,10.0,1.0,1.0,7.0,3.0,9.0,2.0,3.0,9.0,5.0,10.0,9.0,3.0,10.0,8.0,4.0,8.0,9.0,8.0,7.0,,,,8.0,,,10.0,5.0,8.0,,7.0,8.0,,4.0,7.0,,7.0,4.0,10.0,,7.0,,,,1.0,10,10.0,10,1
2009-06-25,91231,,11,3,5070.0,48268R10,KSW,K S W INC,KSW,221330.0,Q,A,R,50698,3,5070.0,,,,50.0,507.0,1252.0,0.1,0.0,,,,2.6,0.007463,6235.0,1.0,2.65,16211.0,KSW,10.0,4.0,5.0,4.0,3.0,1,10.0,1.0,1.0,7.0,3.0,9.0,2.0,3.0,9.0,5.0,10.0,9.0,3.0,10.0,8.0,4.0,8.0,9.0,8.0,7.0,,,,8.0,,,10.0,5.0,8.0,,7.0,8.0,,4.0,7.0,,7.0,4.0,10.0,,7.0,,,,1.0,10,10.0,10,1
2009-06-26,91231,,11,3,5070.0,48268R10,KSW,K S W INC,KSW,221330.0,Q,A,R,50698,3,5070.0,,,,50.0,507.0,,,,,,,2.66,0.023077,6235.0,1.0,2.63,16585.1,KSW,10.0,4.0,5.0,4.0,3.0,1,10.0,1.0,1.0,7.0,3.0,9.0,2.0,3.0,9.0,5.0,10.0,9.0,3.0,10.0,8.0,4.0,8.0,9.0,8.0,7.0,,,,8.0,,,10.0,5.0,8.0,,7.0,8.0,,4.0,7.0,,7.0,4.0,10.0,,7.0,,,,1.0,10,10.0,10,1
2009-06-29,91231,,11,3,5070.0,48268R10,KSW,K S W INC,KSW,221330.0,Q,A,R,50698,3,5070.0,,,,50.0,507.0,,,,,,,2.66,0.0,6235.0,1.0,2.6701,16585.1,KSW,10.0,4.0,5.0,4.0,3.0,1,10.0,1.0,1.0,7.0,3.0,9.0,2.0,3.0,9.0,5.0,10.0,9.0,3.0,10.0,8.0,4.0,8.0,9.0,8.0,7.0,,,,8.0,,,10.0,5.0,8.0,,7.0,8.0,,4.0,7.0,,7.0,4.0,10.0,,7.0,,,,1.0,10,10.0,10,1
2009-06-30,91231,,11,3,5070.0,48268R10,KSW,K S W INC,KSW,221330.0,Q,A,R,50698,3,5070.0,,,,50.0,507.0,,,,,,,2.73,0.026316,6235.0,1.0,2.67,17021.55,KSW,10.0,4.0,5.0,4.0,3.0,1,10.0,1.0,1.0,7.0,3.0,9.0,2.0,3.0,9.0,5.0,10.0,9.0,3.0,10.0,8.0,4.0,8.0,9.0,8.0,7.0,,,,8.0,,,10.0,5.0,8.0,,7.0,8.0,,4.0,7.0,,7.0,4.0,10.0,,7.0,,,,1.0,10,10.0,10,1
2009-07-01,91231,,11,3,5070.0,48268R10,KSW,K S W INC,KSW,221330.0,Q,A,R,50698,3,5070.0,,,,50.0,507.0,,,,,,,2.75,0.007326,6235.0,1.0,2.74,17146.25,KSW,10.0,7.0,4.0,7.0,6.0,1,10.0,10.0,8.0,2.0,2.0,9.0,2.0,,10.0,8.0,10.0,5.0,1.0,1.0,2.0,6.0,8.0,9.0,9.0,2.0,,,,8.0,,,10.0,3.0,9.0,,8.0,8.0,,5.0,7.0,5.0,4.0,5.0,10.0,,3.0,,,,1.0,10,10.0,10,1
2009-07-02,91231,,11,3,5070.0,48268R10,KSW,K S W INC,KSW,221330.0,Q,A,R,50698,3,5070.0,,,,50.0,507.0,,,,,,,2.69,-0.021818,6235.0,1.0,2.76,16772.15,KSW,10.0,7.0,4.0,7.0,6.0,1,10.0,10.0,8.0,2.0,2.0,9.0,2.0,,10.0,8.0,10.0,5.0,1.0,1.0,2.0,6.0,8.0,9.0,9.0,2.0,,,,8.0,,,10.0,3.0,9.0,,8.0,8.0,,5.0,7.0,5.0,4.0,5.0,10.0,,3.0,,,,1.0,10,10.0,10,1
2009-07-06,91231,,11,3,5070.0,48268R10,KSW,K S W INC,KSW,221330.0,Q,A,R,50698,3,5070.0,,,,50.0,507.0,,,,,,,2.78,0.033457,6235.0,1.0,2.64,17333.3,KSW,10.0,7.0,4.0,7.0,6.0,1,10.0,10.0,8.0,2.0,2.0,9.0,2.0,,10.0,8.0,10.0,5.0,1.0,1.0,2.0,6.0,8.0,9.0,9.0,2.0,,,,8.0,,,10.0,3.0,9.0,,8.0,8.0,,5.0,7.0,5.0,4.0,5.0,10.0,,3.0,,,,1.0,10,10.0,10,1
2009-07-07,91231,,11,3,5070.0,48268R10,KSW,K S W INC,KSW,221330.0,Q,A,R,50698,3,5070.0,,,,50.0,507.0,,,,,,,2.71,-0.02518,6235.0,1.0,2.69,16896.85,KSW,10.0,7.0,4.0,7.0,6.0,1,10.0,10.0,8.0,2.0,2.0,9.0,2.0,,10.0,8.0,10.0,5.0,1.0,1.0,2.0,6.0,8.0,9.0,9.0,2.0,,,,8.0,,,10.0,3.0,9.0,,8.0,8.0,,5.0,7.0,5.0,4.0,5.0,10.0,,3.0,,,,1.0,10,10.0,10,1
2009-07-08,91231,,11,3,5070.0,48268R10,KSW,K S W INC,KSW,221330.0,Q,A,R,50698,3,5070.0,,,,50.0,507.0,,,,,,,2.83,0.04428,6235.0,1.0,2.75,17645.05,KSW,10.0,7.0,4.0,7.0,6.0,1,10.0,10.0,8.0,2.0,2.0,9.0,2.0,,10.0,8.0,10.0,5.0,1.0,1.0,2.0,6.0,8.0,9.0,9.0,2.0,,,,8.0,,,10.0,3.0,9.0,,8.0,8.0,,5.0,7.0,5.0,4.0,5.0,10.0,,3.0,,,,1.0,10,10.0,10,1
2009-07-09,91231,,11,3,5070.0,48268R10,KSW,K S W INC,KSW,221330.0,Q,A,R,50698,3,5070.0,,,,50.0,507.0,,,,,,,2.76,-0.024735,6235.0,1.0,2.7799,17208.6,KSW,10.0,7.0,4.0,7.0,6.0,1,10.0,10.0,8.0,2.0,2.0,9.0,2.0,,10.0,8.0,10.0,5.0,1.0,1.0,2.0,6.0,8.0,9.0,9.0,2.0,,,,8.0,,,10.0,3.0,9.0,,8.0,8.0,,5.0,7.0,5.0,4.0,5.0,10.0,,3.0,,,,1.0,10,10.0,10,1
2009-07-10,91231,,11,3,5070.0,48268R10,KSW,K S W INC,KSW,221330.0,Q,A,R,50698,3,5070.0,,,,50.0,507.0,,,,,,,2.73,-0.01087,6235.0,1.0,2.75,17021.55,KSW,10.0,7.0,4.0,7.0,6.0,1,10.0,10.0,8.0,2.0,2.0,9.0,2.0,,10.0,8.0,10.0,5.0,1.0,1.0,2.0,6.0,8.0,9.0,9.0,2.0,,,,8.0,,,10.0,3.0,9.0,,8.0,8.0,,5.0,7.0,5.0,4.0,5.0,10.0,,3.0,,,,1.0,10,10.0,10,1
2009-07-13,91231,,11,3,5070.0,48268R10,KSW,K S W INC,KSW,221330.0,Q,A,R,50698,3,5070.0,,,,50.0,507.0,,,,,,,2.7,-0.010989,6235.0,1.0,2.71,16834.5,KSW,10.0,7.0,4.0,7.0,6.0,1,10.0,10.0,8.0,2.0,2.0,9.0,2.0,,10.0,8.0,10.0,5.0,1.0,1.0,2.0,6.0,8.0,9.0,9.0,2.0,,,,8.0,,,10.0,3.0,9.0,,8.0,8.0,,5.0,7.0,5.0,4.0,5.0,10.0,,3.0,,,,1.0,10,10.0,10,1
2009-07-14,91231,,11,3,5070.0,48268R10,KSW,K S W INC,KSW,221330.0,Q,A,R,50698,3,5070.0,,,,50.0,507.0,,,,,,,2.79,0.033333,6235.0,1.0,2.74,17395.65,KSW,10.0,7.0,4.0,7.0,6.0,1,10.0,10.0,8.0,2.0,2.0,9.0,2.0,,10.0,8.0,10.0,5.0,1.0,1.0,2.0,6.0,8.0,9.0,9.0,2.0,,,,8.0,,,10.0,3.0,9.0,,8.0,8.0,,5.0,7.0,5.0,4.0,5.0,10.0,,3.0,,,,1.0,10,10.0,10,1
2009-07-15,91231,,11,3,5070.0,48268R10,KSW,K S W INC,KSW,221330.0,Q,A,R,50698,3,5070.0,,,,50.0,507.0,,,,,,,2.79,0.0,6235.0,1.0,2.8,17395.65,KSW,10.0,7.0,4.0,7.0,6.0,1,10.0,10.0,8.0,2.0,2.0,9.0,2.0,,10.0,8.0,10.0,5.0,1.0,1.0,2.0,6.0,8.0,9.0,9.0,2.0,,,,8.0,,,10.0,3.0,9.0,,8.0,8.0,,5.0,7.0,5.0,4.0,5.0,10.0,,3.0,,,,1.0,10,10.0,10,1
2009-07-16,91231,,11,3,5070.0,48268R10,KSW,K S W INC,KSW,221330.0,Q,A,R,50698,3,5070.0,,,,50.0,507.0,,,,,,,2.82,0.010753,6235.0,1.0,2.81,17582.7,KSW,10.0,7.0,4.0,7.0,6.0,1,10.0,10.0,8.0,2.0,2.0,9.0,2.0,,10.0,8.0,10.0,5.0,1.0,1.0,2.0,6.0,8.0,9.0,9.0,2.0,,,,8.0,,,10.0,3.0,9.0,,8.0,8.0,,5.0,7.0,5.0,4.0,5.0,10.0,,3.0,,,,1.0,10,10.0,10,1
2009-07-17,91231,,11,3,5070.0,48268R10,KSW,K S W INC,KSW,221330.0,Q,A,R,50698,3,5070.0,,,,50.0,507.0,,,,,,,2.83,0.003546,6235.0,1.0,2.84,17645.05,KSW,10.0,7.0,4.0,7.0,6.0,1,10.0,10.0,8.0,2.0,2.0,9.0,2.0,,10.0,8.0,10.0,5.0,1.0,1.0,2.0,6.0,8.0,9.0,9.0,2.0,,,,8.0,,,10.0,3.0,9.0,,8.0,8.0,,5.0,7.0,5.0,4.0,5.0,10.0,,3.0,,,,1.0,10,10.0,10,1
2009-07-20,91231,,11,3,5070.0,48268R10,KSW,K S W INC,KSW,221330.0,Q,A,R,50698,3,5070.0,,,,50.0,507.0,,,,,,,2.85,0.007067,6235.0,1.0,2.74,17769.75,KSW,10.0,7.0,4.0,7.0,6.0,1,10.0,10.0,8.0,2.0,2.0,9.0,2.0,,10.0,8.0,10.0,5.0,1.0,1.0,2.0,6.0,8.0,9.0,9.0,2.0,,,,8.0,,,10.0,3.0,9.0,,8.0,8.0,,5.0,7.0,5.0,4.0,5.0,10.0,,3.0,,,,1.0,10,10.0,10,1
2009-07-21,91231,,11,3,5070.0,48268R10,KSW,K S W INC,KSW,221330.0,Q,A,R,50698,3,5070.0,,,,50.0,507.0,,,,,,,2.7895,-0.021228,6235.0,1.0,2.7505,17392.5325,KSW,10.0,7.0,4.0,7.0,6.0,1,10.0,10.0,8.0,2.0,2.0,9.0,2.0,,10.0,8.0,10.0,5.0,1.0,1.0,2.0,6.0,8.0,9.0,9.0,2.0,,,,8.0,,,10.0,3.0,9.0,,8.0,8.0,,5.0,7.0,5.0,4.0,5.0,10.0,,3.0,,,,1.0,10,10.0,10,1
2009-07-22,91231,,11,3,5070.0,48268R10,KSW,K S W INC,KSW,221330.0,Q,A,R,50698,3,5070.0,,,,50.0,507.0,,,,,,,2.8344,0.016096,6235.0,1.0,2.84,17672.484,KSW,10.0,7.0,4.0,7.0,6.0,1,10.0,10.0,8.0,2.0,2.0,9.0,2.0,,10.0,8.0,10.0,5.0,1.0,1.0,2.0,6.0,8.0,9.0,9.0,2.0,,,,8.0,,,10.0,3.0,9.0,,8.0,8.0,,5.0,7.0,5.0,4.0,5.0,10.0,,3.0,,,,1.0,10,10.0,10,1
2009-07-23,91231,,11,3,5070.0,48268R10,KSW,K S W INC,KSW,221330.0,Q,A,R,50698,3,5070.0,,,,50.0,507.0,,,,,,,2.86,0.009032,6235.0,1.0,2.78,17832.1,KSW,10.0,7.0,4.0,7.0,6.0,1,10.0,10.0,8.0,2.0,2.0,9.0,2.0,,10.0,8.0,10.0,5.0,1.0,1.0,2.0,6.0,8.0,9.0,9.0,2.0,,,,8.0,,,10.0,3.0,9.0,,8.0,8.0,,5.0,7.0,5.0,4.0,5.0,10.0,,3.0,,,,1.0,10,10.0,10,1
2009-07-24,91231,,11,3,5070.0,48268R10,KSW,K S W INC,KSW,221330.0,Q,A,R,50698,3,5070.0,,,,50.0,507.0,,,,,,,2.84,-0.006993,6235.0,1.0,2.82,17707.4,KSW,10.0,7.0,4.0,7.0,6.0,1,10.0,10.0,8.0,2.0,2.0,9.0,2.0,,10.0,8.0,10.0,5.0,1.0,1.0,2.0,6.0,8.0,9.0,9.0,2.0,,,,8.0,,,10.0,3.0,9.0,,8.0,8.0,,5.0,7.0,5.0,4.0,5.0,10.0,,3.0,,,,1.0,10,10.0,10,1
2009-07-27,91231,,11,3,5070.0,48268R10,KSW,K S W INC,KSW,221330.0,Q,A,R,50698,3,5070.0,,,,50.0,507.0,,,,,,,2.8,-0.014084,6235.0,1.0,2.79,17458.0,KSW,10.0,7.0,4.0,7.0,6.0,1,10.0,10.0,8.0,2.0,2.0,9.0,2.0,,10.0,8.0,10.0,5.0,1.0,1.0,2.0,6.0,8.0,9.0,9.0,2.0,,,,8.0,,,10.0,3.0,9.0,,8.0,8.0,,5.0,7.0,5.0,4.0,5.0,10.0,,3.0,,,,1.0,10,10.0,10,1
2009-07-28,91231,,11,3,5070.0,48268R10,KSW,K S W INC,KSW,221330.0,Q,A,R,50698,3,5070.0,,,,50.0,507.0,,,,,,,2.79,-0.003571,6235.0,1.0,2.78,17395.65,KSW,10.0,7.0,4.0,7.0,6.0,1,10.0,10.0,8.0,2.0,2.0,9.0,2.0,,10.0,8.0,10.0,5.0,1.0,1.0,2.0,6.0,8.0,9.0,9.0,2.0,,,,8.0,,,10.0,3.0,9.0,,8.0,8.0,,5.0,7.0,5.0,4.0,5.0,10.0,,3.0,,,,1.0,10,10.0,10,1
2009-07-29,91231,,11,3,5070.0,48268R10,KSW,K S W INC,KSW,221330.0,Q,A,R,50698,3,5070.0,,,,50.0,507.0,,,,,,,2.8,0.003584,6235.0,1.0,2.84,17458.0,KSW,10.0,7.0,4.0,7.0,6.0,1,10.0,10.0,8.0,2.0,2.0,9.0,2.0,,10.0,8.0,10.0,5.0,1.0,1.0,2.0,6.0,8.0,9.0,9.0,2.0,,,,8.0,,,10.0,3.0,9.0,,8.0,8.0,,5.0,7.0,5.0,4.0,5.0,10.0,,3.0,,,,1.0,10,10.0,10,1
2009-07-30,91231,,11,3,5070.0,48268R10,KSW,K S W INC,KSW,221330.0,Q,A,R,50698,3,5070.0,,,,50.0,507.0,,,,,,,2.83,0.010714,6235.0,1.0,2.79,17645.05,KSW,10.0,7.0,4.0,7.0,6.0,1,10.0,10.0,8.0,2.0,2.0,9.0,2.0,,10.0,8.0,10.0,5.0,1.0,1.0,2.0,6.0,8.0,9.0,9.0,2.0,,,,8.0,,,10.0,3.0,9.0,,8.0,8.0,,5.0,7.0,5.0,4.0,5.0,10.0,,3.0,,,,1.0,10,10.0,10,1
2009-07-31,91231,,11,3,5070.0,48268R10,KSW,K S W INC,KSW,221330.0,Q,A,R,50698,3,5070.0,,,,50.0,507.0,,,,,,,2.87,0.014134,6235.0,1.0,2.8,17894.45,KSW,10.0,7.0,4.0,7.0,6.0,1,10.0,10.0,8.0,2.0,2.0,9.0,2.0,,10.0,8.0,10.0,5.0,1.0,1.0,2.0,6.0,8.0,9.0,9.0,2.0,,,,8.0,,,10.0,3.0,9.0,,8.0,8.0,,5.0,7.0,5.0,4.0,5.0,10.0,,3.0,,,,1.0,10,10.0,10,1
2009-08-03,91231,,11,3,5070.0,48268R10,KSW,K S W INC,KSW,221330.0,Q,A,R,50698,3,5070.0,,,,50.0,507.0,,,,,,,2.98,0.038328,6235.0,1.0,2.87,18580.3,KSW,10.0,7.0,4.0,7.0,6.0,1,10.0,10.0,8.0,2.0,2.0,9.0,2.0,,10.0,8.0,10.0,5.0,1.0,1.0,2.0,6.0,8.0,9.0,9.0,2.0,,,,5.0,,,10.0,4.0,8.0,,8.0,8.0,,5.0,6.0,5.0,7.0,4.0,10.0,,7.0,,,,1.0,10,10.0,10,1
2009-08-04,91231,,11,3,5070.0,48268R10,KSW,K S W INC,KSW,221330.0,Q,A,R,50698,3,5070.0,,,,50.0,507.0,,,,,,,3.11,0.043624,6235.0,1.0,3.0,19390.85,KSW,10.0,7.0,4.0,7.0,6.0,1,10.0,10.0,8.0,2.0,2.0,9.0,2.0,,10.0,8.0,10.0,5.0,1.0,1.0,2.0,6.0,8.0,9.0,9.0,2.0,,,,5.0,,,10.0,4.0,8.0,,8.0,8.0,,5.0,6.0,5.0,7.0,4.0,10.0,,7.0,,,,1.0,10,10.0,10,1
2009-08-05,91231,,11,3,5070.0,48268R10,KSW,K S W INC,KSW,221330.0,Q,A,R,50698,3,5070.0,,,,50.0,507.0,,,,,,,3.16,0.016077,6235.0,1.0,2.97,19702.6,KSW,10.0,7.0,4.0,7.0,6.0,1,10.0,10.0,8.0,2.0,2.0,9.0,2.0,,10.0,8.0,10.0,5.0,1.0,1.0,2.0,6.0,8.0,9.0,9.0,2.0,,,,5.0,,,10.0,4.0,8.0,,8.0,8.0,,5.0,6.0,5.0,7.0,4.0,10.0,,7.0,,,,1.0,10,10.0,10,1
2009-08-06,91231,,11,3,5070.0,48268R10,KSW,K S W INC,KSW,221330.0,Q,A,R,50698,3,5070.0,,,,50.0,507.0,,,,,,,3.18,0.006329,6235.0,1.0,3.2,19827.3,KSW,10.0,7.0,4.0,7.0,6.0,1,10.0,10.0,8.0,2.0,2.0,9.0,2.0,,10.0,8.0,10.0,5.0,1.0,1.0,2.0,6.0,8.0,9.0,9.0,2.0,,,,5.0,,,10.0,4.0,8.0,,8.0,8.0,,5.0,6.0,5.0,7.0,4.0,10.0,,7.0,,,,1.0,10,10.0,10,1
2009-08-07,91231,,11,3,5070.0,48268R10,KSW,K S W INC,KSW,221330.0,Q,A,R,50698,3,5070.0,,,,50.0,507.0,,,,,,,3.18,0.0,6235.0,1.0,3.1501,19827.3,KSW,10.0,7.0,4.0,7.0,6.0,1,10.0,10.0,8.0,2.0,2.0,9.0,2.0,,10.0,8.0,10.0,5.0,1.0,1.0,2.0,6.0,8.0,9.0,9.0,2.0,,,,5.0,,,10.0,4.0,8.0,,8.0,8.0,,5.0,6.0,5.0,7.0,4.0,10.0,,7.0,,,,1.0,10,10.0,10,1
2009-08-10,91231,,11,3,5070.0,48268R10,KSW,K S W INC,KSW,221330.0,Q,A,R,50698,3,5070.0,,,,50.0,507.0,,,,,,,3.282,0.032075,6235.0,1.0,3.11,20463.27,KSW,10.0,7.0,4.0,7.0,6.0,1,10.0,10.0,8.0,2.0,2.0,9.0,2.0,,10.0,8.0,10.0,5.0,1.0,1.0,2.0,6.0,8.0,9.0,9.0,2.0,,,,5.0,,,10.0,4.0,8.0,,8.0,8.0,,5.0,6.0,5.0,7.0,4.0,10.0,,7.0,,,,1.0,10,10.0,10,1
2009-08-11,91231,,11,3,5070.0,48268R10,KSW,K S W INC,KSW,221330.0,Q,A,R,50698,3,5070.0,,,,50.0,507.0,,,,,,,3.47,0.057282,6235.0,1.0,3.3,21635.45,KSW,10.0,7.0,4.0,7.0,6.0,1,10.0,10.0,8.0,2.0,2.0,9.0,2.0,,10.0,8.0,10.0,5.0,1.0,1.0,2.0,6.0,8.0,9.0,9.0,2.0,,,,5.0,,,10.0,4.0,8.0,,8.0,8.0,,5.0,6.0,5.0,7.0,4.0,10.0,,7.0,,,,1.0,10,10.0,10,1
2009-08-12,91231,,11,3,5070.0,48268R10,KSW,K S W INC,KSW,221330.0,Q,A,R,50698,3,5070.0,,,,50.0,507.0,,,,,,,3.45,-0.005764,6235.0,1.0,3.47,21510.75,KSW,10.0,7.0,4.0,7.0,6.0,1,10.0,10.0,8.0,2.0,2.0,9.0,2.0,,10.0,8.0,10.0,5.0,1.0,1.0,2.0,6.0,8.0,9.0,9.0,2.0,,,,5.0,,,10.0,4.0,8.0,,8.0,8.0,,5.0,6.0,5.0,7.0,4.0,10.0,,7.0,,,,1.0,10,10.0,10,1
2009-08-13,91231,,11,3,5070.0,48268R10,KSW,K S W INC,KSW,221330.0,Q,A,R,50698,3,5070.0,,,,50.0,507.0,,,,,,,3.25,-0.057971,6235.0,1.0,3.306,20263.75,KSW,10.0,7.0,4.0,7.0,6.0,1,10.0,10.0,8.0,2.0,2.0,9.0,2.0,,10.0,8.0,10.0,5.0,1.0,1.0,2.0,6.0,8.0,9.0,9.0,2.0,,,,5.0,,,10.0,4.0,8.0,,8.0,8.0,,5.0,6.0,5.0,7.0,4.0,10.0,,7.0,,,,1.0,10,10.0,10,1
2009-08-14,91231,,11,3,5070.0,48268R10,KSW,K S W INC,KSW,221330.0,Q,A,R,50698,3,5070.0,,,,50.0,507.0,,,,,,,3.24,-0.003077,6235.0,1.0,3.34,20201.4,KSW,10.0,7.0,4.0,7.0,6.0,1,10.0,10.0,8.0,2.0,2.0,9.0,2.0,,10.0,8.0,10.0,5.0,1.0,1.0,2.0,6.0,8.0,9.0,9.0,2.0,,,,5.0,,,10.0,4.0,8.0,,8.0,8.0,,5.0,6.0,5.0,7.0,4.0,10.0,,7.0,,,,1.0,10,10.0,10,1
2009-08-17,91231,,11,3,5070.0,48268R10,KSW,K S W INC,KSW,221330.0,Q,A,R,50698,3,5070.0,,,,50.0,507.0,,,,,,,3.18,-0.018519,6235.0,1.0,3.22,19827.3,KSW,10.0,7.0,4.0,7.0,6.0,1,10.0,10.0,8.0,2.0,2.0,9.0,2.0,,10.0,8.0,10.0,5.0,1.0,1.0,2.0,6.0,8.0,9.0,9.0,2.0,,,,5.0,,,10.0,4.0,8.0,,8.0,8.0,,5.0,6.0,5.0,7.0,4.0,10.0,,7.0,,,,1.0,10,10.0,10,1
2009-08-18,91231,,11,3,5070.0,48268R10,KSW,K S W INC,KSW,221330.0,Q,A,R,50698,3,5070.0,,,,50.0,507.0,,,,,,,-3.14,-0.012579,6235.0,1.0,,-19577.9,KSW,10.0,7.0,4.0,7.0,6.0,1,10.0,10.0,8.0,2.0,2.0,9.0,2.0,,10.0,8.0,10.0,5.0,1.0,1.0,2.0,6.0,8.0,9.0,9.0,2.0,,,,5.0,,,10.0,4.0,8.0,,8.0,8.0,,5.0,6.0,5.0,7.0,4.0,10.0,,7.0,,,,1.0,10,10.0,10,1
2009-08-19,91231,,11,3,5070.0,48268R10,KSW,K S W INC,KSW,221330.0,Q,A,R,50698,3,5070.0,,,,50.0,507.0,,,,,,,3.11,-0.009554,6235.0,1.0,3.11,19390.85,KSW,10.0,7.0,4.0,7.0,6.0,1,10.0,10.0,8.0,2.0,2.0,9.0,2.0,,10.0,8.0,10.0,5.0,1.0,1.0,2.0,6.0,8.0,9.0,9.0,2.0,,,,5.0,,,10.0,4.0,8.0,,8.0,8.0,,5.0,6.0,5.0,7.0,4.0,10.0,,7.0,,,,1.0,10,10.0,10,1
2009-08-20,91231,,11,3,5070.0,48268R10,KSW,K S W INC,KSW,221330.0,Q,A,R,50698,3,5070.0,,,,50.0,507.0,,,,,,,3.13,0.006431,6235.0,1.0,3.11,19515.55,KSW,10.0,7.0,4.0,7.0,6.0,1,10.0,10.0,8.0,2.0,2.0,9.0,2.0,,10.0,8.0,10.0,5.0,1.0,1.0,2.0,6.0,8.0,9.0,9.0,2.0,,,,5.0,,,10.0,4.0,8.0,,8.0,8.0,,5.0,6.0,5.0,7.0,4.0,10.0,,7.0,,,,1.0,10,10.0,10,1
2009-08-21,91231,,11,3,5070.0,48268R10,KSW,K S W INC,KSW,221330.0,Q,A,R,50698,3,5070.0,,,,50.0,507.0,,,,,,,3.16,0.009585,6235.0,1.0,3.14,19702.6,KSW,10.0,7.0,4.0,7.0,6.0,1,10.0,10.0,8.0,2.0,2.0,9.0,2.0,,10.0,8.0,10.0,5.0,1.0,1.0,2.0,6.0,8.0,9.0,9.0,2.0,,,,5.0,,,10.0,4.0,8.0,,8.0,8.0,,5.0,6.0,5.0,7.0,4.0,10.0,,7.0,,,,1.0,10,10.0,10,1
2009-08-24,91231,,11,3,5070.0,48268R10,KSW,K S W INC,KSW,221330.0,Q,A,R,50698,3,5070.0,,,,50.0,507.0,,,,,,,3.14,-0.006329,6235.0,1.0,3.15,19577.9,KSW,10.0,7.0,4.0,7.0,6.0,1,10.0,10.0,8.0,2.0,2.0,9.0,2.0,,10.0,8.0,10.0,5.0,1.0,1.0,2.0,6.0,8.0,9.0,9.0,2.0,,,,5.0,,,10.0,4.0,8.0,,8.0,8.0,,5.0,6.0,5.0,7.0,4.0,10.0,,7.0,,,,1.0,10,10.0,10,1
2009-08-25,91231,,11,3,5070.0,48268R10,KSW,K S W INC,KSW,221330.0,Q,A,R,50698,3,5070.0,,,,50.0,507.0,,,,,,,3.11,-0.009554,6235.0,1.0,3.11,19390.85,KSW,10.0,7.0,4.0,7.0,6.0,1,10.0,10.0,8.0,2.0,2.0,9.0,2.0,,10.0,8.0,10.0,5.0,1.0,1.0,2.0,6.0,8.0,9.0,9.0,2.0,,,,5.0,,,10.0,4.0,8.0,,8.0,8.0,,5.0,6.0,5.0,7.0,4.0,10.0,,7.0,,,,1.0,10,10.0,10,1
2009-08-26,91231,,11,3,5070.0,48268R10,KSW,K S W INC,KSW,221330.0,Q,A,R,50698,3,5070.0,,,,50.0,507.0,,,,,,,3.15,0.012862,6235.0,1.0,3.11,19640.25,KSW,10.0,7.0,4.0,7.0,6.0,1,10.0,10.0,8.0,2.0,2.0,9.0,2.0,,10.0,8.0,10.0,5.0,1.0,1.0,2.0,6.0,8.0,9.0,9.0,2.0,,,,5.0,,,10.0,4.0,8.0,,8.0,8.0,,5.0,6.0,5.0,7.0,4.0,10.0,,7.0,,,,1.0,10,10.0,10,1
2009-08-27,91231,,11,3,5070.0,48268R10,KSW,K S W INC,KSW,221330.0,Q,A,R,50698,3,5070.0,,,,50.0,507.0,,,,,,,3.18,0.009524,6235.0,1.0,3.1,19827.3,KSW,10.0,7.0,4.0,7.0,6.0,1,10.0,10.0,8.0,2.0,2.0,9.0,2.0,,10.0,8.0,10.0,5.0,1.0,1.0,2.0,6.0,8.0,9.0,9.0,2.0,,,,5.0,,,10.0,4.0,8.0,,8.0,8.0,,5.0,6.0,5.0,7.0,4.0,10.0,,7.0,,,,1.0,10,10.0,10,1
2009-08-28,91231,,11,3,5070.0,48268R10,KSW,K S W INC,KSW,221330.0,Q,A,R,50698,3,5070.0,,,,50.0,507.0,,,,,,,3.18,0.0,6235.0,1.0,3.19,19827.3,KSW,10.0,7.0,4.0,7.0,6.0,1,10.0,10.0,8.0,2.0,2.0,9.0,2.0,,10.0,8.0,10.0,5.0,1.0,1.0,2.0,6.0,8.0,9.0,9.0,2.0,,,,5.0,,,10.0,4.0,8.0,,8.0,8.0,,5.0,6.0,5.0,7.0,4.0,10.0,,7.0,,,,1.0,10,10.0,10,1
2009-08-31,91231,,11,3,5070.0,48268R10,KSW,K S W INC,KSW,221330.0,Q,A,R,50698,3,5070.0,,,,50.0,507.0,,,,,,,3.23,0.015723,6235.0,1.0,3.2,20139.05,KSW,10.0,7.0,4.0,7.0,6.0,1,10.0,10.0,8.0,2.0,2.0,9.0,2.0,,10.0,8.0,10.0,5.0,1.0,1.0,2.0,6.0,8.0,9.0,9.0,2.0,,,,5.0,,,10.0,4.0,8.0,,8.0,8.0,,5.0,6.0,5.0,7.0,4.0,10.0,,7.0,,,,1.0,10,10.0,10,1
2009-09-01,91231,,11,3,5070.0,48268R10,KSW,K S W INC,KSW,221330.0,Q,A,R,50698,3,5070.0,,,,50.0,507.0,,,,,,,3.169,-0.018885,6235.0,1.0,3.21,19758.715,KSW,10.0,7.0,4.0,7.0,6.0,1,10.0,10.0,8.0,2.0,2.0,9.0,2.0,,10.0,8.0,10.0,5.0,1.0,1.0,2.0,6.0,8.0,9.0,9.0,2.0,,,,5.0,,,10.0,3.0,9.0,,8.0,8.0,,4.0,4.0,4.0,3.0,6.0,10.0,,3.0,2.0,3.0,,1.0,10,10.0,10,1
2009-09-02,91231,,11,3,5070.0,48268R10,KSW,K S W INC,KSW,221330.0,Q,A,R,50698,3,5070.0,,,,50.0,507.0,,,,,,,3.18,0.003471,6235.0,1.0,3.16,19827.3,KSW,10.0,7.0,4.0,7.0,6.0,1,10.0,10.0,8.0,2.0,2.0,9.0,2.0,,10.0,8.0,10.0,5.0,1.0,1.0,2.0,6.0,8.0,9.0,9.0,2.0,,,,5.0,,,10.0,3.0,9.0,,8.0,8.0,,4.0,4.0,4.0,3.0,6.0,10.0,,3.0,2.0,3.0,,1.0,10,10.0,10,1
2009-09-03,91231,,11,3,5070.0,48268R10,KSW,K S W INC,KSW,221330.0,Q,A,R,50698,3,5070.0,,,,50.0,507.0,,,,,,,3.18,0.0,6235.0,1.0,3.19,19827.3,KSW,10.0,7.0,4.0,7.0,6.0,1,10.0,10.0,8.0,2.0,2.0,9.0,2.0,,10.0,8.0,10.0,5.0,1.0,1.0,2.0,6.0,8.0,9.0,9.0,2.0,,,,5.0,,,10.0,3.0,9.0,,8.0,8.0,,4.0,4.0,4.0,3.0,6.0,10.0,,3.0,2.0,3.0,,1.0,10,10.0,10,1
2009-09-04,91231,,11,3,5070.0,48268R10,KSW,K S W INC,KSW,221330.0,Q,A,R,50698,3,5070.0,,,,50.0,507.0,,,,,,,3.0601,-0.037704,6235.0,1.0,3.06,19079.7235,KSW,10.0,7.0,4.0,7.0,6.0,1,10.0,10.0,8.0,2.0,2.0,9.0,2.0,,10.0,8.0,10.0,5.0,1.0,1.0,2.0,6.0,8.0,9.0,9.0,2.0,,,,5.0,,,10.0,3.0,9.0,,8.0,8.0,,4.0,4.0,4.0,3.0,6.0,10.0,,3.0,2.0,3.0,,1.0,10,10.0,10,1
2009-09-08,91231,,11,3,5070.0,48268R10,KSW,K S W INC,KSW,221330.0,Q,A,R,50698,3,5070.0,,,,50.0,507.0,,,,,,,3.2,0.045717,6235.0,1.0,3.21,19952.0,KSW,10.0,7.0,4.0,7.0,6.0,1,10.0,10.0,8.0,2.0,2.0,9.0,2.0,,10.0,8.0,10.0,5.0,1.0,1.0,2.0,6.0,8.0,9.0,9.0,2.0,,,,5.0,,,10.0,3.0,9.0,,8.0,8.0,,4.0,4.0,4.0,3.0,6.0,10.0,,3.0,2.0,3.0,,1.0,10,10.0,10,1
2009-09-09,91231,,11,3,5070.0,48268R10,KSW,K S W INC,KSW,221330.0,Q,A,R,50698,3,5070.0,,,,50.0,507.0,,,,,,,3.1901,-0.003094,6235.0,1.0,3.22,19890.2735,KSW,10.0,7.0,4.0,7.0,6.0,1,10.0,10.0,8.0,2.0,2.0,9.0,2.0,,10.0,8.0,10.0,5.0,1.0,1.0,2.0,6.0,8.0,9.0,9.0,2.0,,,,5.0,,,10.0,3.0,9.0,,8.0,8.0,,4.0,4.0,4.0,3.0,6.0,10.0,,3.0,2.0,3.0,,1.0,10,10.0,10,1
2009-09-10,91231,,11,3,5070.0,48268R10,KSW,K S W INC,KSW,221330.0,Q,A,R,50698,3,5070.0,,,,50.0,507.0,,,,,,,3.2185,0.008903,6235.0,1.0,3.19,20067.3475,KSW,10.0,7.0,4.0,7.0,6.0,1,10.0,10.0,8.0,2.0,2.0,9.0,2.0,,10.0,8.0,10.0,5.0,1.0,1.0,2.0,6.0,8.0,9.0,9.0,2.0,,,,5.0,,,10.0,3.0,9.0,,8.0,8.0,,4.0,4.0,4.0,3.0,6.0,10.0,,3.0,2.0,3.0,,1.0,10,10.0,10,1
2009-09-11,91231,,11,3,5070.0,48268R10,KSW,K S W INC,KSW,221330.0,Q,A,R,50698,3,5070.0,,,,50.0,507.0,,,,,,,3.15,-0.021283,6235.0,1.0,3.25,19640.25,KSW,10.0,7.0,4.0,7.0,6.0,1,10.0,10.0,8.0,2.0,2.0,9.0,2.0,,10.0,8.0,10.0,5.0,1.0,1.0,2.0,6.0,8.0,9.0,9.0,2.0,,,,5.0,,,10.0,3.0,9.0,,8.0,8.0,,4.0,4.0,4.0,3.0,6.0,10.0,,3.0,2.0,3.0,,1.0,10,10.0,10,1
2009-09-14,91231,,11,3,5070.0,48268R10,KSW,K S W INC,KSW,221330.0,Q,A,R,50698,3,5070.0,,,,50.0,507.0,,,,,,,3.06,-0.028571,6235.0,1.0,3.15,19079.1,KSW,10.0,7.0,4.0,7.0,6.0,1,10.0,10.0,8.0,2.0,2.0,9.0,2.0,,10.0,8.0,10.0,5.0,1.0,1.0,2.0,6.0,8.0,9.0,9.0,2.0,,,,5.0,,,10.0,3.0,9.0,,8.0,8.0,,4.0,4.0,4.0,3.0,6.0,10.0,,3.0,2.0,3.0,,1.0,10,10.0,10,1
2009-09-15,91231,,11,3,5070.0,48268R10,KSW,K S W INC,KSW,221330.0,Q,A,R,50698,3,5070.0,,,,50.0,507.0,,,,,,,3.1099,0.016307,6235.0,1.0,3.1047,19390.2265,KSW,10.0,7.0,4.0,7.0,6.0,1,10.0,10.0,8.0,2.0,2.0,9.0,2.0,,10.0,8.0,10.0,5.0,1.0,1.0,2.0,6.0,8.0,9.0,9.0,2.0,,,,5.0,,,10.0,3.0,9.0,,8.0,8.0,,4.0,4.0,4.0,3.0,6.0,10.0,,3.0,2.0,3.0,,1.0,10,10.0,10,1
2009-09-16,91231,,11,3,5070.0,48268R10,KSW,K S W INC,KSW,221330.0,Q,A,R,50698,3,5070.0,,,,50.0,507.0,,,,,,,3.1,-0.003183,6235.0,1.0,3.09,19328.5,KSW,10.0,7.0,4.0,7.0,6.0,1,10.0,10.0,8.0,2.0,2.0,9.0,2.0,,10.0,8.0,10.0,5.0,1.0,1.0,2.0,6.0,8.0,9.0,9.0,2.0,,,,5.0,,,10.0,3.0,9.0,,8.0,8.0,,4.0,4.0,4.0,3.0,6.0,10.0,,3.0,2.0,3.0,,1.0,10,10.0,10,1
2009-09-17,91231,,11,3,5070.0,48268R10,KSW,K S W INC,KSW,221330.0,Q,A,R,50698,3,5070.0,,,,50.0,507.0,,,,,,,3.1,0.0,6235.0,1.0,3.1,19328.5,KSW,10.0,7.0,4.0,7.0,6.0,1,10.0,10.0,8.0,2.0,2.0,9.0,2.0,,10.0,8.0,10.0,5.0,1.0,1.0,2.0,6.0,8.0,9.0,9.0,2.0,,,,5.0,,,10.0,3.0,9.0,,8.0,8.0,,4.0,4.0,4.0,3.0,6.0,10.0,,3.0,2.0,3.0,,1.0,10,10.0,10,1
2009-09-18,91231,,11,3,5070.0,48268R10,KSW,K S W INC,KSW,221330.0,Q,A,R,50698,3,5070.0,,,,50.0,507.0,,,,,,,3.16,0.019355,6235.0,1.0,3.1,19702.6,KSW,10.0,7.0,4.0,7.0,6.0,1,10.0,10.0,8.0,2.0,2.0,9.0,2.0,,10.0,8.0,10.0,5.0,1.0,1.0,2.0,6.0,8.0,9.0,9.0,2.0,,,,5.0,,,10.0,3.0,9.0,,8.0,8.0,,4.0,4.0,4.0,3.0,6.0,10.0,,3.0,2.0,3.0,,1.0,10,10.0,10,1
2009-09-21,91231,,11,3,5070.0,48268R10,KSW,K S W INC,KSW,221330.0,Q,A,R,50698,3,5070.0,,,,50.0,507.0,,,,,,,3.3999,0.075918,6235.0,1.0,3.11,21198.3765,KSW,10.0,7.0,4.0,7.0,6.0,1,10.0,10.0,8.0,2.0,2.0,9.0,2.0,,10.0,8.0,10.0,5.0,1.0,1.0,2.0,6.0,8.0,9.0,9.0,2.0,,,,5.0,,,10.0,3.0,9.0,,8.0,8.0,,4.0,4.0,4.0,3.0,6.0,10.0,,3.0,2.0,3.0,,1.0,10,10.0,10,1
2009-09-22,91231,,11,3,5070.0,48268R10,KSW,K S W INC,KSW,221330.0,Q,A,R,50698,3,5070.0,,,,50.0,507.0,,,,,,,3.89,0.144151,6235.0,1.0,4.02,24254.15,KSW,10.0,7.0,4.0,7.0,6.0,1,10.0,10.0,8.0,2.0,2.0,9.0,2.0,,10.0,8.0,10.0,5.0,1.0,1.0,2.0,6.0,8.0,9.0,9.0,2.0,,,,5.0,,,10.0,3.0,9.0,,8.0,8.0,,4.0,4.0,4.0,3.0,6.0,10.0,,3.0,2.0,3.0,,1.0,10,10.0,10,1
2009-09-23,91231,,11,3,5070.0,48268R10,KSW,K S W INC,KSW,221330.0,Q,A,R,50698,3,5070.0,,,,50.0,507.0,,,,,,,3.92,0.007712,6235.0,1.0,3.89,24441.2,KSW,10.0,7.0,4.0,7.0,6.0,1,10.0,10.0,8.0,2.0,2.0,9.0,2.0,,10.0,8.0,10.0,5.0,1.0,1.0,2.0,6.0,8.0,9.0,9.0,2.0,,,,5.0,,,10.0,3.0,9.0,,8.0,8.0,,4.0,4.0,4.0,3.0,6.0,10.0,,3.0,2.0,3.0,,1.0,10,10.0,10,1
2009-09-24,91231,,11,3,5070.0,48268R10,KSW,K S W INC,KSW,221330.0,Q,A,R,50698,3,5070.0,,,,50.0,507.0,,,,,,,3.85,-0.017857,6235.0,1.0,3.92,24004.75,KSW,10.0,7.0,4.0,7.0,6.0,1,10.0,10.0,8.0,2.0,2.0,9.0,2.0,,10.0,8.0,10.0,5.0,1.0,1.0,2.0,6.0,8.0,9.0,9.0,2.0,,,,5.0,,,10.0,3.0,9.0,,8.0,8.0,,4.0,4.0,4.0,3.0,6.0,10.0,,3.0,2.0,3.0,,1.0,10,10.0,10,1
2009-09-25,91231,,11,3,5070.0,48268R10,KSW,K S W INC,KSW,221330.0,Q,A,R,50698,3,5070.0,,,,50.0,507.0,,,,,,,3.85,0.0,6235.0,1.0,3.74,24004.75,KSW,10.0,7.0,4.0,7.0,6.0,1,10.0,10.0,8.0,2.0,2.0,9.0,2.0,,10.0,8.0,10.0,5.0,1.0,1.0,2.0,6.0,8.0,9.0,9.0,2.0,,,,5.0,,,10.0,3.0,9.0,,8.0,8.0,,4.0,4.0,4.0,3.0,6.0,10.0,,3.0,2.0,3.0,,1.0,10,10.0,10,1
2009-09-28,91231,,11,3,5070.0,48268R10,KSW,K S W INC,KSW,221330.0,Q,A,R,50698,3,5070.0,,,,50.0,507.0,,,,,,,3.8999,0.012961,6235.0,1.0,3.75,24315.8765,KSW,10.0,7.0,4.0,7.0,6.0,1,10.0,10.0,8.0,2.0,2.0,9.0,2.0,,10.0,8.0,10.0,5.0,1.0,1.0,2.0,6.0,8.0,9.0,9.0,2.0,,,,5.0,,,10.0,3.0,9.0,,8.0,8.0,,4.0,4.0,4.0,3.0,6.0,10.0,,3.0,2.0,3.0,,1.0,10,10.0,10,1
2009-09-29,91231,,11,3,5070.0,48268R10,KSW,K S W INC,KSW,221330.0,Q,A,R,50698,3,5070.0,,,,50.0,507.0,,,,,,,3.8,-0.025616,6235.0,1.0,3.81,23693.0,KSW,10.0,7.0,4.0,7.0,6.0,1,10.0,10.0,8.0,2.0,2.0,9.0,2.0,,10.0,8.0,10.0,5.0,1.0,1.0,2.0,6.0,8.0,9.0,9.0,2.0,,,,5.0,,,10.0,3.0,9.0,,8.0,8.0,,4.0,4.0,4.0,3.0,6.0,10.0,,3.0,2.0,3.0,,1.0,10,10.0,10,1
2009-09-30,91231,,11,3,5070.0,48268R10,KSW,K S W INC,KSW,221330.0,Q,A,R,50698,3,5070.0,,,,50.0,507.0,,,,,,,3.85,0.013158,6235.0,1.0,3.71,24004.75,KSW,10.0,7.0,4.0,7.0,6.0,1,10.0,10.0,8.0,2.0,2.0,9.0,2.0,,10.0,8.0,10.0,5.0,1.0,1.0,2.0,6.0,8.0,9.0,9.0,2.0,,,,5.0,,,10.0,3.0,9.0,,8.0,8.0,,4.0,4.0,4.0,3.0,6.0,10.0,,3.0,2.0,3.0,,1.0,10,10.0,10,1
2009-10-01,91231,,11,3,5070.0,48268R10,KSW,K S W INC,KSW,221330.0,Q,A,R,50698,3,5070.0,,,,50.0,507.0,,,,,,,3.8,-0.012987,6235.0,1.0,3.81,23693.0,KSW,10.0,7.0,4.0,7.0,6.0,1,10.0,10.0,8.0,2.0,2.0,9.0,2.0,,10.0,8.0,10.0,5.0,1.0,1.0,2.0,6.0,8.0,9.0,9.0,2.0,,,,5.0,,,10.0,3.0,9.0,,8.0,8.0,,4.0,4.0,4.0,2.0,3.0,10.0,,2.0,,,,1.0,10,10.0,10,1
2009-10-02,91231,,11,3,5070.0,48268R10,KSW,K S W INC,KSW,221330.0,Q,A,R,50698,3,5070.0,,,,50.0,507.0,,,,,,,3.92,0.031579,6235.0,1.0,3.62,24441.2,KSW,10.0,7.0,4.0,7.0,6.0,1,10.0,10.0,8.0,2.0,2.0,9.0,2.0,,10.0,8.0,10.0,5.0,1.0,1.0,2.0,6.0,8.0,9.0,9.0,2.0,,,,5.0,,,10.0,3.0,9.0,,8.0,8.0,,4.0,4.0,4.0,2.0,3.0,10.0,,2.0,,,,1.0,10,10.0,10,1
2009-10-05,91231,,11,3,5070.0,48268R10,KSW,K S W INC,KSW,221330.0,Q,A,R,50698,3,5070.0,,,,50.0,507.0,,,,,,,3.88,-0.010204,6235.0,1.0,3.88,24191.8,KSW,10.0,7.0,4.0,7.0,6.0,1,10.0,10.0,8.0,2.0,2.0,9.0,2.0,,10.0,8.0,10.0,5.0,1.0,1.0,2.0,6.0,8.0,9.0,9.0,2.0,,,,5.0,,,10.0,3.0,9.0,,8.0,8.0,,4.0,4.0,4.0,2.0,3.0,10.0,,2.0,,,,1.0,10,10.0,10,1
2009-10-06,91231,,11,3,5070.0,48268R10,KSW,K S W INC,KSW,221330.0,Q,A,R,50698,3,5070.0,,,,50.0,507.0,,,,,,,3.84,-0.010309,6235.0,1.0,3.89,23942.4,KSW,10.0,7.0,4.0,7.0,6.0,1,10.0,10.0,8.0,2.0,2.0,9.0,2.0,,10.0,8.0,10.0,5.0,1.0,1.0,2.0,6.0,8.0,9.0,9.0,2.0,,,,5.0,,,10.0,3.0,9.0,,8.0,8.0,,4.0,4.0,4.0,2.0,3.0,10.0,,2.0,,,,1.0,10,10.0,10,1
2009-10-07,91231,,11,3,5070.0,48268R10,KSW,K S W INC,KSW,221330.0,Q,A,R,50698,3,5070.0,,,,50.0,507.0,,,,,,,3.84,0.0,6235.0,1.0,3.54,23942.4,KSW,10.0,7.0,4.0,7.0,6.0,1,10.0,10.0,8.0,2.0,2.0,9.0,2.0,,10.0,8.0,10.0,5.0,1.0,1.0,2.0,6.0,8.0,9.0,9.0,2.0,,,,5.0,,,10.0,3.0,9.0,,8.0,8.0,,4.0,4.0,4.0,2.0,3.0,10.0,,2.0,,,,1.0,10,10.0,10,1
2009-10-08,91231,,11,3,5070.0,48268R10,KSW,K S W INC,KSW,221330.0,Q,A,R,50698,3,5070.0,,,,50.0,507.0,,,,,,,3.8299,-0.00263,6235.0,1.0,3.8,23879.4265,KSW,10.0,7.0,4.0,7.0,6.0,1,10.0,10.0,8.0,2.0,2.0,9.0,2.0,,10.0,8.0,10.0,5.0,1.0,1.0,2.0,6.0,8.0,9.0,9.0,2.0,,,,5.0,,,10.0,3.0,9.0,,8.0,8.0,,4.0,4.0,4.0,2.0,3.0,10.0,,2.0,,,,1.0,10,10.0,10,1
2009-10-09,91231,,11,3,5070.0,48268R10,KSW,K S W INC,KSW,221330.0,Q,A,R,50698,3,5070.0,,,,50.0,507.0,,,,,,,3.79,-0.010418,6235.0,1.0,3.8,23630.65,KSW,10.0,7.0,4.0,7.0,6.0,1,10.0,10.0,8.0,2.0,2.0,9.0,2.0,,10.0,8.0,10.0,5.0,1.0,1.0,2.0,6.0,8.0,9.0,9.0,2.0,,,,5.0,,,10.0,3.0,9.0,,8.0,8.0,,4.0,4.0,4.0,2.0,3.0,10.0,,2.0,,,,1.0,10,10.0,10,1
2009-10-12,91231,,11,3,5070.0,48268R10,KSW,K S W INC,KSW,221330.0,Q,A,R,50698,3,5070.0,,,,50.0,507.0,,,,,,,3.751,-0.01029,6235.0,1.0,3.61,23387.485,KSW,10.0,7.0,4.0,7.0,6.0,1,10.0,10.0,8.0,2.0,2.0,9.0,2.0,,10.0,8.0,10.0,5.0,1.0,1.0,2.0,6.0,8.0,9.0,9.0,2.0,,,,5.0,,,10.0,3.0,9.0,,8.0,8.0,,4.0,4.0,4.0,2.0,3.0,10.0,,2.0,,,,1.0,10,10.0,10,1
2009-10-13,91231,,11,3,5070.0,48268R10,KSW,K S W INC,KSW,221330.0,Q,A,R,50698,3,5070.0,,,,50.0,507.0,,,,,,,3.7573,0.00168,6235.0,1.0,3.74,23426.7655,KSW,10.0,7.0,4.0,7.0,6.0,1,10.0,10.0,8.0,2.0,2.0,9.0,2.0,,10.0,8.0,10.0,5.0,1.0,1.0,2.0,6.0,8.0,9.0,9.0,2.0,,,,5.0,,,10.0,3.0,9.0,,8.0,8.0,,4.0,4.0,4.0,2.0,3.0,10.0,,2.0,,,,1.0,10,10.0,10,1
2009-10-14,91231,,11,3,5070.0,48268R10,KSW,K S W INC,KSW,221330.0,Q,A,R,50698,3,5070.0,,,,50.0,507.0,,,,,,,3.77,0.00338,6235.0,1.0,3.81,23505.95,KSW,10.0,7.0,4.0,7.0,6.0,1,10.0,10.0,8.0,2.0,2.0,9.0,2.0,,10.0,8.0,10.0,5.0,1.0,1.0,2.0,6.0,8.0,9.0,9.0,2.0,,,,5.0,,,10.0,3.0,9.0,,8.0,8.0,,4.0,4.0,4.0,2.0,3.0,10.0,,2.0,,,,1.0,10,10.0,10,1
2009-10-15,91231,,11,3,5070.0,48268R10,KSW,K S W INC,KSW,221330.0,Q,A,R,50698,3,5070.0,,,,50.0,507.0,,,,,,,3.6999,-0.018594,6235.0,1.0,3.73,23068.8765,KSW,10.0,7.0,4.0,7.0,6.0,1,10.0,10.0,8.0,2.0,2.0,9.0,2.0,,10.0,8.0,10.0,5.0,1.0,1.0,2.0,6.0,8.0,9.0,9.0,2.0,,,,5.0,,,10.0,3.0,9.0,,8.0,8.0,,4.0,4.0,4.0,2.0,3.0,10.0,,2.0,,,,1.0,10,10.0,10,1
2009-10-16,91231,,11,3,5070.0,48268R10,KSW,K S W INC,KSW,221330.0,Q,A,R,50698,3,5070.0,,,,50.0,507.0,,,,,,,3.65,-0.013487,6235.0,1.0,3.6185,22757.75,KSW,10.0,7.0,4.0,7.0,6.0,1,10.0,10.0,8.0,2.0,2.0,9.0,2.0,,10.0,8.0,10.0,5.0,1.0,1.0,2.0,6.0,8.0,9.0,9.0,2.0,,,,5.0,,,10.0,3.0,9.0,,8.0,8.0,,4.0,4.0,4.0,2.0,3.0,10.0,,2.0,,,,1.0,10,10.0,10,1
2009-10-19,91231,,11,3,5070.0,48268R10,KSW,K S W INC,KSW,221330.0,Q,A,R,50698,3,5070.0,,,,50.0,507.0,,,,,,,3.71,0.016438,6235.0,1.0,3.6,23131.85,KSW,10.0,7.0,4.0,7.0,6.0,1,10.0,10.0,8.0,2.0,2.0,9.0,2.0,,10.0,8.0,10.0,5.0,1.0,1.0,2.0,6.0,8.0,9.0,9.0,2.0,,,,5.0,,,10.0,3.0,9.0,,8.0,8.0,,4.0,4.0,4.0,2.0,3.0,10.0,,2.0,,,,1.0,10,10.0,10,1
2009-10-20,91231,,11,3,5070.0,48268R10,KSW,K S W INC,KSW,221330.0,Q,A,R,50698,3,5070.0,,,,50.0,507.0,,,,,,,3.78,0.018868,6235.0,1.0,3.61,23568.3,KSW,10.0,7.0,4.0,7.0,6.0,1,10.0,10.0,8.0,2.0,2.0,9.0,2.0,,10.0,8.0,10.0,5.0,1.0,1.0,2.0,6.0,8.0,9.0,9.0,2.0,,,,5.0,,,10.0,3.0,9.0,,8.0,8.0,,4.0,4.0,4.0,2.0,3.0,10.0,,2.0,,,,1.0,10,10.0,10,1
2009-10-21,91231,,11,3,5070.0,48268R10,KSW,K S W INC,KSW,221330.0,Q,A,R,50698,3,5070.0,,,,50.0,507.0,,,,,,,3.75,-0.007937,6235.0,1.0,3.65,23381.25,KSW,10.0,7.0,4.0,7.0,6.0,1,10.0,10.0,8.0,2.0,2.0,9.0,2.0,,10.0,8.0,10.0,5.0,1.0,1.0,2.0,6.0,8.0,9.0,9.0,2.0,,,,5.0,,,10.0,3.0,9.0,,8.0,8.0,,4.0,4.0,4.0,2.0,3.0,10.0,,2.0,,,,1.0,10,10.0,10,1
2009-10-22,91231,,11,3,5070.0,48268R10,KSW,K S W INC,KSW,221330.0,Q,A,R,50698,3,5070.0,,,,50.0,507.0,,,,,,,3.75,0.0,6235.0,1.0,3.6271,23381.25,KSW,10.0,7.0,4.0,7.0,6.0,1,10.0,10.0,8.0,2.0,2.0,9.0,2.0,,10.0,8.0,10.0,5.0,1.0,1.0,2.0,6.0,8.0,9.0,9.0,2.0,,,,5.0,,,10.0,3.0,9.0,,8.0,8.0,,4.0,4.0,4.0,2.0,3.0,10.0,,2.0,,,,1.0,10,10.0,10,1
2009-10-23,91231,,11,3,5070.0,48268R10,KSW,K S W INC,KSW,221330.0,Q,A,R,50698,3,5070.0,,,,50.0,507.0,,,,,,,3.74,-0.002667,6235.0,1.0,3.71,23318.9,KSW,10.0,7.0,4.0,7.0,6.0,1,10.0,10.0,8.0,2.0,2.0,9.0,2.0,,10.0,8.0,10.0,5.0,1.0,1.0,2.0,6.0,8.0,9.0,9.0,2.0,,,,5.0,,,10.0,3.0,9.0,,8.0,8.0,,4.0,4.0,4.0,2.0,3.0,10.0,,2.0,,,,1.0,10,10.0,10,1
2009-10-26,91231,,11,3,5070.0,48268R10,KSW,K S W INC,KSW,221330.0,Q,A,R,50698,3,5070.0,,,,50.0,507.0,,,,,,,3.7,-0.010695,6235.0,1.0,3.66,23069.5,KSW,10.0,7.0,4.0,7.0,6.0,1,10.0,10.0,8.0,2.0,2.0,9.0,2.0,,10.0,8.0,10.0,5.0,1.0,1.0,2.0,6.0,8.0,9.0,9.0,2.0,,,,5.0,,,10.0,3.0,9.0,,8.0,8.0,,4.0,4.0,4.0,2.0,3.0,10.0,,2.0,,,,1.0,10,10.0,10,1
2009-10-27,91231,,11,3,5070.0,48268R10,KSW,K S W INC,KSW,221330.0,Q,A,R,50698,3,5070.0,,,,50.0,507.0,,,,,,,3.72,0.005405,6235.0,1.0,3.6175,23194.2,KSW,10.0,7.0,4.0,7.0,6.0,1,10.0,10.0,8.0,2.0,2.0,9.0,2.0,,10.0,8.0,10.0,5.0,1.0,1.0,2.0,6.0,8.0,9.0,9.0,2.0,,,,5.0,,,10.0,3.0,9.0,,8.0,8.0,,4.0,4.0,4.0,2.0,3.0,10.0,,2.0,,,,1.0,10,10.0,10,1
2009-10-28,91231,,11,3,5070.0,48268R10,KSW,K S W INC,KSW,221330.0,Q,A,R,50698,3,5070.0,,,,50.0,507.0,,,,,,,3.72,0.0,6235.0,1.0,3.54,23194.2,KSW,10.0,7.0,4.0,7.0,6.0,1,10.0,10.0,8.0,2.0,2.0,9.0,2.0,,10.0,8.0,10.0,5.0,1.0,1.0,2.0,6.0,8.0,9.0,9.0,2.0,,,,5.0,,,10.0,3.0,9.0,,8.0,8.0,,4.0,4.0,4.0,2.0,3.0,10.0,,2.0,,,,1.0,10,10.0,10,1
2009-10-29,91231,,11,3,5070.0,48268R10,KSW,K S W INC,KSW,221330.0,Q,A,R,50698,3,5070.0,,,,50.0,507.0,,,,,,,3.5,-0.05914,6235.0,1.0,3.68,21822.5,<undefined>,10.0,7.0,4.0,7.0,6.0,1,10.0,10.0,8.0,2.0,2.0,9.0,2.0,,10.0,8.0,10.0,5.0,1.0,1.0,2.0,6.0,8.0,9.0,9.0,2.0,,,,5.0,,,10.0,3.0,9.0,,8.0,8.0,,4.0,4.0,4.0,2.0,3.0,10.0,,2.0,,,,1.0,10,10.0,10,1
2009-10-30,91231,,11,3,5070.0,48268R10,KSW,K S W INC,KSW,221330.0,Q,A,R,50698,3,5070.0,,,,50.0,507.0,,,,,,,3.45,-0.014286,6235.0,1.0,3.5,21510.75,KSW,10.0,7.0,4.0,7.0,6.0,1,10.0,10.0,8.0,2.0,2.0,9.0,2.0,,10.0,8.0,10.0,5.0,1.0,1.0,2.0,6.0,8.0,9.0,9.0,2.0,,,,5.0,,,10.0,3.0,9.0,,8.0,8.0,,4.0,4.0,4.0,2.0,3.0,10.0,,2.0,,,,1.0,10,10.0,10,1
2009-11-02,91231,,11,3,5070.0,48268R10,KSW,K S W INC,KSW,221330.0,Q,A,R,50698,3,5070.0,,,,50.0,507.0,,,,,,,-3.385,-0.018841,6235.0,1.0,,-21105.475,KSW,10.0,7.0,4.0,7.0,6.0,1,10.0,10.0,8.0,2.0,2.0,9.0,2.0,,10.0,8.0,10.0,5.0,1.0,1.0,2.0,6.0,8.0,9.0,9.0,2.0,,,,6.0,,,10.0,2.0,7.0,,8.0,9.0,,4.0,3.0,4.0,8.0,2.0,10.0,,8.0,,,,1.0,9,10.0,10,1
2009-11-03,91231,,11,3,5070.0,48268R10,KSW,K S W INC,KSW,221330.0,Q,A,R,50698,3,5070.0,,,,50.0,507.0,,,,,,,3.47,0.025111,6235.0,1.0,3.71,21635.45,KSW,10.0,7.0,4.0,7.0,6.0,1,10.0,10.0,8.0,2.0,2.0,9.0,2.0,,10.0,8.0,10.0,5.0,1.0,1.0,2.0,6.0,8.0,9.0,9.0,2.0,,,,6.0,,,10.0,2.0,7.0,,8.0,9.0,,4.0,3.0,4.0,8.0,2.0,10.0,,8.0,,,,1.0,9,10.0,10,1
2009-11-04,91231,,11,3,5070.0,48268R10,KSW,K S W INC,KSW,221330.0,Q,A,R,50698,3,5070.0,,,,50.0,507.0,,,,,,,3.43,-0.011527,6235.0,1.0,3.4899,21386.05,KSW,10.0,7.0,4.0,7.0,6.0,1,10.0,10.0,8.0,2.0,2.0,9.0,2.0,,10.0,8.0,10.0,5.0,1.0,1.0,2.0,6.0,8.0,9.0,9.0,2.0,,,,6.0,,,10.0,2.0,7.0,,8.0,9.0,,4.0,3.0,4.0,8.0,2.0,10.0,,8.0,,,,1.0,9,10.0,10,1
2009-11-05,91231,,11,3,5070.0,48268R10,KSW,K S W INC,KSW,221330.0,Q,A,R,50698,3,5070.0,,,,50.0,507.0,,,,,,,3.44,0.002915,6235.0,1.0,3.43,21448.4,KSW,10.0,7.0,4.0,7.0,6.0,1,10.0,10.0,8.0,2.0,2.0,9.0,2.0,,10.0,8.0,10.0,5.0,1.0,1.0,2.0,6.0,8.0,9.0,9.0,2.0,,,,6.0,,,10.0,2.0,7.0,,8.0,9.0,,4.0,3.0,4.0,8.0,2.0,10.0,,8.0,,,,1.0,9,10.0,10,1
2009-11-06,91231,,11,3,5070.0,48268R10,KSW,K S W INC,KSW,221330.0,Q,A,R,50698,3,5070.0,,,,50.0,507.0,,,,,,,3.4,-0.011628,6235.0,1.0,3.51,21199.0,KSW,10.0,7.0,4.0,7.0,6.0,1,10.0,10.0,8.0,2.0,2.0,9.0,2.0,,10.0,8.0,10.0,5.0,1.0,1.0,2.0,6.0,8.0,9.0,9.0,2.0,,,,6.0,,,10.0,2.0,7.0,,8.0,9.0,,4.0,3.0,4.0,8.0,2.0,10.0,,8.0,,,,1.0,9,10.0,10,1
2009-11-09,91231,,11,3,5070.0,48268R10,KSW,K S W INC,KSW,221330.0,Q,A,R,50698,3,5070.0,,,,50.0,507.0,,,,,,,3.5599,0.047029,6235.0,1.0,3.46,22195.9765,KSW,10.0,7.0,4.0,7.0,6.0,1,10.0,10.0,8.0,2.0,2.0,9.0,2.0,,10.0,8.0,10.0,5.0,1.0,1.0,2.0,6.0,8.0,9.0,9.0,2.0,,,,6.0,,,10.0,2.0,7.0,,8.0,9.0,,4.0,3.0,4.0,8.0,2.0,10.0,,8.0,,,,1.0,9,10.0,10,1
2009-11-10,91231,,11,3,5070.0,48268R10,KSW,K S W INC,KSW,221330.0,Q,A,R,50698,3,5070.0,,,,50.0,507.0,,,,,,,3.45,-0.030872,6235.0,1.0,3.31,21510.75,KSW,10.0,7.0,4.0,7.0,6.0,1,10.0,10.0,8.0,2.0,2.0,9.0,2.0,,10.0,8.0,10.0,5.0,1.0,1.0,2.0,6.0,8.0,9.0,9.0,2.0,,,,6.0,,,10.0,2.0,7.0,,8.0,9.0,,4.0,3.0,4.0,8.0,2.0,10.0,,8.0,,,,1.0,9,10.0,10,1
2009-11-11,91231,,11,3,5070.0,48268R10,KSW,K S W INC,KSW,221330.0,Q,A,R,50698,3,5070.0,,,,50.0,507.0,,,,,,,3.4599,0.00287,6235.0,1.0,3.38,21572.4765,KSW,10.0,7.0,4.0,7.0,6.0,1,10.0,10.0,8.0,2.0,2.0,9.0,2.0,,10.0,8.0,10.0,5.0,1.0,1.0,2.0,6.0,8.0,9.0,9.0,2.0,,,,6.0,,,10.0,2.0,7.0,,8.0,9.0,,4.0,3.0,4.0,8.0,2.0,10.0,,8.0,,,,1.0,9,10.0,10,1
2009-11-12,91231,,11,3,5070.0,48268R10,KSW,K S W INC,KSW,221330.0,Q,A,R,50698,3,5070.0,,,,50.0,507.0,,,,,,,3.41,-0.014422,6235.0,1.0,3.4201,21261.35,KSW,10.0,7.0,4.0,7.0,6.0,1,10.0,10.0,8.0,2.0,2.0,9.0,2.0,,10.0,8.0,10.0,5.0,1.0,1.0,2.0,6.0,8.0,9.0,9.0,2.0,,,,6.0,,,10.0,2.0,7.0,,8.0,9.0,,4.0,3.0,4.0,8.0,2.0,10.0,,8.0,,,,1.0,9,10.0,10,1
2009-11-13,91231,,11,3,5070.0,48268R10,KSW,K S W INC,KSW,221330.0,Q,A,R,50698,3,5070.0,,,,50.0,507.0,,,,,,,3.33,-0.02346,6235.0,1.0,3.33,20762.55,KSW,10.0,7.0,4.0,7.0,6.0,1,10.0,10.0,8.0,2.0,2.0,9.0,2.0,,10.0,8.0,10.0,5.0,1.0,1.0,2.0,6.0,8.0,9.0,9.0,2.0,,,,6.0,,,10.0,2.0,7.0,,8.0,9.0,,4.0,3.0,4.0,8.0,2.0,10.0,,8.0,,,,1.0,9,10.0,10,1
2009-11-16,91231,,11,3,5070.0,48268R10,KSW,K S W INC,KSW,221330.0,Q,A,R,50698,3,5070.0,,,,50.0,507.0,,,,,,,3.35,0.006006,6235.0,1.0,3.33,20887.25,KSW,10.0,7.0,4.0,7.0,6.0,1,10.0,10.0,8.0,2.0,2.0,9.0,2.0,,10.0,8.0,10.0,5.0,1.0,1.0,2.0,6.0,8.0,9.0,9.0,2.0,,,,6.0,,,10.0,2.0,7.0,,8.0,9.0,,4.0,3.0,4.0,8.0,2.0,10.0,,8.0,,,,1.0,9,10.0,10,1
2009-11-17,91231,,11,3,5070.0,48268R10,KSW,K S W INC,KSW,221330.0,Q,A,R,50698,3,5070.0,,,,50.0,507.0,,,,,,,3.4,0.014925,6235.0,1.0,3.35,21199.0,KSW,10.0,7.0,4.0,7.0,6.0,1,10.0,10.0,8.0,2.0,2.0,9.0,2.0,,10.0,8.0,10.0,5.0,1.0,1.0,2.0,6.0,8.0,9.0,9.0,2.0,,,,6.0,,,10.0,2.0,7.0,,8.0,9.0,,4.0,3.0,4.0,8.0,2.0,10.0,,8.0,,,,1.0,9,10.0,10,1
2009-11-18,91231,,11,3,5070.0,48268R10,KSW,K S W INC,KSW,221330.0,Q,A,R,50698,3,5070.0,,,,50.0,507.0,,,,,,,3.37,-0.008824,6235.0,1.0,3.41,21011.95,KSW,10.0,7.0,4.0,7.0,6.0,1,10.0,10.0,8.0,2.0,2.0,9.0,2.0,,10.0,8.0,10.0,5.0,1.0,1.0,2.0,6.0,8.0,9.0,9.0,2.0,,,,6.0,,,10.0,2.0,7.0,,8.0,9.0,,4.0,3.0,4.0,8.0,2.0,10.0,,8.0,,,,1.0,9,10.0,10,1
2009-11-19,91231,,11,3,5070.0,48268R10,KSW,K S W INC,KSW,221330.0,Q,A,R,50698,3,5070.0,,,,50.0,507.0,,,,,,,3.46,0.026706,6235.0,1.0,3.4,21573.1,KSW,10.0,7.0,4.0,7.0,6.0,1,10.0,10.0,8.0,2.0,2.0,9.0,2.0,,10.0,8.0,10.0,5.0,1.0,1.0,2.0,6.0,8.0,9.0,9.0,2.0,,,,6.0,,,10.0,2.0,7.0,,8.0,9.0,,4.0,3.0,4.0,8.0,2.0,10.0,,8.0,,,,1.0,9,10.0,10,1
2009-11-20,91231,,11,3,5070.0,48268R10,KSW,K S W INC,KSW,221330.0,Q,A,R,50698,3,5070.0,,,,50.0,507.0,,,,,,,3.4799,0.005751,6235.0,1.0,3.46,21697.1765,KSW,10.0,7.0,4.0,7.0,6.0,1,10.0,10.0,8.0,2.0,2.0,9.0,2.0,,10.0,8.0,10.0,5.0,1.0,1.0,2.0,6.0,8.0,9.0,9.0,2.0,,,,6.0,,,10.0,2.0,7.0,,8.0,9.0,,4.0,3.0,4.0,8.0,2.0,10.0,,8.0,,,,1.0,9,10.0,10,1
2009-11-23,91231,,11,3,5070.0,48268R10,KSW,K S W INC,KSW,221330.0,Q,A,R,50698,3,5070.0,,,,50.0,507.0,,,,,,,3.69,0.060375,6235.0,1.0,3.51,23007.15,KSW,10.0,7.0,4.0,7.0,6.0,1,10.0,10.0,8.0,2.0,2.0,9.0,2.0,,10.0,8.0,10.0,5.0,1.0,1.0,2.0,6.0,8.0,9.0,9.0,2.0,,,,6.0,,,10.0,2.0,7.0,,8.0,9.0,,4.0,3.0,4.0,8.0,2.0,10.0,,8.0,,,,1.0,9,10.0,10,1
2009-11-24,91231,,11,3,5070.0,48268R10,KSW,K S W INC,KSW,221330.0,Q,A,R,50698,3,5070.0,,,,50.0,507.0,,,,,,,3.58,-0.02981,6235.0,1.0,3.625,22321.3,KSW,10.0,7.0,4.0,7.0,6.0,1,10.0,10.0,8.0,2.0,2.0,9.0,2.0,,10.0,8.0,10.0,5.0,1.0,1.0,2.0,6.0,8.0,9.0,9.0,2.0,,,,6.0,,,10.0,2.0,7.0,,8.0,9.0,,4.0,3.0,4.0,8.0,2.0,10.0,,8.0,,,,1.0,9,10.0,10,1
2009-11-25,91231,,11,3,5070.0,48268R10,KSW,K S W INC,KSW,221330.0,Q,A,R,50698,3,5070.0,,,,50.0,507.0,,,,,,,3.51,-0.019553,6235.0,1.0,3.64,21884.85,KSW,10.0,7.0,4.0,7.0,6.0,1,10.0,10.0,8.0,2.0,2.0,9.0,2.0,,10.0,8.0,10.0,5.0,1.0,1.0,2.0,6.0,8.0,9.0,9.0,2.0,,,,6.0,,,10.0,2.0,7.0,,8.0,9.0,,4.0,3.0,4.0,8.0,2.0,10.0,,8.0,,,,1.0,9,10.0,10,1
2009-11-27,91231,,11,3,5070.0,48268R10,KSW,K S W INC,KSW,221330.0,Q,A,R,50698,3,5070.0,,,,50.0,507.0,,,,,,,-3.53,0.005698,6235.0,1.0,,-22009.55,KSW,10.0,7.0,4.0,7.0,6.0,1,10.0,10.0,8.0,2.0,2.0,9.0,2.0,,10.0,8.0,10.0,5.0,1.0,1.0,2.0,6.0,8.0,9.0,9.0,2.0,,,,6.0,,,10.0,2.0,7.0,,8.0,9.0,,4.0,3.0,4.0,8.0,2.0,10.0,,8.0,,,,1.0,9,10.0,10,1
2009-11-30,91231,,11,3,5070.0,48268R10,KSW,K S W INC,KSW,221330.0,Q,A,R,50698,3,5070.0,,,,50.0,507.0,,,,,,,3.49,-0.011332,6235.0,1.0,3.46,21760.15,KSW,10.0,7.0,4.0,7.0,6.0,1,10.0,10.0,8.0,2.0,2.0,9.0,2.0,,10.0,8.0,10.0,5.0,1.0,1.0,2.0,6.0,8.0,9.0,9.0,2.0,,,,6.0,,,10.0,2.0,7.0,,8.0,9.0,,4.0,3.0,4.0,8.0,2.0,10.0,,8.0,,,,1.0,9,10.0,10,1
2009-12-01,91231,,11,3,5070.0,48268R10,KSW,K S W INC,KSW,221330.0,Q,A,R,50698,3,5070.0,,,,50.0,507.0,,,,,,,3.41,-0.022923,6235.0,1.0,3.5,21261.35,KSW,10.0,7.0,4.0,7.0,6.0,1,10.0,10.0,8.0,2.0,2.0,9.0,2.0,,10.0,8.0,10.0,5.0,1.0,1.0,2.0,6.0,8.0,9.0,9.0,2.0,,,,5.0,,,10.0,1.0,3.0,,8.0,9.0,,4.0,5.0,4.0,7.0,2.0,10.0,,6.0,,,,1.0,9,10.0,10,1
2009-12-02,91231,,11,3,5070.0,48268R10,KSW,K S W INC,KSW,221330.0,Q,A,R,50698,3,5070.0,,,,50.0,507.0,,,,,,,3.49,0.02346,6235.0,1.0,3.39,21760.15,KSW,10.0,7.0,4.0,7.0,6.0,1,10.0,10.0,8.0,2.0,2.0,9.0,2.0,,10.0,8.0,10.0,5.0,1.0,1.0,2.0,6.0,8.0,9.0,9.0,2.0,,,,5.0,,,10.0,1.0,3.0,,8.0,9.0,,4.0,5.0,4.0,7.0,2.0,10.0,,6.0,,,,1.0,9,10.0,10,1
2009-12-03,91231,,11,3,5070.0,48268R10,KSW,K S W INC,KSW,221330.0,Q,A,R,50698,3,5070.0,,,,50.0,507.0,,,,,,,-3.395,-0.027221,6235.0,1.0,,-21167.825,KSW,10.0,7.0,4.0,7.0,6.0,1,10.0,10.0,8.0,2.0,2.0,9.0,2.0,,10.0,8.0,10.0,5.0,1.0,1.0,2.0,6.0,8.0,9.0,9.0,2.0,,,,5.0,,,10.0,1.0,3.0,,8.0,9.0,,4.0,5.0,4.0,7.0,2.0,10.0,,6.0,,,,1.0,9,10.0,10,1
2009-12-04,91231,,11,3,5070.0,48268R10,KSW,K S W INC,KSW,221330.0,Q,A,R,50698,3,5070.0,,,,50.0,507.0,,,,,,,3.35,-0.013255,6235.0,1.0,3.2901,20887.25,KSW,10.0,7.0,4.0,7.0,6.0,1,10.0,10.0,8.0,2.0,2.0,9.0,2.0,,10.0,8.0,10.0,5.0,1.0,1.0,2.0,6.0,8.0,9.0,9.0,2.0,,,,5.0,,,10.0,1.0,3.0,,8.0,9.0,,4.0,5.0,4.0,7.0,2.0,10.0,,6.0,,,,1.0,9,10.0,10,1
2009-12-07,91231,,11,3,5070.0,48268R10,KSW,K S W INC,KSW,221330.0,Q,A,R,50698,3,5070.0,,,,50.0,507.0,,,,,,,3.4165,0.019851,6235.0,1.0,3.45,21301.8775,KSW,10.0,7.0,4.0,7.0,6.0,1,10.0,10.0,8.0,2.0,2.0,9.0,2.0,,10.0,8.0,10.0,5.0,1.0,1.0,2.0,6.0,8.0,9.0,9.0,2.0,,,,5.0,,,10.0,1.0,3.0,,8.0,9.0,,4.0,5.0,4.0,7.0,2.0,10.0,,6.0,,,,1.0,9,10.0,10,1
2009-12-08,91231,,11,3,5070.0,48268R10,KSW,K S W INC,KSW,221330.0,Q,A,R,50698,3,5070.0,,,,50.0,507.0,,,,,,,3.35,-0.019464,6235.0,1.0,3.42,20887.25,KSW,10.0,7.0,4.0,7.0,6.0,1,10.0,10.0,8.0,2.0,2.0,9.0,2.0,,10.0,8.0,10.0,5.0,1.0,1.0,2.0,6.0,8.0,9.0,9.0,2.0,,,,5.0,,,10.0,1.0,3.0,,8.0,9.0,,4.0,5.0,4.0,7.0,2.0,10.0,,6.0,,,,1.0,9,10.0,10,1
2009-12-09,91231,,11,3,5070.0,48268R10,KSW,K S W INC,KSW,221330.0,Q,A,R,50698,3,5070.0,,,,50.0,507.0,,,,,,,3.43,0.023881,6235.0,1.0,3.36,21386.05,KSW,10.0,7.0,4.0,7.0,6.0,1,10.0,10.0,8.0,2.0,2.0,9.0,2.0,,10.0,8.0,10.0,5.0,1.0,1.0,2.0,6.0,8.0,9.0,9.0,2.0,,,,5.0,,,10.0,1.0,3.0,,8.0,9.0,,4.0,5.0,4.0,7.0,2.0,10.0,,6.0,,,,1.0,9,10.0,10,1
2009-12-10,91231,,11,3,5070.0,48268R10,KSW,K S W INC,KSW,221330.0,Q,A,R,50698,3,5070.0,,,,50.0,507.0,,,,,,,3.4699,0.011633,6235.0,1.0,3.42,21634.8265,KSW,10.0,7.0,4.0,7.0,6.0,1,10.0,10.0,8.0,2.0,2.0,9.0,2.0,,10.0,8.0,10.0,5.0,1.0,1.0,2.0,6.0,8.0,9.0,9.0,2.0,,,,5.0,,,10.0,1.0,3.0,,8.0,9.0,,4.0,5.0,4.0,7.0,2.0,10.0,,6.0,,,,1.0,9,10.0,10,1
2009-12-11,91231,,11,3,5070.0,48268R10,KSW,K S W INC,KSW,221330.0,Q,A,R,50698,3,5070.0,,,,50.0,507.0,,,,,,,3.4,-0.020145,6235.0,1.0,3.49,21199.0,KSW,10.0,7.0,4.0,7.0,6.0,1,10.0,10.0,8.0,2.0,2.0,9.0,2.0,,10.0,8.0,10.0,5.0,1.0,1.0,2.0,6.0,8.0,9.0,9.0,2.0,,,,5.0,,,10.0,1.0,3.0,,8.0,9.0,,4.0,5.0,4.0,7.0,2.0,10.0,,6.0,,,,1.0,9,10.0,10,1
2009-12-14,91231,,11,3,5070.0,48268R10,KSW,K S W INC,KSW,221330.0,Q,A,R,50698,3,5070.0,,,,50.0,507.0,,,,,,,3.4,0.0,6235.0,1.0,3.37,21199.0,KSW,10.0,7.0,4.0,7.0,6.0,1,10.0,10.0,8.0,2.0,2.0,9.0,2.0,,10.0,8.0,10.0,5.0,1.0,1.0,2.0,6.0,8.0,9.0,9.0,2.0,,,,5.0,,,10.0,1.0,3.0,,8.0,9.0,,4.0,5.0,4.0,7.0,2.0,10.0,,6.0,,,,1.0,9,10.0,10,1
2009-12-15,91231,,11,3,5070.0,48268R10,KSW,K S W INC,KSW,221330.0,Q,A,R,50698,3,5070.0,,,,50.0,507.0,,,,,,,3.44,0.011765,6235.0,1.0,3.44,21448.4,KSW,10.0,7.0,4.0,7.0,6.0,1,10.0,10.0,8.0,2.0,2.0,9.0,2.0,,10.0,8.0,10.0,5.0,1.0,1.0,2.0,6.0,8.0,9.0,9.0,2.0,,,,5.0,,,10.0,1.0,3.0,,8.0,9.0,,4.0,5.0,4.0,7.0,2.0,10.0,,6.0,,,,1.0,9,10.0,10,1
2009-12-16,91231,,11,3,5070.0,48268R10,KSW,K S W INC,KSW,221330.0,Q,A,R,50698,3,5070.0,,,,50.0,507.0,,,,,,,3.45,0.002907,6235.0,1.0,3.39,21510.75,KSW,10.0,7.0,4.0,7.0,6.0,1,10.0,10.0,8.0,2.0,2.0,9.0,2.0,,10.0,8.0,10.0,5.0,1.0,1.0,2.0,6.0,8.0,9.0,9.0,2.0,,,,5.0,,,10.0,1.0,3.0,,8.0,9.0,,4.0,5.0,4.0,7.0,2.0,10.0,,6.0,,,,1.0,9,10.0,10,1
2009-12-17,91231,,11,3,5070.0,48268R10,KSW,K S W INC,KSW,221330.0,Q,A,R,50698,3,5070.0,,,,50.0,507.0,,,,,,,3.5499,0.028957,6235.0,1.0,3.42,22133.6265,KSW,10.0,7.0,4.0,7.0,6.0,1,10.0,10.0,8.0,2.0,2.0,9.0,2.0,,10.0,8.0,10.0,5.0,1.0,1.0,2.0,6.0,8.0,9.0,9.0,2.0,,,,5.0,,,10.0,1.0,3.0,,8.0,9.0,,4.0,5.0,4.0,7.0,2.0,10.0,,6.0,,,,1.0,9,10.0,10,1
2009-12-18,91231,,11,3,5070.0,48268R10,KSW,K S W INC,KSW,221330.0,Q,A,R,50698,3,5070.0,,,,50.0,507.0,,,,,,,3.43,-0.033776,6235.0,1.0,3.55,21386.05,KSW,10.0,7.0,4.0,7.0,6.0,1,10.0,10.0,8.0,2.0,2.0,9.0,2.0,,10.0,8.0,10.0,5.0,1.0,1.0,2.0,6.0,8.0,9.0,9.0,2.0,,,,5.0,,,10.0,1.0,3.0,,8.0,9.0,,4.0,5.0,4.0,7.0,2.0,10.0,,6.0,,,,1.0,9,10.0,10,1
2009-12-21,91231,,11,3,5070.0,48268R10,KSW,K S W INC,KSW,221330.0,Q,A,R,50698,3,5070.0,,,,50.0,507.0,,,,,,,3.56,0.037901,6235.0,1.0,3.5,22196.6,KSW,10.0,7.0,4.0,7.0,6.0,1,10.0,10.0,8.0,2.0,2.0,9.0,2.0,,10.0,8.0,10.0,5.0,1.0,1.0,2.0,6.0,8.0,9.0,9.0,2.0,,,,5.0,,,10.0,1.0,3.0,,8.0,9.0,,4.0,5.0,4.0,7.0,2.0,10.0,,6.0,,,,1.0,9,10.0,10,1
2009-12-22,91231,,11,3,5070.0,48268R10,KSW,K S W INC,KSW,221330.0,Q,A,R,50698,3,5070.0,,,,50.0,507.0,,,,,,,3.6,0.011236,6235.0,1.0,3.59,22446.0,KSW,10.0,7.0,4.0,7.0,6.0,1,10.0,10.0,8.0,2.0,2.0,9.0,2.0,,10.0,8.0,10.0,5.0,1.0,1.0,2.0,6.0,8.0,9.0,9.0,2.0,,,,5.0,,,10.0,1.0,3.0,,8.0,9.0,,4.0,5.0,4.0,7.0,2.0,10.0,,6.0,,,,1.0,9,10.0,10,1
2009-12-23,91231,,11,3,5070.0,48268R10,KSW,K S W INC,KSW,221330.0,Q,A,R,50698,3,5070.0,,,,50.0,507.0,,,,,,,3.6,0.0,6235.0,1.0,3.6,22446.0,KSW,10.0,7.0,4.0,7.0,6.0,1,10.0,10.0,8.0,2.0,2.0,9.0,2.0,,10.0,8.0,10.0,5.0,1.0,1.0,2.0,6.0,8.0,9.0,9.0,2.0,,,,5.0,,,10.0,1.0,3.0,,8.0,9.0,,4.0,5.0,4.0,7.0,2.0,10.0,,6.0,,,,1.0,9,10.0,10,1
2009-12-24,91231,,11,3,5070.0,48268R10,KSW,K S W INC,KSW,221330.0,Q,A,R,50698,3,5070.0,,,,50.0,507.0,,,,,,,3.65,0.013889,6235.0,1.0,3.43,22757.75,KSW,10.0,7.0,4.0,7.0,6.0,1,10.0,10.0,8.0,2.0,2.0,9.0,2.0,,10.0,8.0,10.0,5.0,1.0,1.0,2.0,6.0,8.0,9.0,9.0,2.0,,,,5.0,,,10.0,1.0,3.0,,8.0,9.0,,4.0,5.0,4.0,7.0,2.0,10.0,,6.0,,,,1.0,9,10.0,10,1
2009-12-28,91231,,11,3,5070.0,48268R10,KSW,K S W INC,KSW,221330.0,Q,A,R,50698,3,5070.0,,,,50.0,507.0,,,,,,,3.6,-0.013699,6235.0,1.0,3.53,22446.0,KSW,10.0,7.0,4.0,7.0,6.0,1,10.0,10.0,8.0,2.0,2.0,9.0,2.0,,10.0,8.0,10.0,5.0,1.0,1.0,2.0,6.0,8.0,9.0,9.0,2.0,,,,5.0,,,10.0,1.0,3.0,,8.0,9.0,,4.0,5.0,4.0,7.0,2.0,10.0,,6.0,,,,1.0,9,10.0,10,1
2009-12-29,91231,,11,3,5070.0,48268R10,KSW,K S W INC,KSW,221330.0,Q,A,R,50698,3,5070.0,,,,50.0,507.0,,,,,,,3.64,0.011111,6235.0,1.0,3.6,22695.4,KSW,10.0,7.0,4.0,7.0,6.0,1,10.0,10.0,8.0,2.0,2.0,9.0,2.0,,10.0,8.0,10.0,5.0,1.0,1.0,2.0,6.0,8.0,9.0,9.0,2.0,,,,5.0,,,10.0,1.0,3.0,,8.0,9.0,,4.0,5.0,4.0,7.0,2.0,10.0,,6.0,,,,1.0,9,10.0,10,1
2009-12-30,91231,,11,3,5070.0,48268R10,KSW,K S W INC,KSW,221330.0,Q,A,R,50698,3,5070.0,,,,50.0,507.0,,,,,,,3.63,-0.002747,6235.0,1.0,3.61,22633.05,KSW,10.0,7.0,4.0,7.0,6.0,1,10.0,10.0,8.0,2.0,2.0,9.0,2.0,,10.0,8.0,10.0,5.0,1.0,1.0,2.0,6.0,8.0,9.0,9.0,2.0,,,,5.0,,,10.0,1.0,3.0,,8.0,9.0,,4.0,5.0,4.0,7.0,2.0,10.0,,6.0,,,,1.0,9,10.0,10,1
2009-12-31,91231,,11,3,5070.0,48268R10,KSW,K S W INC,KSW,221330.0,Q,A,R,50698,3,5070.0,,,,50.0,507.0,,,,,,,3.66,0.008264,6235.0,1.0,3.551,22820.1,KSW,10.0,7.0,4.0,7.0,6.0,1,10.0,10.0,8.0,2.0,2.0,9.0,2.0,,10.0,8.0,10.0,5.0,1.0,1.0,2.0,6.0,8.0,9.0,9.0,2.0,,,,5.0,,,10.0,1.0,3.0,,8.0,9.0,,4.0,5.0,4.0,7.0,2.0,10.0,,6.0,,,,1.0,9,10.0,10,1
2010-01-04,91231,,11,3,5070.0,48268R10,KSW,K S W INC,KSW,221330.0,Q,A,R,50698,3,5070.0,,,,50.0,507.0,,,,,,,3.55,-0.030055,6235.0,1.0,3.61,22134.25,KSW,10.0,7.0,4.0,7.0,6.0,1,10.0,10.0,8.0,2.0,2.0,9.0,2.0,,10.0,8.0,10.0,5.0,1.0,1.0,2.0,6.0,8.0,9.0,9.0,2.0,,,,6.0,,,10.0,5.0,1.0,,8.0,9.0,,4.0,4.0,4.0,6.0,4.0,10.0,,7.0,,,,1.0,9,10.0,10,1
2010-01-05,91231,,11,3,5070.0,48268R10,KSW,K S W INC,KSW,221330.0,Q,A,R,50698,3,5070.0,,,,50.0,507.0,,,,,,,3.56,0.002817,6235.0,1.0,3.56,22196.6,KSW,10.0,7.0,4.0,7.0,6.0,1,10.0,10.0,8.0,2.0,2.0,9.0,2.0,,10.0,8.0,10.0,5.0,1.0,1.0,2.0,6.0,8.0,9.0,9.0,2.0,,,,6.0,,,10.0,5.0,1.0,,8.0,9.0,,4.0,4.0,4.0,6.0,4.0,10.0,,7.0,,,,1.0,9,10.0,10,1
2010-01-06,91231,,11,3,5070.0,48268R10,KSW,K S W INC,KSW,221330.0,Q,A,R,50698,3,5070.0,,,,50.0,507.0,,,,,,,3.61,0.014045,6235.0,1.0,3.55,22508.35,KSW,10.0,7.0,4.0,7.0,6.0,1,10.0,10.0,8.0,2.0,2.0,9.0,2.0,,10.0,8.0,10.0,5.0,1.0,1.0,2.0,6.0,8.0,9.0,9.0,2.0,,,,6.0,,,10.0,5.0,1.0,,8.0,9.0,,4.0,4.0,4.0,6.0,4.0,10.0,,7.0,,,,1.0,9,10.0,10,1
2010-01-07,91231,,11,3,5070.0,48268R10,KSW,K S W INC,KSW,221330.0,Q,A,R,50698,3,5070.0,,,,50.0,507.0,,,,,,,3.6101,2.8e-05,6235.0,1.0,3.6001,22508.9735,KSW,10.0,7.0,4.0,7.0,6.0,1,10.0,10.0,8.0,2.0,2.0,9.0,2.0,,10.0,8.0,10.0,5.0,1.0,1.0,2.0,6.0,8.0,9.0,9.0,2.0,,,,6.0,,,10.0,5.0,1.0,,8.0,9.0,,4.0,4.0,4.0,6.0,4.0,10.0,,7.0,,,,1.0,9,10.0,10,1
2010-01-08,91231,,11,3,5070.0,48268R10,KSW,K S W INC,KSW,221330.0,Q,A,R,50698,3,5070.0,,,,50.0,507.0,,,,,,,3.67,0.016592,6235.0,1.0,3.62,22882.45,KSW,10.0,7.0,4.0,7.0,6.0,1,10.0,10.0,8.0,2.0,2.0,9.0,2.0,,10.0,8.0,10.0,5.0,1.0,1.0,2.0,6.0,8.0,9.0,9.0,2.0,,,,6.0,,,10.0,5.0,1.0,,8.0,9.0,,4.0,4.0,4.0,6.0,4.0,10.0,,7.0,,,,1.0,9,10.0,10,1
2010-01-11,91231,,11,3,5070.0,48268R10,KSW,K S W INC,KSW,221330.0,Q,A,R,50698,3,5070.0,,,,50.0,507.0,,,,,,,3.603,-0.018256,6235.0,1.0,3.67,22464.705,KSW,10.0,7.0,4.0,7.0,6.0,1,10.0,10.0,8.0,2.0,2.0,9.0,2.0,,10.0,8.0,10.0,5.0,1.0,1.0,2.0,6.0,8.0,9.0,9.0,2.0,,,,6.0,,,10.0,5.0,1.0,,8.0,9.0,,4.0,4.0,4.0,6.0,4.0,10.0,,7.0,,,,1.0,9,10.0,10,1
2010-01-12,91231,,11,3,5070.0,48268R10,KSW,K S W INC,KSW,221330.0,Q,A,R,50698,3,5070.0,,,,50.0,507.0,,,,,,,3.6,-0.000833,6235.0,1.0,3.63,22446.0,KSW,10.0,7.0,4.0,7.0,6.0,1,10.0,10.0,8.0,2.0,2.0,9.0,2.0,,10.0,8.0,10.0,5.0,1.0,1.0,2.0,6.0,8.0,9.0,9.0,2.0,,,,6.0,,,10.0,5.0,1.0,,8.0,9.0,,4.0,4.0,4.0,6.0,4.0,10.0,,7.0,,,,1.0,9,10.0,10,1
2010-01-13,91231,,11,3,5070.0,48268R10,KSW,K S W INC,KSW,221330.0,Q,A,R,50698,3,5070.0,,,,50.0,507.0,,,,,,,3.81,0.058333,6235.0,1.0,3.7,23755.35,KSW,10.0,7.0,4.0,7.0,6.0,1,10.0,10.0,8.0,2.0,2.0,9.0,2.0,,10.0,8.0,10.0,5.0,1.0,1.0,2.0,6.0,8.0,9.0,9.0,2.0,,,,6.0,,,10.0,5.0,1.0,,8.0,9.0,,4.0,4.0,4.0,6.0,4.0,10.0,,7.0,,,,1.0,9,10.0,10,1
2010-01-14,91231,,11,3,5070.0,48268R10,KSW,K S W INC,KSW,221330.0,Q,A,R,50698,3,5070.0,,,,50.0,507.0,,,,,,,3.98,0.044619,6235.0,1.0,3.84,24815.3,KSW,10.0,7.0,4.0,7.0,6.0,1,10.0,10.0,8.0,2.0,2.0,9.0,2.0,,10.0,8.0,10.0,5.0,1.0,1.0,2.0,6.0,8.0,9.0,9.0,2.0,,,,6.0,,,10.0,5.0,1.0,,8.0,9.0,,4.0,4.0,4.0,6.0,4.0,10.0,,7.0,,,,1.0,9,10.0,10,1
2010-01-15,91231,,11,3,5070.0,48268R10,KSW,K S W INC,KSW,221330.0,Q,A,R,50698,3,5070.0,,,,50.0,507.0,,,,,,,4.11,0.032663,6235.0,1.0,3.95,25625.85,KSW,10.0,7.0,4.0,7.0,6.0,1,10.0,10.0,8.0,2.0,2.0,9.0,2.0,,10.0,8.0,10.0,5.0,1.0,1.0,2.0,6.0,8.0,9.0,9.0,2.0,,,,6.0,,,10.0,5.0,1.0,,8.0,9.0,,4.0,4.0,4.0,6.0,4.0,10.0,,7.0,,,,1.0,9,10.0,10,1
2010-01-19,91231,,11,3,5070.0,48268R10,KSW,K S W INC,KSW,221330.0,Q,A,R,50698,3,5070.0,,,,50.0,507.0,,,,,,,4.13,0.004866,6235.0,1.0,4.11,25750.55,KSW,10.0,7.0,4.0,7.0,6.0,1,10.0,10.0,8.0,2.0,2.0,9.0,2.0,,10.0,8.0,10.0,5.0,1.0,1.0,2.0,6.0,8.0,9.0,9.0,2.0,,,,6.0,,,10.0,5.0,1.0,,8.0,9.0,,4.0,4.0,4.0,6.0,4.0,10.0,,7.0,,,,1.0,9,10.0,10,1
2010-01-20,91231,,11,3,5070.0,48268R10,KSW,K S W INC,KSW,221330.0,Q,A,R,50698,3,5070.0,,,,50.0,507.0,,,,,,,4.06,-0.016949,6235.0,1.0,4.07,25314.1,KSW,10.0,7.0,4.0,7.0,6.0,1,10.0,10.0,8.0,2.0,2.0,9.0,2.0,,10.0,8.0,10.0,5.0,1.0,1.0,2.0,6.0,8.0,9.0,9.0,2.0,,,,6.0,,,10.0,5.0,1.0,,8.0,9.0,,4.0,4.0,4.0,6.0,4.0,10.0,,7.0,,,,1.0,9,10.0,10,1
2010-01-21,91231,,11,3,5070.0,48268R10,KSW,K S W INC,KSW,221330.0,Q,A,R,50698,3,5070.0,,,,50.0,507.0,,,,,,,4.0184,-0.010246,6235.0,1.0,4.0,25054.724,KSW,10.0,7.0,4.0,7.0,6.0,1,10.0,10.0,8.0,2.0,2.0,9.0,2.0,,10.0,8.0,10.0,5.0,1.0,1.0,2.0,6.0,8.0,9.0,9.0,2.0,,,,6.0,,,10.0,5.0,1.0,,8.0,9.0,,4.0,4.0,4.0,6.0,4.0,10.0,,7.0,,,,1.0,9,10.0,10,1
2010-01-22,91231,,11,3,5070.0,48268R10,KSW,K S W INC,KSW,221330.0,Q,A,R,50698,3,5070.0,,,,50.0,507.0,,,,,,,4.13,0.027772,6235.0,1.0,4.11,25750.55,KSW,10.0,7.0,4.0,7.0,6.0,1,10.0,10.0,8.0,2.0,2.0,9.0,2.0,,10.0,8.0,10.0,5.0,1.0,1.0,2.0,6.0,8.0,9.0,9.0,2.0,,,,6.0,,,10.0,5.0,1.0,,8.0,9.0,,4.0,4.0,4.0,6.0,4.0,10.0,,7.0,,,,1.0,9,10.0,10,1
2010-01-25,91231,,11,3,5070.0,48268R10,KSW,K S W INC,KSW,221330.0,Q,A,R,50698,3,5070.0,,,,50.0,507.0,,,,,,,3.972,-0.038257,6235.0,1.0,4.09,24765.42,KSW,10.0,7.0,4.0,7.0,6.0,1,10.0,10.0,8.0,2.0,2.0,9.0,2.0,,10.0,8.0,10.0,5.0,1.0,1.0,2.0,6.0,8.0,9.0,9.0,2.0,,,,6.0,,,10.0,5.0,1.0,,8.0,9.0,,4.0,4.0,4.0,6.0,4.0,10.0,,7.0,,,,1.0,9,10.0,10,1
2010-01-26,91231,,11,3,5070.0,48268R10,KSW,K S W INC,KSW,221330.0,Q,A,R,50698,3,5070.0,,,,50.0,507.0,,,,,,,3.95,-0.005539,6235.0,1.0,3.9999,24628.25,KSW,10.0,7.0,4.0,7.0,6.0,1,10.0,10.0,8.0,2.0,2.0,9.0,2.0,,10.0,8.0,10.0,5.0,1.0,1.0,2.0,6.0,8.0,9.0,9.0,2.0,,,,6.0,,,10.0,5.0,1.0,,8.0,9.0,,4.0,4.0,4.0,6.0,4.0,10.0,,7.0,,,,1.0,9,10.0,10,1
2010-01-27,91231,,11,3,5070.0,48268R10,KSW,K S W INC,KSW,221330.0,Q,A,R,50698,3,5070.0,,,,50.0,507.0,,,,,,,4.09,0.035443,6235.0,1.0,4.0,25501.15,KSW,10.0,7.0,4.0,7.0,6.0,1,10.0,10.0,8.0,2.0,2.0,9.0,2.0,,10.0,8.0,10.0,5.0,1.0,1.0,2.0,6.0,8.0,9.0,9.0,2.0,,,,6.0,,,10.0,5.0,1.0,,8.0,9.0,,4.0,4.0,4.0,6.0,4.0,10.0,,7.0,,,,1.0,9,10.0,10,1
2010-01-28,91231,,11,3,5070.0,48268R10,KSW,K S W INC,KSW,221330.0,Q,A,R,50698,3,5070.0,,,,50.0,507.0,,,,,,,3.9315,-0.038753,6235.0,1.0,3.9301,24512.9025,KSW,10.0,7.0,4.0,7.0,6.0,1,10.0,10.0,8.0,2.0,2.0,9.0,2.0,,10.0,8.0,10.0,5.0,1.0,1.0,2.0,6.0,8.0,9.0,9.0,2.0,,,,6.0,,,10.0,5.0,1.0,,8.0,9.0,,4.0,4.0,4.0,6.0,4.0,10.0,,7.0,,,,1.0,9,10.0,10,1
2010-01-29,91231,,11,3,5070.0,48268R10,KSW,K S W INC,KSW,221330.0,Q,A,R,50698,3,5070.0,,,,50.0,507.0,,,,,,,3.85,-0.02073,6235.0,1.0,3.93,24004.75,KSW,10.0,7.0,4.0,7.0,6.0,1,10.0,10.0,8.0,2.0,2.0,9.0,2.0,,10.0,8.0,10.0,5.0,1.0,1.0,2.0,6.0,8.0,9.0,9.0,2.0,,,,6.0,,,10.0,5.0,1.0,,8.0,9.0,,4.0,4.0,4.0,6.0,4.0,10.0,,7.0,,,,1.0,9,10.0,10,1
2010-02-01,91231,,11,3,5070.0,48268R10,KSW,K S W INC,KSW,221330.0,Q,A,R,50698,3,5070.0,,,,50.0,507.0,,,,,,,3.92,0.018182,6235.0,1.0,3.8684,24441.2,KSW,10.0,7.0,4.0,7.0,6.0,1,10.0,10.0,8.0,2.0,2.0,9.0,2.0,,10.0,8.0,10.0,5.0,1.0,1.0,2.0,6.0,8.0,9.0,9.0,2.0,,,,7.0,,,10.0,5.0,6.0,,7.0,9.0,,5.0,5.0,5.0,2.0,3.0,10.0,,2.0,,,,1.0,9,10.0,10,1
2010-02-02,91231,,11,3,5070.0,48268R10,KSW,K S W INC,KSW,221330.0,Q,A,R,50698,3,5070.0,,,,50.0,507.0,,,,,,,4.05,0.033163,6235.0,1.0,4.0,25251.75,KSW,10.0,7.0,4.0,7.0,6.0,1,10.0,10.0,8.0,2.0,2.0,9.0,2.0,,10.0,8.0,10.0,5.0,1.0,1.0,2.0,6.0,8.0,9.0,9.0,2.0,,,,7.0,,,10.0,5.0,6.0,,7.0,9.0,,5.0,5.0,5.0,2.0,3.0,10.0,,2.0,,,,1.0,9,10.0,10,1
2010-02-03,91231,,11,3,5070.0,48268R10,KSW,K S W INC,KSW,221330.0,Q,A,R,50698,3,5070.0,,,,50.0,507.0,,,,,,,4.01,-0.009877,6235.0,1.0,3.99,25002.35,KSW,10.0,7.0,4.0,7.0,6.0,1,10.0,10.0,8.0,2.0,2.0,9.0,2.0,,10.0,8.0,10.0,5.0,1.0,1.0,2.0,6.0,8.0,9.0,9.0,2.0,,,,7.0,,,10.0,5.0,6.0,,7.0,9.0,,5.0,5.0,5.0,2.0,3.0,10.0,,2.0,,,,1.0,9,10.0,10,1
2010-02-04,91231,,11,3,5070.0,48268R10,KSW,K S W INC,KSW,221330.0,Q,A,R,50698,3,5070.0,,,,50.0,507.0,,,,,,,3.96,-0.012469,6235.0,1.0,3.7601,24690.6,KSW,10.0,7.0,4.0,7.0,6.0,1,10.0,10.0,8.0,2.0,2.0,9.0,2.0,,10.0,8.0,10.0,5.0,1.0,1.0,2.0,6.0,8.0,9.0,9.0,2.0,,,,7.0,,,10.0,5.0,6.0,,7.0,9.0,,5.0,5.0,5.0,2.0,3.0,10.0,,2.0,,,,1.0,9,10.0,10,1
2010-02-05,91231,,11,3,5070.0,48268R10,KSW,K S W INC,KSW,221330.0,Q,A,R,50698,3,5070.0,,,,50.0,507.0,,,,,,,3.88,-0.020202,6235.0,1.0,3.68,24191.8,KSW,10.0,7.0,4.0,7.0,6.0,1,10.0,10.0,8.0,2.0,2.0,9.0,2.0,,10.0,8.0,10.0,5.0,1.0,1.0,2.0,6.0,8.0,9.0,9.0,2.0,,,,7.0,,,10.0,5.0,6.0,,7.0,9.0,,5.0,5.0,5.0,2.0,3.0,10.0,,2.0,,,,1.0,9,10.0,10,1
2010-02-08,91231,,11,3,5070.0,48268R10,KSW,K S W INC,KSW,221330.0,Q,A,R,50698,3,5070.0,,,,50.0,507.0,,,,,,,3.8,-0.020619,6235.0,1.0,3.85,23693.0,KSW,10.0,7.0,4.0,7.0,6.0,1,10.0,10.0,8.0,2.0,2.0,9.0,2.0,,10.0,8.0,10.0,5.0,1.0,1.0,2.0,6.0,8.0,9.0,9.0,2.0,,,,7.0,,,10.0,5.0,6.0,,7.0,9.0,,5.0,5.0,5.0,2.0,3.0,10.0,,2.0,,,,1.0,9,10.0,10,1
2010-02-09,91231,,11,3,5070.0,48268R10,KSW,K S W INC,KSW,221330.0,Q,A,R,50698,3,5070.0,,,,50.0,507.0,,,,,,,3.8,0.0,6235.0,1.0,3.8,23693.0,KSW,10.0,7.0,4.0,7.0,6.0,1,10.0,10.0,8.0,2.0,2.0,9.0,2.0,,10.0,8.0,10.0,5.0,1.0,1.0,2.0,6.0,8.0,9.0,9.0,2.0,,,,7.0,,,10.0,5.0,6.0,,7.0,9.0,,5.0,5.0,5.0,2.0,3.0,10.0,,2.0,,,,1.0,9,10.0,10,1
2010-02-10,91231,,11,3,5070.0,48268R10,KSW,K S W INC,KSW,221330.0,Q,A,R,50698,3,5070.0,,,,50.0,507.0,,,,,,,-3.85,0.013158,6235.0,1.0,,-24004.75,KSW,10.0,7.0,4.0,7.0,6.0,1,10.0,10.0,8.0,2.0,2.0,9.0,2.0,,10.0,8.0,10.0,5.0,1.0,1.0,2.0,6.0,8.0,9.0,9.0,2.0,,,,7.0,,,10.0,5.0,6.0,,7.0,9.0,,5.0,5.0,5.0,2.0,3.0,10.0,,2.0,,,,1.0,9,10.0,10,1
2010-02-11,91231,,11,3,5070.0,48268R10,KSW,K S W INC,KSW,221330.0,Q,A,R,50698,3,5070.0,,,,50.0,507.0,,,,,,,3.77,-0.020779,6235.0,1.0,3.66,23505.95,KSW,10.0,7.0,4.0,7.0,6.0,1,10.0,10.0,8.0,2.0,2.0,9.0,2.0,,10.0,8.0,10.0,5.0,1.0,1.0,2.0,6.0,8.0,9.0,9.0,2.0,,,,7.0,,,10.0,5.0,6.0,,7.0,9.0,,5.0,5.0,5.0,2.0,3.0,10.0,,2.0,,,,1.0,9,10.0,10,1
2010-02-12,91231,,11,3,5070.0,48268R10,KSW,K S W INC,KSW,221330.0,Q,A,R,50698,3,5070.0,,,,50.0,507.0,,,,,,,3.9005,0.034615,6235.0,1.0,3.69,24319.6175,KSW,10.0,7.0,4.0,7.0,6.0,1,10.0,10.0,8.0,2.0,2.0,9.0,2.0,,10.0,8.0,10.0,5.0,1.0,1.0,2.0,6.0,8.0,9.0,9.0,2.0,,,,7.0,,,10.0,5.0,6.0,,7.0,9.0,,5.0,5.0,5.0,2.0,3.0,10.0,,2.0,,,,1.0,9,10.0,10,1
2010-02-16,91231,,11,3,5070.0,48268R10,KSW,K S W INC,KSW,221330.0,Q,A,R,50698,3,5070.0,,,,50.0,507.0,,,,,,,3.9499,0.012665,6235.0,1.0,3.9,24627.6265,KSW,10.0,7.0,4.0,7.0,6.0,1,10.0,10.0,8.0,2.0,2.0,9.0,2.0,,10.0,8.0,10.0,5.0,1.0,1.0,2.0,6.0,8.0,9.0,9.0,2.0,,,,7.0,,,10.0,5.0,6.0,,7.0,9.0,,5.0,5.0,5.0,2.0,3.0,10.0,,2.0,,,,1.0,9,10.0,10,1
2010-02-17,91231,,11,3,5070.0,48268R10,KSW,K S W INC,KSW,221330.0,Q,A,R,50698,3,5070.0,,,,50.0,507.0,,,,,,,3.95,2.5e-05,6235.0,1.0,3.95,24628.25,KSW,10.0,7.0,4.0,7.0,6.0,1,10.0,10.0,8.0,2.0,2.0,9.0,2.0,,10.0,8.0,10.0,5.0,1.0,1.0,2.0,6.0,8.0,9.0,9.0,2.0,,,,7.0,,,10.0,5.0,6.0,,7.0,9.0,,5.0,5.0,5.0,2.0,3.0,10.0,,2.0,,,,1.0,9,10.0,10,1
2010-02-18,91231,,11,3,5070.0,48268R10,KSW,K S W INC,KSW,221330.0,Q,A,R,50698,3,5070.0,,,,50.0,507.0,,,,,,,3.89,-0.01519,6235.0,1.0,3.92,24254.15,KSW,10.0,7.0,4.0,7.0,6.0,1,10.0,10.0,8.0,2.0,2.0,9.0,2.0,,10.0,8.0,10.0,5.0,1.0,1.0,2.0,6.0,8.0,9.0,9.0,2.0,,,,7.0,,,10.0,5.0,6.0,,7.0,9.0,,5.0,5.0,5.0,2.0,3.0,10.0,,2.0,,,,1.0,9,10.0,10,1
2010-02-19,91231,,11,3,5070.0,48268R10,KSW,K S W INC,KSW,221330.0,Q,A,R,50698,3,5070.0,,,,50.0,507.0,,,,,,,-3.81,-0.020566,6235.0,1.0,,-23755.35,KSW,10.0,7.0,4.0,7.0,6.0,1,10.0,10.0,8.0,2.0,2.0,9.0,2.0,,10.0,8.0,10.0,5.0,1.0,1.0,2.0,6.0,8.0,9.0,9.0,2.0,,,,7.0,,,10.0,5.0,6.0,,7.0,9.0,,5.0,5.0,5.0,2.0,3.0,10.0,,2.0,,,,1.0,9,10.0,10,1
2010-02-22,91231,,11,3,5070.0,48268R10,KSW,K S W INC,KSW,221330.0,Q,A,R,50698,3,5070.0,,,,50.0,507.0,,,,,,,3.95,0.036745,6235.0,1.0,3.76,24628.25,KSW,10.0,7.0,4.0,7.0,6.0,1,10.0,10.0,8.0,2.0,2.0,9.0,2.0,,10.0,8.0,10.0,5.0,1.0,1.0,2.0,6.0,8.0,9.0,9.0,2.0,,,,7.0,,,10.0,5.0,6.0,,7.0,9.0,,5.0,5.0,5.0,2.0,3.0,10.0,,2.0,,,,1.0,9,10.0,10,1
2010-02-23,91231,,11,3,5070.0,48268R10,KSW,K S W INC,KSW,221330.0,Q,A,R,50698,3,5070.0,,,,50.0,507.0,,,,,,,3.73,-0.055696,6235.0,1.0,3.94,23256.55,KSW,10.0,7.0,4.0,7.0,6.0,1,10.0,10.0,8.0,2.0,2.0,9.0,2.0,,10.0,8.0,10.0,5.0,1.0,1.0,2.0,6.0,8.0,9.0,9.0,2.0,,,,7.0,,,10.0,5.0,6.0,,7.0,9.0,,5.0,5.0,5.0,2.0,3.0,10.0,,2.0,,,,1.0,9,10.0,10,1
2010-02-24,91231,,11,3,5070.0,48268R10,KSW,K S W INC,KSW,221330.0,Q,A,R,50698,3,5070.0,,,,50.0,507.0,,,,,,,3.72,-0.002681,6235.0,1.0,3.72,23194.2,KSW,10.0,7.0,4.0,7.0,6.0,1,10.0,10.0,8.0,2.0,2.0,9.0,2.0,,10.0,8.0,10.0,5.0,1.0,1.0,2.0,6.0,8.0,9.0,9.0,2.0,,,,7.0,,,10.0,5.0,6.0,,7.0,9.0,,5.0,5.0,5.0,2.0,3.0,10.0,,2.0,,,,1.0,9,10.0,10,1
2010-02-25,91231,,11,3,5070.0,48268R10,KSW,K S W INC,KSW,221330.0,Q,A,R,50698,3,5070.0,,,,50.0,507.0,,,,,,,3.62,-0.026882,6235.0,1.0,3.68,22570.7,KSW,10.0,7.0,4.0,7.0,6.0,1,10.0,10.0,8.0,2.0,2.0,9.0,2.0,,10.0,8.0,10.0,5.0,1.0,1.0,2.0,6.0,8.0,9.0,9.0,2.0,,,,7.0,,,10.0,5.0,6.0,,7.0,9.0,,5.0,5.0,5.0,2.0,3.0,10.0,,2.0,,,,1.0,9,10.0,10,1
2010-02-26,91231,,11,3,5070.0,48268R10,KSW,K S W INC,KSW,221330.0,Q,A,R,50698,3,5070.0,,,,50.0,507.0,,,,,,,3.69,0.019337,6235.0,1.0,3.63,23007.15,KSW,10.0,7.0,4.0,7.0,6.0,1,10.0,10.0,8.0,2.0,2.0,9.0,2.0,,10.0,8.0,10.0,5.0,1.0,1.0,2.0,6.0,8.0,9.0,9.0,2.0,,,,7.0,,,10.0,5.0,6.0,,7.0,9.0,,5.0,5.0,5.0,2.0,3.0,10.0,,2.0,,,,1.0,9,10.0,10,1
2010-03-01,91231,,11,3,5070.0,48268R10,KSW,K S W INC,KSW,221330.0,Q,A,R,50698,3,5070.0,,,,50.0,507.0,,,,,,,3.72,0.00813,6235.0,1.0,3.69,23194.2,KSW,10.0,7.0,4.0,7.0,6.0,1,10.0,10.0,8.0,2.0,2.0,9.0,2.0,,10.0,8.0,10.0,5.0,1.0,1.0,2.0,6.0,8.0,9.0,9.0,2.0,,,,7.0,,,10.0,6.0,6.0,,8.0,9.0,,,,,9.0,3.0,10.0,,10.0,,,,1.0,9,10.0,10,1
2010-03-02,91231,,11,3,5070.0,48268R10,KSW,K S W INC,KSW,221330.0,Q,A,R,50698,3,5070.0,,,,50.0,507.0,,,,,,,3.77,0.013441,6235.0,1.0,3.71,23505.95,KSW,10.0,7.0,4.0,7.0,6.0,1,10.0,10.0,8.0,2.0,2.0,9.0,2.0,,10.0,8.0,10.0,5.0,1.0,1.0,2.0,6.0,8.0,9.0,9.0,2.0,,,,7.0,,,10.0,6.0,6.0,,8.0,9.0,,,,,9.0,3.0,10.0,,10.0,,,,1.0,9,10.0,10,1
2010-03-03,91231,,11,3,5070.0,48268R10,KSW,K S W INC,KSW,221330.0,Q,A,R,50698,3,5070.0,,,,50.0,507.0,,,,,,,3.7601,-0.002626,6235.0,1.0,3.795,23444.2235,KSW,10.0,7.0,4.0,7.0,6.0,1,10.0,10.0,8.0,2.0,2.0,9.0,2.0,,10.0,8.0,10.0,5.0,1.0,1.0,2.0,6.0,8.0,9.0,9.0,2.0,,,,7.0,,,10.0,6.0,6.0,,8.0,9.0,,,,,9.0,3.0,10.0,,10.0,,,,1.0,9,10.0,10,1
2010-03-04,91231,,11,3,5070.0,48268R10,KSW,K S W INC,KSW,221330.0,Q,A,R,50698,3,5070.0,,,,50.0,507.0,,,,,,,3.94,0.047845,6235.0,1.0,3.9,24565.9,KSW,10.0,7.0,4.0,7.0,6.0,1,10.0,10.0,8.0,2.0,2.0,9.0,2.0,,10.0,8.0,10.0,5.0,1.0,1.0,2.0,6.0,8.0,9.0,9.0,2.0,,,,7.0,,,10.0,6.0,6.0,,8.0,9.0,,,,,9.0,3.0,10.0,,10.0,,,,1.0,9,10.0,10,1
2010-03-05,91231,,11,3,5070.0,48268R10,KSW,K S W INC,KSW,221330.0,Q,A,R,50698,3,5070.0,,,,50.0,507.0,,,,,,,3.8,-0.035533,6235.0,1.0,3.95,23693.0,KSW,10.0,7.0,4.0,7.0,6.0,1,10.0,10.0,8.0,2.0,2.0,9.0,2.0,,10.0,8.0,10.0,5.0,1.0,1.0,2.0,6.0,8.0,9.0,9.0,2.0,,,,7.0,,,10.0,6.0,6.0,,8.0,9.0,,,,,9.0,3.0,10.0,,10.0,,,,1.0,9,10.0,10,1
2010-03-08,91231,,11,3,5070.0,48268R10,KSW,K S W INC,KSW,221330.0,Q,A,R,50698,3,5070.0,,,,50.0,507.0,,,,,,,3.71,-0.023684,6235.0,1.0,3.77,23131.85,KSW,10.0,7.0,4.0,7.0,6.0,1,10.0,10.0,8.0,2.0,2.0,9.0,2.0,,10.0,8.0,10.0,5.0,1.0,1.0,2.0,6.0,8.0,9.0,9.0,2.0,,,,7.0,,,10.0,6.0,6.0,,8.0,9.0,,,,,9.0,3.0,10.0,,10.0,,,,1.0,9,10.0,10,1
2010-03-09,91231,,11,3,5070.0,48268R10,KSW,K S W INC,KSW,221330.0,Q,A,R,50698,3,5070.0,,,,50.0,507.0,,,,,,,3.76,0.013477,6235.0,1.0,3.7,23443.6,KSW,10.0,7.0,4.0,7.0,6.0,1,10.0,10.0,8.0,2.0,2.0,9.0,2.0,,10.0,8.0,10.0,5.0,1.0,1.0,2.0,6.0,8.0,9.0,9.0,2.0,,,,7.0,,,10.0,6.0,6.0,,8.0,9.0,,,,,9.0,3.0,10.0,,10.0,,,,1.0,9,10.0,10,1
2010-03-10,91231,,11,3,5070.0,48268R10,KSW,K S W INC,KSW,221330.0,Q,A,R,50698,3,5070.0,,,,50.0,507.0,,,,,,,3.79,0.007979,6235.0,1.0,3.79,23630.65,KSW,10.0,7.0,4.0,7.0,6.0,1,10.0,10.0,8.0,2.0,2.0,9.0,2.0,,10.0,8.0,10.0,5.0,1.0,1.0,2.0,6.0,8.0,9.0,9.0,2.0,,,,7.0,,,10.0,6.0,6.0,,8.0,9.0,,,,,9.0,3.0,10.0,,10.0,,,,1.0,9,10.0,10,1
2010-03-11,91231,,11,3,5070.0,48268R10,KSW,K S W INC,KSW,221330.0,Q,A,R,50698,3,5070.0,,,,50.0,507.0,,,,,,,3.79,0.0,6235.0,1.0,3.8,23630.65,KSW,10.0,7.0,4.0,7.0,6.0,1,10.0,10.0,8.0,2.0,2.0,9.0,2.0,,10.0,8.0,10.0,5.0,1.0,1.0,2.0,6.0,8.0,9.0,9.0,2.0,,,,7.0,,,10.0,6.0,6.0,,8.0,9.0,,,,,9.0,3.0,10.0,,10.0,,,,1.0,9,10.0,10,1
2010-03-12,91231,,11,3,5070.0,48268R10,KSW,K S W INC,KSW,221330.0,Q,A,R,50698,3,5070.0,,,,50.0,507.0,,,,,,,3.9,0.029024,6235.0,1.0,3.9,24316.5,KSW,10.0,7.0,4.0,7.0,6.0,1,10.0,10.0,8.0,2.0,2.0,9.0,2.0,,10.0,8.0,10.0,5.0,1.0,1.0,2.0,6.0,8.0,9.0,9.0,2.0,,,,7.0,,,10.0,6.0,6.0,,8.0,9.0,,,,,9.0,3.0,10.0,,10.0,,,,1.0,9,10.0,10,1
2010-03-15,91231,,11,3,5070.0,48268R10,KSW,K S W INC,KSW,221330.0,Q,A,R,50698,3,5070.0,,,,50.0,507.0,,,,,,,3.7501,-0.038436,6235.0,1.0,3.9,23381.8735,KSW,10.0,7.0,4.0,7.0,6.0,1,10.0,10.0,8.0,2.0,2.0,9.0,2.0,,10.0,8.0,10.0,5.0,1.0,1.0,2.0,6.0,8.0,9.0,9.0,2.0,,,,7.0,,,10.0,6.0,6.0,,8.0,9.0,,,,,9.0,3.0,10.0,,10.0,,,,1.0,9,10.0,10,1
2010-03-16,91231,,11,3,5070.0,48268R10,KSW,K S W INC,KSW,221330.0,Q,A,R,50698,3,5070.0,,,,50.0,507.0,,,,,,,3.83,0.021306,6235.0,1.0,3.77,23880.05,KSW,10.0,7.0,4.0,7.0,6.0,1,10.0,10.0,8.0,2.0,2.0,9.0,2.0,,10.0,8.0,10.0,5.0,1.0,1.0,2.0,6.0,8.0,9.0,9.0,2.0,,,,7.0,,,10.0,6.0,6.0,,8.0,9.0,,,,,9.0,3.0,10.0,,10.0,,,,1.0,9,10.0,10,1
2010-03-17,91231,,11,3,5070.0,48268R10,KSW,K S W INC,KSW,221330.0,Q,A,R,50698,3,5070.0,,,,50.0,507.0,,,,,,,3.65,-0.046997,6235.0,1.0,3.72,22757.75,KSW,10.0,7.0,4.0,7.0,6.0,1,10.0,10.0,8.0,2.0,2.0,9.0,2.0,,10.0,8.0,10.0,5.0,1.0,1.0,2.0,6.0,8.0,9.0,9.0,2.0,,,,7.0,,,10.0,6.0,6.0,,8.0,9.0,,,,,9.0,3.0,10.0,,10.0,,,,1.0,9,10.0,10,1
2010-03-18,91231,,11,3,5070.0,48268R10,KSW,K S W INC,KSW,221330.0,Q,A,R,50698,3,5070.0,,,,50.0,507.0,,,,,,,3.66,0.00274,6235.0,1.0,3.66,22820.1,KSW,10.0,7.0,4.0,7.0,6.0,1,10.0,10.0,8.0,2.0,2.0,9.0,2.0,,10.0,8.0,10.0,5.0,1.0,1.0,2.0,6.0,8.0,9.0,9.0,2.0,,,,7.0,,,10.0,6.0,6.0,,8.0,9.0,,,,,9.0,3.0,10.0,,10.0,,,,1.0,9,10.0,10,1
2010-03-19,91231,,11,3,5070.0,48268R10,KSW,K S W INC,KSW,221330.0,Q,A,R,50698,3,5070.0,,,,50.0,507.0,,,,,,,3.84,0.04918,6241.0,1.0,3.685,23965.44,KSW,10.0,7.0,4.0,7.0,6.0,1,10.0,10.0,8.0,2.0,2.0,9.0,2.0,,10.0,8.0,10.0,5.0,1.0,1.0,2.0,6.0,8.0,9.0,9.0,2.0,,,,7.0,,,10.0,6.0,6.0,,8.0,9.0,,,,,9.0,3.0,10.0,,10.0,,,,1.0,9,10.0,10,1
2010-03-22,91231,,11,3,5070.0,48268R10,KSW,K S W INC,KSW,221330.0,Q,A,R,50698,3,5070.0,,,,50.0,507.0,,,,,,,3.8,-0.010417,6241.0,1.0,3.84,23715.8,KSW,10.0,7.0,4.0,7.0,6.0,1,10.0,10.0,8.0,2.0,2.0,9.0,2.0,,10.0,8.0,10.0,5.0,1.0,1.0,2.0,6.0,8.0,9.0,9.0,2.0,,,,7.0,,,10.0,6.0,6.0,,8.0,9.0,,,,,9.0,3.0,10.0,,10.0,,,,1.0,9,10.0,10,1
2010-03-23,91231,,11,3,5070.0,48268R10,KSW,K S W INC,KSW,221330.0,Q,A,R,50698,3,5070.0,,,,50.0,507.0,,,,,,,3.7,-0.026316,6241.0,1.0,3.7001,23091.7,KSW,10.0,7.0,4.0,7.0,6.0,1,10.0,10.0,8.0,2.0,2.0,9.0,2.0,,10.0,8.0,10.0,5.0,1.0,1.0,2.0,6.0,8.0,9.0,9.0,2.0,,,,7.0,,,10.0,6.0,6.0,,8.0,9.0,,,,,9.0,3.0,10.0,,10.0,,,,1.0,9,10.0,10,1
2010-03-24,91231,,11,3,5070.0,48268R10,KSW,K S W INC,KSW,221330.0,Q,A,R,50698,3,5070.0,,,,50.0,507.0,,,,,,,3.61,-0.024324,6241.0,1.0,3.7,22530.01,KSW,10.0,7.0,4.0,7.0,6.0,1,10.0,10.0,8.0,2.0,2.0,9.0,2.0,,10.0,8.0,10.0,5.0,1.0,1.0,2.0,6.0,8.0,9.0,9.0,2.0,,,,7.0,,,10.0,6.0,6.0,,8.0,9.0,,,,,9.0,3.0,10.0,,10.0,,,,1.0,9,10.0,10,1
2010-03-25,91231,,11,3,5070.0,48268R10,KSW,K S W INC,KSW,221330.0,Q,A,R,50698,3,5070.0,,,,50.0,507.0,,,,,,,3.58,-0.00831,6241.0,1.0,3.7,22342.78,KSW,10.0,7.0,4.0,7.0,6.0,1,10.0,10.0,8.0,2.0,2.0,9.0,2.0,,10.0,8.0,10.0,5.0,1.0,1.0,2.0,6.0,8.0,9.0,9.0,2.0,,,,7.0,,,10.0,6.0,6.0,,8.0,9.0,,,,,9.0,3.0,10.0,,10.0,,,,1.0,9,10.0,10,1
2010-03-26,91231,,11,3,5070.0,48268R10,KSW,K S W INC,KSW,221330.0,Q,A,R,50698,3,5070.0,,,,50.0,507.0,,,,,,,3.61,0.00838,6241.0,1.0,3.6,22530.01,KSW,10.0,7.0,4.0,7.0,6.0,1,10.0,10.0,8.0,2.0,2.0,9.0,2.0,,10.0,8.0,10.0,5.0,1.0,1.0,2.0,6.0,8.0,9.0,9.0,2.0,,,,7.0,,,10.0,6.0,6.0,,8.0,9.0,,,,,9.0,3.0,10.0,,10.0,,,,1.0,9,10.0,10,1
2010-03-29,91231,,11,3,5070.0,48268R10,KSW,K S W INC,KSW,221330.0,Q,A,R,50698,3,5070.0,,,,50.0,507.0,,,,,,,3.6,-0.00277,6241.0,1.0,3.61,22467.6,KSW,10.0,7.0,4.0,7.0,6.0,1,10.0,10.0,8.0,2.0,2.0,9.0,2.0,,10.0,8.0,10.0,5.0,1.0,1.0,2.0,6.0,8.0,9.0,9.0,2.0,,,,7.0,,,10.0,6.0,6.0,,8.0,9.0,,,,,9.0,3.0,10.0,,10.0,,,,1.0,9,10.0,10,1
2010-03-30,91231,,11,3,5070.0,48268R10,KSW,K S W INC,KSW,221330.0,Q,A,R,50698,3,5070.0,,,,50.0,507.0,,,,,,,3.6,0.0,6241.0,1.0,3.64,22467.6,<undefined>,10.0,7.0,4.0,7.0,6.0,1,10.0,10.0,8.0,2.0,2.0,9.0,2.0,,10.0,8.0,10.0,5.0,1.0,1.0,2.0,6.0,8.0,9.0,9.0,2.0,,,,7.0,,,10.0,6.0,6.0,,8.0,9.0,,,,,9.0,3.0,10.0,,10.0,,,,1.0,9,10.0,10,1
2010-03-31,91231,,11,3,5070.0,48268R10,KSW,K S W INC,KSW,221330.0,Q,A,R,50698,3,5070.0,,,,50.0,507.0,,,,,,,3.65,0.013889,6243.0,1.0,3.61,22786.95,<undefined>,10.0,7.0,4.0,7.0,6.0,1,10.0,10.0,8.0,2.0,2.0,9.0,2.0,,10.0,8.0,10.0,5.0,1.0,1.0,2.0,6.0,8.0,9.0,9.0,2.0,,,,7.0,,,10.0,6.0,6.0,,8.0,9.0,,,,,9.0,3.0,10.0,,10.0,,,,1.0,9,10.0,10,1
2010-04-01,91231,,11,3,5070.0,48268R10,KSW,K S W INC,KSW,221330.0,Q,A,R,50698,3,5070.0,,,,50.0,507.0,,,,,,,3.64,-0.00274,6243.0,1.0,3.64,22724.52,KSW,10.0,7.0,4.0,7.0,6.0,1,10.0,10.0,8.0,2.0,2.0,9.0,2.0,,10.0,8.0,10.0,5.0,1.0,1.0,2.0,6.0,8.0,9.0,9.0,2.0,,,,7.0,,,10.0,6.0,6.0,,8.0,8.0,,7.0,9.0,7.0,9.0,2.0,10.0,,9.0,,,,1.0,9,10.0,10,1
2010-04-05,91231,,11,3,5070.0,48268R10,KSW,K S W INC,KSW,221330.0,Q,A,R,50698,3,5070.0,,,,50.0,507.0,,,,,,,3.64,0.0,6243.0,1.0,3.65,22724.52,KSW,10.0,7.0,4.0,7.0,6.0,1,10.0,10.0,8.0,2.0,2.0,9.0,2.0,,10.0,8.0,10.0,5.0,1.0,1.0,2.0,6.0,8.0,9.0,9.0,2.0,,,,7.0,,,10.0,6.0,6.0,,8.0,8.0,,7.0,9.0,7.0,9.0,2.0,10.0,,9.0,,,,1.0,9,10.0,10,1
2010-04-06,91231,,11,3,5070.0,48268R10,KSW,K S W INC,KSW,221330.0,Q,A,R,50698,3,5070.0,,,,50.0,507.0,,,,,,,3.63,-0.002747,6243.0,1.0,3.62,22662.09,KSW,10.0,7.0,4.0,7.0,6.0,1,10.0,10.0,8.0,2.0,2.0,9.0,2.0,,10.0,8.0,10.0,5.0,1.0,1.0,2.0,6.0,8.0,9.0,9.0,2.0,,,,7.0,,,10.0,6.0,6.0,,8.0,8.0,,7.0,9.0,7.0,9.0,2.0,10.0,,9.0,,,,1.0,9,10.0,10,1
2010-04-07,91231,,11,3,5070.0,48268R10,KSW,K S W INC,KSW,221330.0,Q,A,R,50698,3,5070.0,,,,50.0,507.0,,,,,,,3.62,-0.002755,6243.0,1.0,3.6,22599.66,KSW,10.0,7.0,4.0,7.0,6.0,1,10.0,10.0,8.0,2.0,2.0,9.0,2.0,,10.0,8.0,10.0,5.0,1.0,1.0,2.0,6.0,8.0,9.0,9.0,2.0,,,,7.0,,,10.0,6.0,6.0,,8.0,8.0,,7.0,9.0,7.0,9.0,2.0,10.0,,9.0,,,,1.0,9,10.0,10,1
2010-04-08,91231,,11,3,5070.0,48268R10,KSW,K S W INC,KSW,221330.0,Q,A,R,50698,3,5070.0,,,,50.0,507.0,,,,,,,3.58,-0.01105,6243.0,1.0,3.6,22349.94,KSW,10.0,7.0,4.0,7.0,6.0,1,10.0,10.0,8.0,2.0,2.0,9.0,2.0,,10.0,8.0,10.0,5.0,1.0,1.0,2.0,6.0,8.0,9.0,9.0,2.0,,,,7.0,,,10.0,6.0,6.0,,8.0,8.0,,7.0,9.0,7.0,9.0,2.0,10.0,,9.0,,,,1.0,9,10.0,10,1
2010-04-09,91231,,11,3,5070.0,48268R10,KSW,K S W INC,KSW,221330.0,Q,A,R,50698,3,5070.0,,,,50.0,507.0,,,,,,,3.69,0.030726,6243.0,1.0,3.6199,23036.67,KSW,10.0,7.0,4.0,7.0,6.0,1,10.0,10.0,8.0,2.0,2.0,9.0,2.0,,10.0,8.0,10.0,5.0,1.0,1.0,2.0,6.0,8.0,9.0,9.0,2.0,,,,7.0,,,10.0,6.0,6.0,,8.0,8.0,,7.0,9.0,7.0,9.0,2.0,10.0,,9.0,,,,1.0,9,10.0,10,1
2010-04-12,91231,,11,3,5070.0,48268R10,KSW,K S W INC,KSW,221330.0,Q,A,R,50698,3,5070.0,,,,50.0,507.0,,,,,,,3.65,-0.01084,6243.0,1.0,3.65,22786.95,KSW,10.0,7.0,4.0,7.0,6.0,1,10.0,10.0,8.0,2.0,2.0,9.0,2.0,,10.0,8.0,10.0,5.0,1.0,1.0,2.0,6.0,8.0,9.0,9.0,2.0,,,,7.0,,,10.0,6.0,6.0,,8.0,8.0,,7.0,9.0,7.0,9.0,2.0,10.0,,9.0,,,,1.0,9,10.0,10,1
2010-04-13,91231,,11,3,5070.0,48268R10,KSW,K S W INC,KSW,221330.0,Q,A,R,50698,3,5070.0,,,,50.0,507.0,,,,,,,3.62,-0.008219,6243.0,1.0,3.67,22599.66,KSW,10.0,7.0,4.0,7.0,6.0,1,10.0,10.0,8.0,2.0,2.0,9.0,2.0,,10.0,8.0,10.0,5.0,1.0,1.0,2.0,6.0,8.0,9.0,9.0,2.0,,,,7.0,,,10.0,6.0,6.0,,8.0,8.0,,7.0,9.0,7.0,9.0,2.0,10.0,,9.0,,,,1.0,9,10.0,10,1
2010-04-14,91231,,11,3,5070.0,48268R10,KSW,K S W INC,KSW,221330.0,Q,A,R,50698,3,5070.0,,,,50.0,507.0,,,,,,,3.629,0.002486,6243.0,1.0,3.64,22655.847,KSW,10.0,7.0,4.0,7.0,6.0,1,10.0,10.0,8.0,2.0,2.0,9.0,2.0,,10.0,8.0,10.0,5.0,1.0,1.0,2.0,6.0,8.0,9.0,9.0,2.0,,,,7.0,,,10.0,6.0,6.0,,8.0,8.0,,7.0,9.0,7.0,9.0,2.0,10.0,,9.0,,,,1.0,9,10.0,10,1
2010-04-15,91231,,11,3,5070.0,48268R10,KSW,K S W INC,KSW,221330.0,Q,A,R,50698,3,5070.0,,,,50.0,507.0,,,,,,,3.63,0.000276,6243.0,1.0,3.6,22662.09,KSW,10.0,7.0,4.0,7.0,6.0,1,10.0,10.0,8.0,2.0,2.0,9.0,2.0,,10.0,8.0,10.0,5.0,1.0,1.0,2.0,6.0,8.0,9.0,9.0,2.0,,,,7.0,,,10.0,6.0,6.0,,8.0,8.0,,7.0,9.0,7.0,9.0,2.0,10.0,,9.0,,,,1.0,9,10.0,10,1
2010-04-16,91231,,11,3,5070.0,48268R10,KSW,K S W INC,KSW,221330.0,Q,A,R,50698,3,5070.0,,,,50.0,507.0,,,,,,,3.63,0.0,6243.0,1.0,3.64,22662.09,KSW,10.0,7.0,4.0,7.0,6.0,1,10.0,10.0,8.0,2.0,2.0,9.0,2.0,,10.0,8.0,10.0,5.0,1.0,1.0,2.0,6.0,8.0,9.0,9.0,2.0,,,,7.0,,,10.0,6.0,6.0,,8.0,8.0,,7.0,9.0,7.0,9.0,2.0,10.0,,9.0,,,,1.0,9,10.0,10,1
2010-04-19,91231,,11,3,5070.0,48268R10,KSW,K S W INC,KSW,221330.0,Q,A,R,50698,3,5070.0,,,,50.0,507.0,,,,,,,3.63,0.0,6243.0,1.0,3.61,22662.09,KSW,10.0,7.0,4.0,7.0,6.0,1,10.0,10.0,8.0,2.0,2.0,9.0,2.0,,10.0,8.0,10.0,5.0,1.0,1.0,2.0,6.0,8.0,9.0,9.0,2.0,,,,7.0,,,10.0,6.0,6.0,,8.0,8.0,,7.0,9.0,7.0,9.0,2.0,10.0,,9.0,,,,1.0,9,10.0,10,1
2010-04-20,91231,,11,3,5070.0,48268R10,KSW,K S W INC,KSW,221330.0,Q,A,R,50698,3,5070.0,,,,50.0,507.0,,,,,,,3.69,0.016529,6243.0,1.0,3.63,23036.67,KSW,10.0,7.0,4.0,7.0,6.0,1,10.0,10.0,8.0,2.0,2.0,9.0,2.0,,10.0,8.0,10.0,5.0,1.0,1.0,2.0,6.0,8.0,9.0,9.0,2.0,,,,7.0,,,10.0,6.0,6.0,,8.0,8.0,,7.0,9.0,7.0,9.0,2.0,10.0,,9.0,,,,1.0,9,10.0,10,1
2010-04-21,91231,,11,3,5070.0,48268R10,KSW,K S W INC,KSW,221330.0,Q,A,R,50698,3,5070.0,,,,50.0,507.0,,,,,,,3.72,0.00813,6243.0,1.0,3.69,23223.96,KSW,10.0,7.0,4.0,7.0,6.0,1,10.0,10.0,8.0,2.0,2.0,9.0,2.0,,10.0,8.0,10.0,5.0,1.0,1.0,2.0,6.0,8.0,9.0,9.0,2.0,,,,7.0,,,10.0,6.0,6.0,,8.0,8.0,,7.0,9.0,7.0,9.0,2.0,10.0,,9.0,,,,1.0,9,10.0,10,1
2010-04-22,91231,,11,3,5070.0,48268R10,KSW,K S W INC,KSW,221330.0,Q,A,R,50698,3,5070.0,,,,50.0,507.0,1252.0,0.1,0.0,,,,3.72,0.026882,6243.0,1.0,3.62,23223.96,KSW,10.0,7.0,4.0,7.0,6.0,1,10.0,10.0,8.0,2.0,2.0,9.0,2.0,,10.0,8.0,10.0,5.0,1.0,1.0,2.0,6.0,8.0,9.0,9.0,2.0,,,,7.0,,,10.0,6.0,6.0,,8.0,8.0,,7.0,9.0,7.0,9.0,2.0,10.0,,9.0,,,,1.0,9,10.0,10,1
2010-04-23,91231,,11,3,5070.0,48268R10,KSW,K S W INC,KSW,221330.0,Q,A,R,50698,3,5070.0,,,,50.0,507.0,,,,,,,3.72,0.0,6243.0,1.0,3.75,23223.96,KSW,10.0,7.0,4.0,7.0,6.0,1,10.0,10.0,8.0,2.0,2.0,9.0,2.0,,10.0,8.0,10.0,5.0,1.0,1.0,2.0,6.0,8.0,9.0,9.0,2.0,,,,7.0,,,10.0,6.0,6.0,,8.0,8.0,,7.0,9.0,7.0,9.0,2.0,10.0,,9.0,,,,1.0,9,10.0,10,1
2010-04-26,91231,,11,3,5070.0,48268R10,KSW,K S W INC,KSW,221330.0,Q,A,R,50698,3,5070.0,,,,50.0,507.0,,,,,,,3.69,-0.008065,6243.0,1.0,3.73,23036.67,KSW,10.0,7.0,4.0,7.0,6.0,1,10.0,10.0,8.0,2.0,2.0,9.0,2.0,,10.0,8.0,10.0,5.0,1.0,1.0,2.0,6.0,8.0,9.0,9.0,2.0,,,,7.0,,,10.0,6.0,6.0,,8.0,8.0,,7.0,9.0,7.0,9.0,2.0,10.0,,9.0,,,,1.0,9,10.0,10,1
2010-04-27,91231,,11,3,5070.0,48268R10,KSW,K S W INC,KSW,221330.0,Q,A,R,50698,3,5070.0,,,,50.0,507.0,,,,,,,3.69,0.0,6243.0,1.0,3.7001,23036.67,KSW,10.0,7.0,4.0,7.0,6.0,1,10.0,10.0,8.0,2.0,2.0,9.0,2.0,,10.0,8.0,10.0,5.0,1.0,1.0,2.0,6.0,8.0,9.0,9.0,2.0,,,,7.0,,,10.0,6.0,6.0,,8.0,8.0,,7.0,9.0,7.0,9.0,2.0,10.0,,9.0,,,,1.0,9,10.0,10,1
2010-04-28,91231,,11,3,5070.0,48268R10,KSW,K S W INC,KSW,221330.0,Q,A,R,50698,3,5070.0,,,,50.0,507.0,,,,,,,3.85,0.04336,6243.0,1.0,3.68,24035.55,KSW,10.0,7.0,4.0,7.0,6.0,1,10.0,10.0,8.0,2.0,2.0,9.0,2.0,,10.0,8.0,10.0,5.0,1.0,1.0,2.0,6.0,8.0,9.0,9.0,2.0,,,,7.0,,,10.0,6.0,6.0,,8.0,8.0,,7.0,9.0,7.0,9.0,2.0,10.0,,9.0,,,,1.0,9,10.0,10,1
2010-04-29,91231,,11,3,5070.0,48268R10,KSW,K S W INC,KSW,221330.0,Q,A,R,50698,3,5070.0,,,,50.0,507.0,,,,,,,3.77,-0.020779,6243.0,1.0,3.82,23536.11,KSW,10.0,7.0,4.0,7.0,6.0,1,10.0,10.0,8.0,2.0,2.0,9.0,2.0,,10.0,8.0,10.0,5.0,1.0,1.0,2.0,6.0,8.0,9.0,9.0,2.0,,,,7.0,,,10.0,6.0,6.0,,8.0,8.0,,7.0,9.0,7.0,9.0,2.0,10.0,,9.0,,,,1.0,9,10.0,10,1
2010-04-30,91231,,11,3,5070.0,48268R10,KSW,K S W INC,KSW,221330.0,Q,A,R,50698,3,5070.0,,,,50.0,507.0,,,,,,,3.64,-0.034483,6243.0,1.0,3.7201,22724.52,KSW,10.0,7.0,4.0,7.0,6.0,1,10.0,10.0,8.0,2.0,2.0,9.0,2.0,,10.0,8.0,10.0,5.0,1.0,1.0,2.0,6.0,8.0,9.0,9.0,2.0,,,,7.0,,,10.0,6.0,6.0,,8.0,8.0,,7.0,9.0,7.0,9.0,2.0,10.0,,9.0,,,,1.0,9,10.0,10,1
2010-05-03,91231,,11,3,5070.0,48268R10,KSW,K S W INC,KSW,221330.0,Q,A,R,50698,3,5070.0,,,,50.0,507.0,,,,,,,3.65,0.002747,6243.0,1.0,3.67,22786.95,KSW,10.0,7.0,4.0,7.0,6.0,1,10.0,10.0,8.0,2.0,2.0,9.0,2.0,,10.0,8.0,10.0,5.0,1.0,1.0,2.0,6.0,8.0,9.0,9.0,2.0,,,,7.0,,,10.0,5.0,8.0,,9.0,8.0,,8.0,8.0,7.0,7.0,3.0,10.0,,7.0,,,,1.0,9,10.0,10,1
2010-05-04,91231,,11,3,5070.0,48268R10,KSW,K S W INC,KSW,221330.0,Q,A,R,50698,3,5070.0,,,,50.0,507.0,,,,,,,3.56,-0.024658,6243.0,1.0,3.6799,22225.08,KSW,10.0,7.0,4.0,7.0,6.0,1,10.0,10.0,8.0,2.0,2.0,9.0,2.0,,10.0,8.0,10.0,5.0,1.0,1.0,2.0,6.0,8.0,9.0,9.0,2.0,,,,7.0,,,10.0,5.0,8.0,,9.0,8.0,,8.0,8.0,7.0,7.0,3.0,10.0,,7.0,,,,1.0,9,10.0,10,1
2010-05-05,91231,,11,3,5070.0,48268R10,KSW,K S W INC,KSW,221330.0,Q,A,R,50698,3,5070.0,,,,50.0,507.0,,,,,,,3.43,-0.036517,6243.0,1.0,3.54,21413.49,KSW,10.0,7.0,4.0,7.0,6.0,1,10.0,10.0,8.0,2.0,2.0,9.0,2.0,,10.0,8.0,10.0,5.0,1.0,1.0,2.0,6.0,8.0,9.0,9.0,2.0,,,,7.0,,,10.0,5.0,8.0,,9.0,8.0,,8.0,8.0,7.0,7.0,3.0,10.0,,7.0,,,,1.0,9,10.0,10,1
2010-05-06,91231,,11,3,5070.0,48268R10,KSW,K S W INC,KSW,221330.0,Q,A,R,50698,3,5070.0,,,,50.0,507.0,,,,,,,3.46,0.008746,6243.0,1.0,3.4001,21600.78,KSW,10.0,7.0,4.0,7.0,6.0,1,10.0,10.0,8.0,2.0,2.0,9.0,2.0,,10.0,8.0,10.0,5.0,1.0,1.0,2.0,6.0,8.0,9.0,9.0,2.0,,,,7.0,,,10.0,5.0,8.0,,9.0,8.0,,8.0,8.0,7.0,7.0,3.0,10.0,,7.0,,,,1.0,9,10.0,10,1
2010-05-07,91231,,11,3,5070.0,48268R10,KSW,K S W INC,KSW,221330.0,Q,A,R,50698,3,5070.0,,,,50.0,507.0,,,,,,,3.32,-0.040462,6243.0,1.0,3.52,20726.76,KSW,10.0,7.0,4.0,7.0,6.0,1,10.0,10.0,8.0,2.0,2.0,9.0,2.0,,10.0,8.0,10.0,5.0,1.0,1.0,2.0,6.0,8.0,9.0,9.0,2.0,,,,7.0,,,10.0,5.0,8.0,,9.0,8.0,,8.0,8.0,7.0,7.0,3.0,10.0,,7.0,,,,1.0,9,10.0,10,1
2010-05-10,91231,,11,3,5070.0,48268R10,KSW,K S W INC,KSW,221330.0,Q,A,R,50698,3,5070.0,,,,50.0,507.0,,,,,,,3.38,0.018072,6290.0,1.0,3.43,21260.2,KSW,10.0,7.0,4.0,7.0,6.0,1,10.0,10.0,8.0,2.0,2.0,9.0,2.0,,10.0,8.0,10.0,5.0,1.0,1.0,2.0,6.0,8.0,9.0,9.0,2.0,,,,7.0,,,10.0,5.0,8.0,,9.0,8.0,,8.0,8.0,7.0,7.0,3.0,10.0,,7.0,,,,1.0,9,10.0,10,1
2010-05-11,91231,,11,3,5070.0,48268R10,KSW,K S W INC,KSW,221330.0,Q,A,R,50698,3,5070.0,,,,50.0,507.0,,,,,,,3.38,0.0,6290.0,1.0,3.4,21260.2,KSW,10.0,7.0,4.0,7.0,6.0,1,10.0,10.0,8.0,2.0,2.0,9.0,2.0,,10.0,8.0,10.0,5.0,1.0,1.0,2.0,6.0,8.0,9.0,9.0,2.0,,,,7.0,,,10.0,5.0,8.0,,9.0,8.0,,8.0,8.0,7.0,7.0,3.0,10.0,,7.0,,,,1.0,9,10.0,10,1
2010-05-12,91231,,11,3,5070.0,48268R10,KSW,K S W INC,KSW,221330.0,Q,A,R,50698,3,5070.0,,,,50.0,507.0,,,,,,,3.36,-0.005917,6290.0,1.0,3.37,21134.4,KSW,10.0,7.0,4.0,7.0,6.0,1,10.0,10.0,8.0,2.0,2.0,9.0,2.0,,10.0,8.0,10.0,5.0,1.0,1.0,2.0,6.0,8.0,9.0,9.0,2.0,,,,7.0,,,10.0,5.0,8.0,,9.0,8.0,,8.0,8.0,7.0,7.0,3.0,10.0,,7.0,,,,1.0,9,10.0,10,1
2010-05-13,91231,,11,3,5070.0,48268R10,KSW,K S W INC,KSW,221330.0,Q,A,R,50698,3,5070.0,,,,50.0,507.0,,,,,,,3.3,-0.017857,6290.0,1.0,3.37,20757.0,KSW,10.0,7.0,4.0,7.0,6.0,1,10.0,10.0,8.0,2.0,2.0,9.0,2.0,,10.0,8.0,10.0,5.0,1.0,1.0,2.0,6.0,8.0,9.0,9.0,2.0,,,,7.0,,,10.0,5.0,8.0,,9.0,8.0,,8.0,8.0,7.0,7.0,3.0,10.0,,7.0,,,,1.0,9,10.0,10,1
2010-05-14,91231,,11,3,5070.0,48268R10,KSW,K S W INC,KSW,221330.0,Q,A,R,50698,3,5070.0,,,,50.0,507.0,,,,,,,-3.375,0.022727,6290.0,1.0,,-21228.75,KSW,10.0,7.0,4.0,7.0,6.0,1,10.0,10.0,8.0,2.0,2.0,9.0,2.0,,10.0,8.0,10.0,5.0,1.0,1.0,2.0,6.0,8.0,9.0,9.0,2.0,,,,7.0,,,10.0,5.0,8.0,,9.0,8.0,,8.0,8.0,7.0,7.0,3.0,10.0,,7.0,,,,1.0,9,10.0,10,1
2010-05-17,91231,,11,3,5070.0,48268R10,KSW,K S W INC,KSW,221330.0,Q,A,R,50698,3,5070.0,,,,50.0,507.0,,,,,,,3.27,-0.031111,6290.0,1.0,3.35,20568.3,KSW,10.0,7.0,4.0,7.0,6.0,1,10.0,10.0,8.0,2.0,2.0,9.0,2.0,,10.0,8.0,10.0,5.0,1.0,1.0,2.0,6.0,8.0,9.0,9.0,2.0,,,,7.0,,,10.0,5.0,8.0,,9.0,8.0,,8.0,8.0,7.0,7.0,3.0,10.0,,7.0,,,,1.0,9,10.0,10,1
2010-05-18,91231,,11,3,5070.0,48268R10,KSW,K S W INC,KSW,221330.0,Q,A,R,50698,3,5070.0,,,,50.0,507.0,,,,,,,3.29,0.006116,6290.0,1.0,3.34,20694.1,KSW,10.0,7.0,4.0,7.0,6.0,1,10.0,10.0,8.0,2.0,2.0,9.0,2.0,,10.0,8.0,10.0,5.0,1.0,1.0,2.0,6.0,8.0,9.0,9.0,2.0,,,,7.0,,,10.0,5.0,8.0,,9.0,8.0,,8.0,8.0,7.0,7.0,3.0,10.0,,7.0,,,,1.0,9,10.0,10,1
2010-05-19,91231,,11,3,5070.0,48268R10,KSW,K S W INC,KSW,221330.0,Q,A,R,50698,3,5070.0,,,,50.0,507.0,,,,,,,3.31,0.006079,6290.0,1.0,3.27,20819.9,KSW,10.0,7.0,4.0,7.0,6.0,1,10.0,10.0,8.0,2.0,2.0,9.0,2.0,,10.0,8.0,10.0,5.0,1.0,1.0,2.0,6.0,8.0,9.0,9.0,2.0,,,,7.0,,,10.0,5.0,8.0,,9.0,8.0,,8.0,8.0,7.0,7.0,3.0,10.0,,7.0,,,,1.0,9,10.0,10,1
2010-05-20,91231,,11,3,5070.0,48268R10,KSW,K S W INC,KSW,221330.0,Q,A,R,50698,3,5070.0,,,,50.0,507.0,,,,,,,3.26,-0.015106,6290.0,1.0,3.27,20505.4,KSW,10.0,7.0,4.0,7.0,6.0,1,10.0,10.0,8.0,2.0,2.0,9.0,2.0,,10.0,8.0,10.0,5.0,1.0,1.0,2.0,6.0,8.0,9.0,9.0,2.0,,,,7.0,,,10.0,5.0,8.0,,9.0,8.0,,8.0,8.0,7.0,7.0,3.0,10.0,,7.0,,,,1.0,9,10.0,10,1
2010-05-21,91231,,11,3,5070.0,48268R10,KSW,K S W INC,KSW,221330.0,Q,A,R,50698,3,5070.0,,,,50.0,507.0,,,,,,,3.28,0.006135,6290.0,1.0,3.25,20631.2,KSW,10.0,7.0,4.0,7.0,6.0,1,10.0,10.0,8.0,2.0,2.0,9.0,2.0,,10.0,8.0,10.0,5.0,1.0,1.0,2.0,6.0,8.0,9.0,9.0,2.0,,,,7.0,,,10.0,5.0,8.0,,9.0,8.0,,8.0,8.0,7.0,7.0,3.0,10.0,,7.0,,,,1.0,9,10.0,10,1
2010-05-24,91231,,11,3,5070.0,48268R10,KSW,K S W INC,KSW,221330.0,Q,A,R,50698,3,5070.0,,,,50.0,507.0,,,,,,,3.3199,0.012165,6290.0,1.0,3.32,20882.171,KSW,10.0,7.0,4.0,7.0,6.0,1,10.0,10.0,8.0,2.0,2.0,9.0,2.0,,10.0,8.0,10.0,5.0,1.0,1.0,2.0,6.0,8.0,9.0,9.0,2.0,,,,7.0,,,10.0,5.0,8.0,,9.0,8.0,,8.0,8.0,7.0,7.0,3.0,10.0,,7.0,,,,1.0,9,10.0,10,1
2010-05-25,91231,,11,3,5070.0,48268R10,KSW,K S W INC,KSW,221330.0,Q,A,R,50698,3,5070.0,,,,50.0,507.0,,,,,,,3.2601,-0.018013,6290.0,1.0,3.32,20506.029,KSW,10.0,7.0,4.0,7.0,6.0,1,10.0,10.0,8.0,2.0,2.0,9.0,2.0,,10.0,8.0,10.0,5.0,1.0,1.0,2.0,6.0,8.0,9.0,9.0,2.0,,,,7.0,,,10.0,5.0,8.0,,9.0,8.0,,8.0,8.0,7.0,7.0,3.0,10.0,,7.0,,,,1.0,9,10.0,10,1
2010-05-26,91231,,11,3,5070.0,48268R10,KSW,K S W INC,KSW,221330.0,Q,A,R,50698,3,5070.0,,,,50.0,507.0,,,,,,,3.26,-3.1e-05,6290.0,1.0,3.26,20505.4,KSW,10.0,7.0,4.0,7.0,6.0,1,10.0,10.0,8.0,2.0,2.0,9.0,2.0,,10.0,8.0,10.0,5.0,1.0,1.0,2.0,6.0,8.0,9.0,9.0,2.0,,,,7.0,,,10.0,5.0,8.0,,9.0,8.0,,8.0,8.0,7.0,7.0,3.0,10.0,,7.0,,,,1.0,9,10.0,10,1
2010-05-27,91231,,11,3,5070.0,48268R10,KSW,K S W INC,KSW,221330.0,Q,A,R,50698,3,5070.0,,,,50.0,507.0,,,,,,,3.25,-0.003067,6290.0,1.0,3.27,20442.5,KSW,10.0,7.0,4.0,7.0,6.0,1,10.0,10.0,8.0,2.0,2.0,9.0,2.0,,10.0,8.0,10.0,5.0,1.0,1.0,2.0,6.0,8.0,9.0,9.0,2.0,,,,7.0,,,10.0,5.0,8.0,,9.0,8.0,,8.0,8.0,7.0,7.0,3.0,10.0,,7.0,,,,1.0,9,10.0,10,1
2010-05-28,91231,,11,3,5070.0,48268R10,KSW,K S W INC,KSW,221330.0,Q,A,R,50698,3,5070.0,,,,50.0,507.0,,,,,,,3.29,0.012308,6290.0,1.0,3.25,20694.1,KSW,10.0,7.0,4.0,7.0,6.0,1,10.0,10.0,8.0,2.0,2.0,9.0,2.0,,10.0,8.0,10.0,5.0,1.0,1.0,2.0,6.0,8.0,9.0,9.0,2.0,,,,7.0,,,10.0,5.0,8.0,,9.0,8.0,,8.0,8.0,7.0,7.0,3.0,10.0,,7.0,,,,1.0,9,10.0,10,1
2010-06-01,91231,,11,3,5070.0,48268R10,KSW,K S W INC,KSW,221330.0,Q,A,R,50698,3,5070.0,,,,50.0,507.0,,,,,,,3.21,-0.024316,6290.0,1.0,3.26,20190.9,KSW,10.0,7.0,4.0,7.0,6.0,1,10.0,10.0,8.0,2.0,2.0,9.0,2.0,,10.0,8.0,10.0,5.0,1.0,1.0,2.0,6.0,8.0,9.0,9.0,2.0,,,,8.0,,,10.0,6.0,10.0,,9.0,5.0,,2.0,3.0,,7.0,4.0,10.0,,8.0,,,,1.0,9,10.0,10,1
2010-06-02,91231,,11,3,5070.0,48268R10,KSW,K S W INC,KSW,221330.0,Q,A,R,50698,3,5070.0,,,,50.0,507.0,,,,,,,3.1899,-0.006262,6290.0,1.0,3.16,20064.471,KSW,10.0,7.0,4.0,7.0,6.0,1,10.0,10.0,8.0,2.0,2.0,9.0,2.0,,10.0,8.0,10.0,5.0,1.0,1.0,2.0,6.0,8.0,9.0,9.0,2.0,,,,8.0,,,10.0,6.0,10.0,,9.0,5.0,,2.0,3.0,,7.0,4.0,10.0,,8.0,,,,1.0,9,10.0,10,1
2010-06-03,91231,,11,3,5070.0,48268R10,KSW,K S W INC,KSW,221330.0,Q,A,R,50698,3,5070.0,,,,50.0,507.0,,,,,,,3.1901,6.3e-05,6290.0,1.0,3.25,20065.729,KSW,10.0,7.0,4.0,7.0,6.0,1,10.0,10.0,8.0,2.0,2.0,9.0,2.0,,10.0,8.0,10.0,5.0,1.0,1.0,2.0,6.0,8.0,9.0,9.0,2.0,,,,8.0,,,10.0,6.0,10.0,,9.0,5.0,,2.0,3.0,,7.0,4.0,10.0,,8.0,,,,1.0,9,10.0,10,1
2010-06-04,91231,,11,3,5070.0,48268R10,KSW,K S W INC,KSW,221330.0,Q,A,R,50698,3,5070.0,,,,50.0,507.0,,,,,,,3.12,-0.021974,6290.0,1.0,3.19,19624.8,KSW,10.0,7.0,4.0,7.0,6.0,1,10.0,10.0,8.0,2.0,2.0,9.0,2.0,,10.0,8.0,10.0,5.0,1.0,1.0,2.0,6.0,8.0,9.0,9.0,2.0,,,,8.0,,,10.0,6.0,10.0,,9.0,5.0,,2.0,3.0,,7.0,4.0,10.0,,8.0,,,,1.0,9,10.0,10,1
2010-06-07,91231,,11,3,5070.0,48268R10,KSW,K S W INC,KSW,221330.0,Q,A,R,50698,3,5070.0,,,,50.0,507.0,,,,,,,3.16,0.012821,6290.0,1.0,3.14,19876.4,KSW,10.0,7.0,4.0,7.0,6.0,1,10.0,10.0,8.0,2.0,2.0,9.0,2.0,,10.0,8.0,10.0,5.0,1.0,1.0,2.0,6.0,8.0,9.0,9.0,2.0,,,,8.0,,,10.0,6.0,10.0,,9.0,5.0,,2.0,3.0,,7.0,4.0,10.0,,8.0,,,,1.0,9,10.0,10,1
2010-06-08,91231,,11,3,5070.0,48268R10,KSW,K S W INC,KSW,221330.0,Q,A,R,50698,3,5070.0,,,,50.0,507.0,,,,,,,3.14,-0.006329,6290.0,1.0,3.2,19750.6,KSW,10.0,7.0,4.0,7.0,6.0,1,10.0,10.0,8.0,2.0,2.0,9.0,2.0,,10.0,8.0,10.0,5.0,1.0,1.0,2.0,6.0,8.0,9.0,9.0,2.0,,,,8.0,,,10.0,6.0,10.0,,9.0,5.0,,2.0,3.0,,7.0,4.0,10.0,,8.0,,,,1.0,9,10.0,10,1
2010-06-09,91231,,11,3,5070.0,48268R10,KSW,K S W INC,KSW,221330.0,Q,A,R,50698,3,5070.0,,,,50.0,507.0,,,,,,,3.15,0.003185,6290.0,1.0,3.07,19813.5,KSW,10.0,7.0,4.0,7.0,6.0,1,10.0,10.0,8.0,2.0,2.0,9.0,2.0,,10.0,8.0,10.0,5.0,1.0,1.0,2.0,6.0,8.0,9.0,9.0,2.0,,,,8.0,,,10.0,6.0,10.0,,9.0,5.0,,2.0,3.0,,7.0,4.0,10.0,,8.0,,,,1.0,9,10.0,10,1
2010-06-10,91231,,11,3,5070.0,48268R10,KSW,K S W INC,KSW,221330.0,Q,A,R,50698,3,5070.0,,,,50.0,507.0,,,,,,,3.11,-0.012698,6290.0,1.0,3.16,19561.9,KSW,10.0,7.0,4.0,7.0,6.0,1,10.0,10.0,8.0,2.0,2.0,9.0,2.0,,10.0,8.0,10.0,5.0,1.0,1.0,2.0,6.0,8.0,9.0,9.0,2.0,,,,8.0,,,10.0,6.0,10.0,,9.0,5.0,,2.0,3.0,,7.0,4.0,10.0,,8.0,,,,1.0,9,10.0,10,1
2010-06-11,91231,,11,3,5070.0,48268R10,KSW,K S W INC,KSW,221330.0,Q,A,R,50698,3,5070.0,,,,50.0,507.0,,,,,,,3.08,-0.009646,6290.0,1.0,3.06,19373.2,KSW,10.0,7.0,4.0,7.0,6.0,1,10.0,10.0,8.0,2.0,2.0,9.0,2.0,,10.0,8.0,10.0,5.0,1.0,1.0,2.0,6.0,8.0,9.0,9.0,2.0,,,,8.0,,,10.0,6.0,10.0,,9.0,5.0,,2.0,3.0,,7.0,4.0,10.0,,8.0,,,,1.0,9,10.0,10,1
2010-06-14,91231,,11,3,5070.0,48268R10,KSW,K S W INC,KSW,221330.0,Q,A,R,50698,3,5070.0,,,,50.0,507.0,,,,,,,3.1,0.006494,6290.0,1.0,3.1,19499.0,KSW,10.0,7.0,4.0,7.0,6.0,1,10.0,10.0,8.0,2.0,2.0,9.0,2.0,,10.0,8.0,10.0,5.0,1.0,1.0,2.0,6.0,8.0,9.0,9.0,2.0,,,,8.0,,,10.0,6.0,10.0,,9.0,5.0,,2.0,3.0,,7.0,4.0,10.0,,8.0,,,,1.0,9,10.0,10,1
2010-06-15,91231,,11,3,5070.0,48268R10,KSW,K S W INC,KSW,221330.0,Q,A,R,50698,3,5070.0,,,,50.0,507.0,,,,,,,3.1,0.0,6290.0,1.0,3.1499,19499.0,KSW,10.0,7.0,4.0,7.0,6.0,1,10.0,10.0,8.0,2.0,2.0,9.0,2.0,,10.0,8.0,10.0,5.0,1.0,1.0,2.0,6.0,8.0,9.0,9.0,2.0,,,,8.0,,,10.0,6.0,10.0,,9.0,5.0,,2.0,3.0,,7.0,4.0,10.0,,8.0,,,,1.0,9,10.0,10,1
2010-06-16,91231,,11,3,5070.0,48268R10,KSW,K S W INC,KSW,221330.0,Q,A,R,50698,3,5070.0,,,,50.0,507.0,,,,,,,3.1,0.0,6290.0,1.0,3.1099,19499.0,KSW,10.0,7.0,4.0,7.0,6.0,1,10.0,10.0,8.0,2.0,2.0,9.0,2.0,,10.0,8.0,10.0,5.0,1.0,1.0,2.0,6.0,8.0,9.0,9.0,2.0,,,,8.0,,,10.0,6.0,10.0,,9.0,5.0,,2.0,3.0,,7.0,4.0,10.0,,8.0,,,,1.0,9,10.0,10,1
2010-06-17,91231,,11,3,5070.0,48268R10,KSW,K S W INC,KSW,221330.0,Q,A,R,50698,3,5070.0,,,,50.0,507.0,,,,,,,3.1499,0.016097,6290.0,1.0,3.1,19812.871,KSW,10.0,7.0,4.0,7.0,6.0,1,10.0,10.0,8.0,2.0,2.0,9.0,2.0,,10.0,8.0,10.0,5.0,1.0,1.0,2.0,6.0,8.0,9.0,9.0,2.0,,,,8.0,,,10.0,6.0,10.0,,9.0,5.0,,2.0,3.0,,7.0,4.0,10.0,,8.0,,,,1.0,9,10.0,10,1
2010-06-18,91231,,11,3,5070.0,48268R10,KSW,K S W INC,KSW,221330.0,Q,A,R,50698,3,5070.0,,,,50.0,507.0,,,,,,,3.28,0.041303,6290.0,1.0,3.15,20631.2,KSW,10.0,7.0,4.0,7.0,6.0,1,10.0,10.0,8.0,2.0,2.0,9.0,2.0,,10.0,8.0,10.0,5.0,1.0,1.0,2.0,6.0,8.0,9.0,9.0,2.0,,,,8.0,,,10.0,6.0,10.0,,9.0,5.0,,2.0,3.0,,7.0,4.0,10.0,,8.0,,,,1.0,9,10.0,10,1
2010-06-21,91231,,11,3,5070.0,48268R10,KSW,K S W INC,KSW,221330.0,Q,A,R,50698,3,5070.0,,,,50.0,507.0,,,,,,,3.29,0.003049,6290.0,1.0,3.21,20694.1,KSW,10.0,7.0,4.0,7.0,6.0,1,10.0,10.0,8.0,2.0,2.0,9.0,2.0,,10.0,8.0,10.0,5.0,1.0,1.0,2.0,6.0,8.0,9.0,9.0,2.0,,,,8.0,,,10.0,6.0,10.0,,9.0,5.0,,2.0,3.0,,7.0,4.0,10.0,,8.0,,,,1.0,9,10.0,10,1
2010-06-22,91231,,11,3,5070.0,48268R10,KSW,K S W INC,KSW,221330.0,Q,A,R,50698,3,5070.0,,,,50.0,507.0,,,,,,,3.11,-0.054711,6290.0,1.0,3.14,19561.9,KSW,10.0,7.0,4.0,7.0,6.0,1,10.0,10.0,8.0,2.0,2.0,9.0,2.0,,10.0,8.0,10.0,5.0,1.0,1.0,2.0,6.0,8.0,9.0,9.0,2.0,,,,8.0,,,10.0,6.0,10.0,,9.0,5.0,,2.0,3.0,,7.0,4.0,10.0,,8.0,,,,1.0,9,10.0,10,1
2010-06-23,91231,,11,3,5070.0,48268R10,KSW,K S W INC,KSW,221330.0,Q,A,R,50698,3,5070.0,,,,50.0,507.0,,,,,,,3.25,0.045016,6290.0,1.0,3.1,20442.5,KSW,10.0,7.0,4.0,7.0,6.0,1,10.0,10.0,8.0,2.0,2.0,9.0,2.0,,10.0,8.0,10.0,5.0,1.0,1.0,2.0,6.0,8.0,9.0,9.0,2.0,,,,8.0,,,10.0,6.0,10.0,,9.0,5.0,,2.0,3.0,,7.0,4.0,10.0,,8.0,,,,1.0,9,10.0,10,1
2010-06-24,91231,,11,3,5070.0,48268R10,KSW,K S W INC,KSW,221330.0,Q,A,R,50698,3,5070.0,,,,50.0,507.0,,,,,,,3.09,-0.049231,6290.0,1.0,3.25,19436.1,KSW,10.0,7.0,4.0,7.0,6.0,1,10.0,10.0,8.0,2.0,2.0,9.0,2.0,,10.0,8.0,10.0,5.0,1.0,1.0,2.0,6.0,8.0,9.0,9.0,2.0,,,,8.0,,,10.0,6.0,10.0,,9.0,5.0,,2.0,3.0,,7.0,4.0,10.0,,8.0,,,,1.0,9,10.0,10,1
2010-06-25,91231,,11,3,5070.0,48268R10,KSW,K S W INC,KSW,221330.0,Q,A,R,50698,3,5070.0,,,,50.0,507.0,,,,,,,3.04,-0.016181,6290.0,1.0,3.09,19121.6,KSW,10.0,7.0,4.0,7.0,6.0,1,10.0,10.0,8.0,2.0,2.0,9.0,2.0,,10.0,8.0,10.0,5.0,1.0,1.0,2.0,6.0,8.0,9.0,9.0,2.0,,,,8.0,,,10.0,6.0,10.0,,9.0,5.0,,2.0,3.0,,7.0,4.0,10.0,,8.0,,,,1.0,9,10.0,10,1
2010-06-28,91231,,11,3,5070.0,48268R10,KSW,K S W INC,KSW,221330.0,Q,A,R,50698,3,5070.0,,,,50.0,507.0,,,,,,,3.19,0.049342,6290.0,1.0,3.01,20065.1,KSW,10.0,7.0,4.0,7.0,6.0,1,10.0,10.0,8.0,2.0,2.0,9.0,2.0,,10.0,8.0,10.0,5.0,1.0,1.0,2.0,6.0,8.0,9.0,9.0,2.0,,,,8.0,,,10.0,6.0,10.0,,9.0,5.0,,2.0,3.0,,7.0,4.0,10.0,,8.0,,,,1.0,9,10.0,10,1
2010-06-29,91231,,11,3,5070.0,48268R10,KSW,K S W INC,KSW,221330.0,Q,A,R,50698,3,5070.0,,,,50.0,507.0,,,,,,,3.19,0.0,6290.0,1.0,3.19,20065.1,KSW,10.0,7.0,4.0,7.0,6.0,1,10.0,10.0,8.0,2.0,2.0,9.0,2.0,,10.0,8.0,10.0,5.0,1.0,1.0,2.0,6.0,8.0,9.0,9.0,2.0,,,,8.0,,,10.0,6.0,10.0,,9.0,5.0,,2.0,3.0,,7.0,4.0,10.0,,8.0,,,,1.0,9,10.0,10,1
2010-06-30,91231,,11,3,5070.0,48268R10,KSW,K S W INC,KSW,221330.0,Q,A,R,50698,3,5070.0,,,,50.0,507.0,,,,,,,3.14,-0.015674,6325.0,1.0,3.1001,19860.5,KSW,10.0,7.0,4.0,7.0,6.0,1,10.0,10.0,8.0,2.0,2.0,9.0,2.0,,10.0,8.0,10.0,5.0,1.0,1.0,2.0,6.0,8.0,9.0,9.0,2.0,,,,8.0,,,10.0,6.0,10.0,,9.0,5.0,,2.0,3.0,,7.0,4.0,10.0,,8.0,,,,1.0,9,10.0,10,1
2010-07-01,91231,,11,3,5070.0,48268R10,KSW,K S W INC,KSW,221330.0,Q,A,R,50698,3,5070.0,,,,50.0,507.0,,,,,,,3.0,-0.044586,6325.0,1.0,3.07,18975.0,KSW,10.0,8.0,4.0,8.0,6.0,1,10.0,10.0,4.0,1.0,10.0,9.0,1.0,9.0,6.0,3.0,10.0,4.0,10.0,10.0,9.0,6.0,6.0,5.0,9.0,2.0,,,,9.0,,,10.0,5.0,10.0,,8.0,4.0,,3.0,3.0,3.0,4.0,4.0,10.0,,4.0,,,,1.0,9,10.0,10,1
2010-07-02,91231,,11,3,5070.0,48268R10,KSW,K S W INC,KSW,221330.0,Q,A,R,50698,3,5070.0,,,,50.0,507.0,,,,,,,2.9,-0.033333,6325.0,1.0,3.14,18342.5,KSW,10.0,8.0,4.0,8.0,6.0,1,10.0,10.0,4.0,1.0,10.0,9.0,1.0,9.0,6.0,3.0,10.0,4.0,10.0,10.0,9.0,6.0,6.0,5.0,9.0,2.0,,,,9.0,,,10.0,5.0,10.0,,8.0,4.0,,3.0,3.0,3.0,4.0,4.0,10.0,,4.0,,,,1.0,9,10.0,10,1
2010-07-06,91231,,11,3,5070.0,48268R10,KSW,K S W INC,KSW,221330.0,Q,A,R,50698,3,5070.0,,,,50.0,507.0,,,,,,,2.85,-0.017241,6325.0,1.0,2.886,18026.25,KSW,10.0,8.0,4.0,8.0,6.0,1,10.0,10.0,4.0,1.0,10.0,9.0,1.0,9.0,6.0,3.0,10.0,4.0,10.0,10.0,9.0,6.0,6.0,5.0,9.0,2.0,,,,9.0,,,10.0,5.0,10.0,,8.0,4.0,,3.0,3.0,3.0,4.0,4.0,10.0,,4.0,,,,1.0,9,10.0,10,1
2010-07-07,91231,,11,3,5070.0,48268R10,KSW,K S W INC,KSW,221330.0,Q,A,R,50698,3,5070.0,,,,50.0,507.0,,,,,,,-2.945,0.033333,6325.0,1.0,,-18627.125,KSW,10.0,8.0,4.0,8.0,6.0,1,10.0,10.0,4.0,1.0,10.0,9.0,1.0,9.0,6.0,3.0,10.0,4.0,10.0,10.0,9.0,6.0,6.0,5.0,9.0,2.0,,,,9.0,,,10.0,5.0,10.0,,8.0,4.0,,3.0,3.0,3.0,4.0,4.0,10.0,,4.0,,,,1.0,9,10.0,10,1
2010-07-08,91231,,11,3,5070.0,48268R10,KSW,K S W INC,KSW,221330.0,Q,A,R,50698,3,5070.0,,,,50.0,507.0,,,,,,,2.9,-0.01528,6325.0,1.0,2.94,18342.5,KSW,10.0,8.0,4.0,8.0,6.0,1,10.0,10.0,4.0,1.0,10.0,9.0,1.0,9.0,6.0,3.0,10.0,4.0,10.0,10.0,9.0,6.0,6.0,5.0,9.0,2.0,,,,9.0,,,10.0,5.0,10.0,,8.0,4.0,,3.0,3.0,3.0,4.0,4.0,10.0,,4.0,,,,1.0,9,10.0,10,1
2010-07-09,91231,,11,3,5070.0,48268R10,KSW,K S W INC,KSW,221330.0,Q,A,R,50698,3,5070.0,,,,50.0,507.0,,,,,,,2.91,0.003448,6325.0,1.0,2.884,18405.75,KSW,10.0,8.0,4.0,8.0,6.0,1,10.0,10.0,4.0,1.0,10.0,9.0,1.0,9.0,6.0,3.0,10.0,4.0,10.0,10.0,9.0,6.0,6.0,5.0,9.0,2.0,,,,9.0,,,10.0,5.0,10.0,,8.0,4.0,,3.0,3.0,3.0,4.0,4.0,10.0,,4.0,,,,1.0,9,10.0,10,1
2010-07-12,91231,,11,3,5070.0,48268R10,KSW,K S W INC,KSW,221330.0,Q,A,R,50698,3,5070.0,,,,50.0,507.0,,,,,,,2.92,0.003436,6325.0,1.0,2.91,18469.0,KSW,10.0,8.0,4.0,8.0,6.0,1,10.0,10.0,4.0,1.0,10.0,9.0,1.0,9.0,6.0,3.0,10.0,4.0,10.0,10.0,9.0,6.0,6.0,5.0,9.0,2.0,,,,9.0,,,10.0,5.0,10.0,,8.0,4.0,,3.0,3.0,3.0,4.0,4.0,10.0,,4.0,,,,1.0,9,10.0,10,1
2010-07-13,91231,,11,3,5070.0,48268R10,KSW,K S W INC,KSW,221330.0,Q,A,R,50698,3,5070.0,,,,50.0,507.0,,,,,,,3.03,0.037671,6325.0,1.0,3.03,19164.75,KSW,10.0,8.0,4.0,8.0,6.0,1,10.0,10.0,4.0,1.0,10.0,9.0,1.0,9.0,6.0,3.0,10.0,4.0,10.0,10.0,9.0,6.0,6.0,5.0,9.0,2.0,,,,9.0,,,10.0,5.0,10.0,,8.0,4.0,,3.0,3.0,3.0,4.0,4.0,10.0,,4.0,,,,1.0,9,10.0,10,1
2010-07-14,91231,,11,3,5070.0,48268R10,KSW,K S W INC,KSW,221330.0,Q,A,R,50698,3,5070.0,,,,50.0,507.0,,,,,,,3.05,0.006601,6325.0,1.0,3.03,19291.25,KSW,10.0,8.0,4.0,8.0,6.0,1,10.0,10.0,4.0,1.0,10.0,9.0,1.0,9.0,6.0,3.0,10.0,4.0,10.0,10.0,9.0,6.0,6.0,5.0,9.0,2.0,,,,9.0,,,10.0,5.0,10.0,,8.0,4.0,,3.0,3.0,3.0,4.0,4.0,10.0,,4.0,,,,1.0,9,10.0,10,1
2010-07-15,91231,,11,3,5070.0,48268R10,KSW,K S W INC,KSW,221330.0,Q,A,R,50698,3,5070.0,,,,50.0,507.0,,,,,,,3.02,-0.009836,6325.0,1.0,3.0201,19101.5,KSW,10.0,8.0,4.0,8.0,6.0,1,10.0,10.0,4.0,1.0,10.0,9.0,1.0,9.0,6.0,3.0,10.0,4.0,10.0,10.0,9.0,6.0,6.0,5.0,9.0,2.0,,,,9.0,,,10.0,5.0,10.0,,8.0,4.0,,3.0,3.0,3.0,4.0,4.0,10.0,,4.0,,,,1.0,9,10.0,10,1
2010-07-16,91231,,11,3,5070.0,48268R10,KSW,K S W INC,KSW,221330.0,Q,A,R,50698,3,5070.0,,,,50.0,507.0,,,,,,,3.05,0.009934,6325.0,1.0,2.98,19291.25,KSW,10.0,8.0,4.0,8.0,6.0,1,10.0,10.0,4.0,1.0,10.0,9.0,1.0,9.0,6.0,3.0,10.0,4.0,10.0,10.0,9.0,6.0,6.0,5.0,9.0,2.0,,,,9.0,,,10.0,5.0,10.0,,8.0,4.0,,3.0,3.0,3.0,4.0,4.0,10.0,,4.0,,,,1.0,9,10.0,10,1
2010-07-19,91231,,11,3,5070.0,48268R10,KSW,K S W INC,KSW,221330.0,Q,A,R,50698,3,5070.0,,,,50.0,507.0,,,,,,,2.91,-0.045902,6325.0,1.0,2.85,18405.75,KSW,10.0,8.0,4.0,8.0,6.0,1,10.0,10.0,4.0,1.0,10.0,9.0,1.0,9.0,6.0,3.0,10.0,4.0,10.0,10.0,9.0,6.0,6.0,5.0,9.0,2.0,,,,9.0,,,10.0,5.0,10.0,,8.0,4.0,,3.0,3.0,3.0,4.0,4.0,10.0,,4.0,,,,1.0,9,10.0,10,1
2010-07-20,91231,,11,3,5070.0,48268R10,KSW,K S W INC,KSW,221330.0,Q,A,R,50698,3,5070.0,,,,50.0,507.0,,,,,,,2.75,-0.054983,6325.0,1.0,2.76,17393.75,KSW,10.0,8.0,4.0,8.0,6.0,1,10.0,10.0,4.0,1.0,10.0,9.0,1.0,9.0,6.0,3.0,10.0,4.0,10.0,10.0,9.0,6.0,6.0,5.0,9.0,2.0,,,,9.0,,,10.0,5.0,10.0,,8.0,4.0,,3.0,3.0,3.0,4.0,4.0,10.0,,4.0,,,,1.0,9,10.0,10,1
2010-07-21,91231,,11,3,5070.0,48268R10,KSW,K S W INC,KSW,221330.0,Q,A,R,50698,3,5070.0,,,,50.0,507.0,,,,,,,2.73,-0.007273,6325.0,1.0,2.75,17267.25,KSW,10.0,8.0,4.0,8.0,6.0,1,10.0,10.0,4.0,1.0,10.0,9.0,1.0,9.0,6.0,3.0,10.0,4.0,10.0,10.0,9.0,6.0,6.0,5.0,9.0,2.0,,,,9.0,,,10.0,5.0,10.0,,8.0,4.0,,3.0,3.0,3.0,4.0,4.0,10.0,,4.0,,,,1.0,9,10.0,10,1
2010-07-22,91231,,11,3,5070.0,48268R10,KSW,K S W INC,KSW,221330.0,Q,A,R,50698,3,5070.0,,,,50.0,507.0,,,,,,,2.8,0.025641,6325.0,1.0,2.79,17710.0,KSW,10.0,8.0,4.0,8.0,6.0,1,10.0,10.0,4.0,1.0,10.0,9.0,1.0,9.0,6.0,3.0,10.0,4.0,10.0,10.0,9.0,6.0,6.0,5.0,9.0,2.0,,,,9.0,,,10.0,5.0,10.0,,8.0,4.0,,3.0,3.0,3.0,4.0,4.0,10.0,,4.0,,,,1.0,9,10.0,10,1
2010-07-23,91231,,11,3,5070.0,48268R10,KSW,K S W INC,KSW,221330.0,Q,A,R,50698,3,5070.0,,,,50.0,507.0,,,,,,,2.79,-0.003571,6325.0,1.0,2.8,17646.75,KSW,10.0,8.0,4.0,8.0,6.0,1,10.0,10.0,4.0,1.0,10.0,9.0,1.0,9.0,6.0,3.0,10.0,4.0,10.0,10.0,9.0,6.0,6.0,5.0,9.0,2.0,,,,9.0,,,10.0,5.0,10.0,,8.0,4.0,,3.0,3.0,3.0,4.0,4.0,10.0,,4.0,,,,1.0,9,10.0,10,1
2010-07-26,91231,,11,3,5070.0,48268R10,KSW,K S W INC,KSW,221330.0,Q,A,R,50698,3,5070.0,,,,50.0,507.0,,,,,,,2.9,0.039427,6325.0,1.0,2.81,18342.5,KSW,10.0,8.0,4.0,8.0,6.0,1,10.0,10.0,4.0,1.0,10.0,9.0,1.0,9.0,6.0,3.0,10.0,4.0,10.0,10.0,9.0,6.0,6.0,5.0,9.0,2.0,,,,9.0,,,10.0,5.0,10.0,,8.0,4.0,,3.0,3.0,3.0,4.0,4.0,10.0,,4.0,,,,1.0,9,10.0,10,1
2010-07-27,91231,,11,3,5070.0,48268R10,KSW,K S W INC,KSW,221330.0,Q,A,R,50698,3,5070.0,,,,50.0,507.0,,,,,,,2.97,0.024138,6325.0,1.0,2.87,18785.25,KSW,10.0,8.0,4.0,8.0,6.0,1,10.0,10.0,4.0,1.0,10.0,9.0,1.0,9.0,6.0,3.0,10.0,4.0,10.0,10.0,9.0,6.0,6.0,5.0,9.0,2.0,,,,9.0,,,10.0,5.0,10.0,,8.0,4.0,,3.0,3.0,3.0,4.0,4.0,10.0,,4.0,,,,1.0,9,10.0,10,1
2010-07-28,91231,,11,3,5070.0,48268R10,KSW,K S W INC,KSW,221330.0,Q,A,R,50698,3,5070.0,,,,50.0,507.0,,,,,,,2.9,-0.023569,6325.0,1.0,2.93,18342.5,KSW,10.0,8.0,4.0,8.0,6.0,1,10.0,10.0,4.0,1.0,10.0,9.0,1.0,9.0,6.0,3.0,10.0,4.0,10.0,10.0,9.0,6.0,6.0,5.0,9.0,2.0,,,,9.0,,,10.0,5.0,10.0,,8.0,4.0,,3.0,3.0,3.0,4.0,4.0,10.0,,4.0,,,,1.0,9,10.0,10,1
2010-07-29,91231,,11,3,5070.0,48268R10,KSW,K S W INC,KSW,221330.0,Q,A,R,50698,3,5070.0,,,,50.0,507.0,,,,,,,3.05,0.051724,6325.0,1.0,2.99,19291.25,KSW,10.0,8.0,4.0,8.0,6.0,1,10.0,10.0,4.0,1.0,10.0,9.0,1.0,9.0,6.0,3.0,10.0,4.0,10.0,10.0,9.0,6.0,6.0,5.0,9.0,2.0,,,,9.0,,,10.0,5.0,10.0,,8.0,4.0,,3.0,3.0,3.0,4.0,4.0,10.0,,4.0,,,,1.0,9,10.0,10,1
2010-07-30,91231,,11,3,5070.0,48268R10,KSW,K S W INC,KSW,221330.0,Q,A,R,50698,3,5070.0,,,,50.0,507.0,,,,,,,3.08,0.009836,6325.0,1.0,3.08,19481.0,KSW,10.0,8.0,4.0,8.0,6.0,1,10.0,10.0,4.0,1.0,10.0,9.0,1.0,9.0,6.0,3.0,10.0,4.0,10.0,10.0,9.0,6.0,6.0,5.0,9.0,2.0,,,,9.0,,,10.0,5.0,10.0,,8.0,4.0,,3.0,3.0,3.0,4.0,4.0,10.0,,4.0,,,,1.0,9,10.0,10,1
2010-08-02,91231,,11,3,5070.0,48268R10,KSW,K S W INC,KSW,221330.0,Q,A,R,50698,3,5070.0,,,,50.0,507.0,,,,,,,3.13,0.016234,6325.0,1.0,3.18,19797.25,KSW,10.0,8.0,4.0,8.0,6.0,1,10.0,10.0,4.0,1.0,10.0,9.0,1.0,9.0,6.0,3.0,10.0,4.0,10.0,10.0,9.0,6.0,6.0,5.0,9.0,2.0,,,,6.0,,,10.0,6.0,7.0,,9.0,4.0,,2.0,2.0,3.0,9.0,3.0,10.0,,8.0,,,,1.0,9,10.0,10,1
2010-08-03,91231,,11,3,5070.0,48268R10,KSW,K S W INC,KSW,221330.0,Q,A,R,50698,3,5070.0,,,,50.0,507.0,,,,,,,3.13,0.0,6325.0,1.0,3.13,19797.25,KSW,10.0,8.0,4.0,8.0,6.0,1,10.0,10.0,4.0,1.0,10.0,9.0,1.0,9.0,6.0,3.0,10.0,4.0,10.0,10.0,9.0,6.0,6.0,5.0,9.0,2.0,,,,6.0,,,10.0,6.0,7.0,,9.0,4.0,,2.0,2.0,3.0,9.0,3.0,10.0,,8.0,,,,1.0,9,10.0,10,1
2010-08-04,91231,,11,3,5070.0,48268R10,KSW,K S W INC,KSW,221330.0,Q,A,R,50698,3,5070.0,,,,50.0,507.0,,,,,,,3.0,-0.041534,6325.0,1.0,3.15,18975.0,KSW,10.0,8.0,4.0,8.0,6.0,1,10.0,10.0,4.0,1.0,10.0,9.0,1.0,9.0,6.0,3.0,10.0,4.0,10.0,10.0,9.0,6.0,6.0,5.0,9.0,2.0,,,,6.0,,,10.0,6.0,7.0,,9.0,4.0,,2.0,2.0,3.0,9.0,3.0,10.0,,8.0,,,,1.0,9,10.0,10,1
2010-08-05,91231,,11,3,5070.0,48268R10,KSW,K S W INC,KSW,221330.0,Q,A,R,50698,3,5070.0,,,,50.0,507.0,,,,,,,3.0,0.0,6325.0,1.0,3.03,18975.0,KSW,10.0,8.0,4.0,8.0,6.0,1,10.0,10.0,4.0,1.0,10.0,9.0,1.0,9.0,6.0,3.0,10.0,4.0,10.0,10.0,9.0,6.0,6.0,5.0,9.0,2.0,,,,6.0,,,10.0,6.0,7.0,,9.0,4.0,,2.0,2.0,3.0,9.0,3.0,10.0,,8.0,,,,1.0,9,10.0,10,1
2010-08-06,91231,,11,3,5070.0,48268R10,KSW,K S W INC,KSW,221330.0,Q,A,R,50698,3,5070.0,,,,50.0,507.0,,,,,,,2.93,-0.023333,6325.0,1.0,2.96,18532.25,KSW,10.0,8.0,4.0,8.0,6.0,1,10.0,10.0,4.0,1.0,10.0,9.0,1.0,9.0,6.0,3.0,10.0,4.0,10.0,10.0,9.0,6.0,6.0,5.0,9.0,2.0,,,,6.0,,,10.0,6.0,7.0,,9.0,4.0,,2.0,2.0,3.0,9.0,3.0,10.0,,8.0,,,,1.0,9,10.0,10,1
2010-08-09,91231,,11,3,5070.0,48268R10,KSW,K S W INC,KSW,221330.0,Q,A,R,50698,3,5070.0,,,,50.0,507.0,,,,,,,3.04,0.037543,6338.0,1.0,3.21,19267.52,KSW,10.0,8.0,4.0,8.0,6.0,1,10.0,10.0,4.0,1.0,10.0,9.0,1.0,9.0,6.0,3.0,10.0,4.0,10.0,10.0,9.0,6.0,6.0,5.0,9.0,2.0,,,,6.0,,,10.0,6.0,7.0,,9.0,4.0,,2.0,2.0,3.0,9.0,3.0,10.0,,8.0,,,,1.0,9,10.0,10,1
2010-08-10,91231,,11,3,5070.0,48268R10,KSW,K S W INC,KSW,221330.0,Q,A,R,50698,3,5070.0,,,,50.0,507.0,,,,,,,3.1,0.019737,6338.0,1.0,3.1,19647.8,KSW,10.0,8.0,4.0,8.0,6.0,1,10.0,10.0,4.0,1.0,10.0,9.0,1.0,9.0,6.0,3.0,10.0,4.0,10.0,10.0,9.0,6.0,6.0,5.0,9.0,2.0,,,,6.0,,,10.0,6.0,7.0,,9.0,4.0,,2.0,2.0,3.0,9.0,3.0,10.0,,8.0,,,,1.0,9,10.0,10,1
2010-08-11,91231,,11,3,5070.0,48268R10,KSW,K S W INC,KSW,221330.0,Q,A,R,50698,3,5070.0,,,,50.0,507.0,,,,,,,3.1,0.0,6338.0,1.0,3.1,19647.8,KSW,10.0,8.0,4.0,8.0,6.0,1,10.0,10.0,4.0,1.0,10.0,9.0,1.0,9.0,6.0,3.0,10.0,4.0,10.0,10.0,9.0,6.0,6.0,5.0,9.0,2.0,,,,6.0,,,10.0,6.0,7.0,,9.0,4.0,,2.0,2.0,3.0,9.0,3.0,10.0,,8.0,,,,1.0,9,10.0,10,1
2010-08-12,91231,,11,3,5070.0,48268R10,KSW,K S W INC,KSW,221330.0,Q,A,R,50698,3,5070.0,,,,50.0,507.0,,,,,,,3.03,-0.022581,6338.0,1.0,3.02,19204.14,KSW,10.0,8.0,4.0,8.0,6.0,1,10.0,10.0,4.0,1.0,10.0,9.0,1.0,9.0,6.0,3.0,10.0,4.0,10.0,10.0,9.0,6.0,6.0,5.0,9.0,2.0,,,,6.0,,,10.0,6.0,7.0,,9.0,4.0,,2.0,2.0,3.0,9.0,3.0,10.0,,8.0,,,,1.0,9,10.0,10,1
2010-08-13,91231,,11,3,5070.0,48268R10,KSW,K S W INC,KSW,221330.0,Q,A,R,50698,3,5070.0,,,,50.0,507.0,,,,,,,3.05,0.006601,6338.0,1.0,3.02,19330.9,KSW,10.0,8.0,4.0,8.0,6.0,1,10.0,10.0,4.0,1.0,10.0,9.0,1.0,9.0,6.0,3.0,10.0,4.0,10.0,10.0,9.0,6.0,6.0,5.0,9.0,2.0,,,,6.0,,,10.0,6.0,7.0,,9.0,4.0,,2.0,2.0,3.0,9.0,3.0,10.0,,8.0,,,,1.0,9,10.0,10,1
2010-08-16,91231,,11,3,5070.0,48268R10,KSW,K S W INC,KSW,221330.0,Q,A,R,50698,3,5070.0,,,,50.0,507.0,,,,,,,3.05,0.0,6338.0,1.0,3.05,19330.9,KSW,10.0,8.0,4.0,8.0,6.0,1,10.0,10.0,4.0,1.0,10.0,9.0,1.0,9.0,6.0,3.0,10.0,4.0,10.0,10.0,9.0,6.0,6.0,5.0,9.0,2.0,,,,6.0,,,10.0,6.0,7.0,,9.0,4.0,,2.0,2.0,3.0,9.0,3.0,10.0,,8.0,,,,1.0,9,10.0,10,1
2010-08-17,91231,,11,3,5070.0,48268R10,KSW,K S W INC,KSW,221330.0,Q,A,R,50698,3,5070.0,,,,50.0,507.0,,,,,,,3.02,-0.009836,6338.0,1.0,3.04,19140.76,KSW,10.0,8.0,4.0,8.0,6.0,1,10.0,10.0,4.0,1.0,10.0,9.0,1.0,9.0,6.0,3.0,10.0,4.0,10.0,10.0,9.0,6.0,6.0,5.0,9.0,2.0,,,,6.0,,,10.0,6.0,7.0,,9.0,4.0,,2.0,2.0,3.0,9.0,3.0,10.0,,8.0,,,,1.0,9,10.0,10,1
2010-08-18,91231,,11,3,5070.0,48268R10,KSW,K S W INC,KSW,221330.0,Q,A,R,50698,3,5070.0,,,,50.0,507.0,,,,,,,3.05,0.009934,6338.0,1.0,3.05,19330.9,KSW,10.0,8.0,4.0,8.0,6.0,1,10.0,10.0,4.0,1.0,10.0,9.0,1.0,9.0,6.0,3.0,10.0,4.0,10.0,10.0,9.0,6.0,6.0,5.0,9.0,2.0,,,,6.0,,,10.0,6.0,7.0,,9.0,4.0,,2.0,2.0,3.0,9.0,3.0,10.0,,8.0,,,,1.0,9,10.0,10,1
2010-08-19,91231,,11,3,5070.0,48268R10,KSW,K S W INC,KSW,221330.0,Q,A,R,50698,3,5070.0,,,,50.0,507.0,,,,,,,3.05,0.0,6338.0,1.0,3.03,19330.9,KSW,10.0,8.0,4.0,8.0,6.0,1,10.0,10.0,4.0,1.0,10.0,9.0,1.0,9.0,6.0,3.0,10.0,4.0,10.0,10.0,9.0,6.0,6.0,5.0,9.0,2.0,,,,6.0,,,10.0,6.0,7.0,,9.0,4.0,,2.0,2.0,3.0,9.0,3.0,10.0,,8.0,,,,1.0,9,10.0,10,1
2010-08-20,91231,,11,3,5070.0,48268R10,KSW,K S W INC,KSW,221330.0,Q,A,R,50698,3,5070.0,,,,50.0,507.0,,,,,,,3.1,0.016393,6338.0,1.0,3.0,19647.8,KSW,10.0,8.0,4.0,8.0,6.0,1,10.0,10.0,4.0,1.0,10.0,9.0,1.0,9.0,6.0,3.0,10.0,4.0,10.0,10.0,9.0,6.0,6.0,5.0,9.0,2.0,,,,6.0,,,10.0,6.0,7.0,,9.0,4.0,,2.0,2.0,3.0,9.0,3.0,10.0,,8.0,,,,1.0,9,10.0,10,1
2010-08-23,91231,,11,3,5070.0,48268R10,KSW,K S W INC,KSW,221330.0,Q,A,R,50698,3,5070.0,,,,50.0,507.0,,,,,,,3.06,-0.012903,6338.0,1.0,3.06,19394.28,KSW,10.0,8.0,4.0,8.0,6.0,1,10.0,10.0,4.0,1.0,10.0,9.0,1.0,9.0,6.0,3.0,10.0,4.0,10.0,10.0,9.0,6.0,6.0,5.0,9.0,2.0,,,,6.0,,,10.0,6.0,7.0,,9.0,4.0,,2.0,2.0,3.0,9.0,3.0,10.0,,8.0,,,,1.0,9,10.0,10,1
2010-08-24,91231,,11,3,5070.0,48268R10,KSW,K S W INC,KSW,221330.0,Q,A,R,50698,3,5070.0,,,,50.0,507.0,,,,,,,2.98,-0.026144,6338.0,1.0,3.05,18887.24,KSW,10.0,8.0,4.0,8.0,6.0,1,10.0,10.0,4.0,1.0,10.0,9.0,1.0,9.0,6.0,3.0,10.0,4.0,10.0,10.0,9.0,6.0,6.0,5.0,9.0,2.0,,,,6.0,,,10.0,6.0,7.0,,9.0,4.0,,2.0,2.0,3.0,9.0,3.0,10.0,,8.0,,,,1.0,9,10.0,10,1
2010-08-25,91231,,11,3,5070.0,48268R10,KSW,K S W INC,KSW,221330.0,Q,A,R,50698,3,5070.0,,,,50.0,507.0,,,,,,,2.97,-0.003356,6338.0,1.0,3.0,18823.86,KSW,10.0,8.0,4.0,8.0,6.0,1,10.0,10.0,4.0,1.0,10.0,9.0,1.0,9.0,6.0,3.0,10.0,4.0,10.0,10.0,9.0,6.0,6.0,5.0,9.0,2.0,,,,6.0,,,10.0,6.0,7.0,,9.0,4.0,,2.0,2.0,3.0,9.0,3.0,10.0,,8.0,,,,1.0,9,10.0,10,1
2010-08-26,91231,,11,3,5070.0,48268R10,KSW,K S W INC,KSW,221330.0,Q,A,R,50698,3,5070.0,,,,50.0,507.0,,,,,,,2.94,-0.010101,6338.0,1.0,2.96,18633.72,KSW,10.0,8.0,4.0,8.0,6.0,1,10.0,10.0,4.0,1.0,10.0,9.0,1.0,9.0,6.0,3.0,10.0,4.0,10.0,10.0,9.0,6.0,6.0,5.0,9.0,2.0,,,,6.0,,,10.0,6.0,7.0,,9.0,4.0,,2.0,2.0,3.0,9.0,3.0,10.0,,8.0,,,,1.0,9,10.0,10,1
2010-08-27,91231,,11,3,5070.0,48268R10,KSW,K S W INC,KSW,221330.0,Q,A,R,50698,3,5070.0,,,,50.0,507.0,,,,,,,-2.955,0.005102,6338.0,1.0,,-18728.79,KSW,10.0,8.0,4.0,8.0,6.0,1,10.0,10.0,4.0,1.0,10.0,9.0,1.0,9.0,6.0,3.0,10.0,4.0,10.0,10.0,9.0,6.0,6.0,5.0,9.0,2.0,,,,6.0,,,10.0,6.0,7.0,,9.0,4.0,,2.0,2.0,3.0,9.0,3.0,10.0,,8.0,,,,1.0,9,10.0,10,1
2010-08-30,91231,,11,3,5070.0,48268R10,KSW,K S W INC,KSW,221330.0,Q,A,R,50698,3,5070.0,,,,50.0,507.0,,,,,,,2.94,-0.005076,6338.0,1.0,2.98,18633.72,KSW,10.0,8.0,4.0,8.0,6.0,1,10.0,10.0,4.0,1.0,10.0,9.0,1.0,9.0,6.0,3.0,10.0,4.0,10.0,10.0,9.0,6.0,6.0,5.0,9.0,2.0,,,,6.0,,,10.0,6.0,7.0,,9.0,4.0,,2.0,2.0,3.0,9.0,3.0,10.0,,8.0,,,,1.0,9,10.0,10,1
2010-08-31,91231,,11,3,5070.0,48268R10,KSW,K S W INC,KSW,221330.0,Q,A,R,50698,3,5070.0,,,,50.0,507.0,,,,,,,2.9,-0.013605,6338.0,1.0,2.93,18380.2,KSW,10.0,8.0,4.0,8.0,6.0,1,10.0,10.0,4.0,1.0,10.0,9.0,1.0,9.0,6.0,3.0,10.0,4.0,10.0,10.0,9.0,6.0,6.0,5.0,9.0,2.0,,,,6.0,,,10.0,6.0,7.0,,9.0,4.0,,2.0,2.0,3.0,9.0,3.0,10.0,,8.0,,,,1.0,9,10.0,10,1
2010-09-01,91231,,11,3,5070.0,48268R10,KSW,K S W INC,KSW,221330.0,Q,A,R,50698,3,5070.0,,,,50.0,507.0,,,,,,,2.94,0.013793,6338.0,1.0,2.932,18633.72,KSW,10.0,8.0,4.0,8.0,6.0,1,10.0,10.0,4.0,1.0,10.0,9.0,1.0,9.0,6.0,3.0,10.0,4.0,10.0,10.0,9.0,6.0,6.0,5.0,9.0,2.0,,,,4.0,,,10.0,3.0,7.0,,9.0,3.0,,7.0,10.0,7.0,5.0,2.0,10.0,,4.0,,,,1.0,9,10.0,10,1
2010-09-02,91231,,11,3,5070.0,48268R10,KSW,K S W INC,KSW,221330.0,Q,A,R,50698,3,5070.0,,,,50.0,507.0,,,,,,,2.94,0.0,6338.0,1.0,2.95,18633.72,KSW,10.0,8.0,4.0,8.0,6.0,1,10.0,10.0,4.0,1.0,10.0,9.0,1.0,9.0,6.0,3.0,10.0,4.0,10.0,10.0,9.0,6.0,6.0,5.0,9.0,2.0,,,,4.0,,,10.0,3.0,7.0,,9.0,3.0,,7.0,10.0,7.0,5.0,2.0,10.0,,4.0,,,,1.0,9,10.0,10,1
2010-09-03,91231,,11,3,5070.0,48268R10,KSW,K S W INC,KSW,221330.0,Q,A,R,50698,3,5070.0,,,,50.0,507.0,,,,,,,2.94,0.0,6338.0,1.0,2.94,18633.72,KSW,10.0,8.0,4.0,8.0,6.0,1,10.0,10.0,4.0,1.0,10.0,9.0,1.0,9.0,6.0,3.0,10.0,4.0,10.0,10.0,9.0,6.0,6.0,5.0,9.0,2.0,,,,4.0,,,10.0,3.0,7.0,,9.0,3.0,,7.0,10.0,7.0,5.0,2.0,10.0,,4.0,,,,1.0,9,10.0,10,1
2010-09-07,91231,,11,3,5070.0,48268R10,KSW,K S W INC,KSW,221330.0,Q,A,R,50698,3,5070.0,,,,50.0,507.0,,,,,,,2.92,-0.006803,6338.0,1.0,2.93,18506.96,KSW,10.0,8.0,4.0,8.0,6.0,1,10.0,10.0,4.0,1.0,10.0,9.0,1.0,9.0,6.0,3.0,10.0,4.0,10.0,10.0,9.0,6.0,6.0,5.0,9.0,2.0,,,,4.0,,,10.0,3.0,7.0,,9.0,3.0,,7.0,10.0,7.0,5.0,2.0,10.0,,4.0,,,,1.0,9,10.0,10,1
2010-09-08,91231,,11,3,5070.0,48268R10,KSW,K S W INC,KSW,221330.0,Q,A,R,50698,3,5070.0,,,,50.0,507.0,,,,,,,2.92,0.0,6338.0,1.0,2.9499,18506.96,KSW,10.0,8.0,4.0,8.0,6.0,1,10.0,10.0,4.0,1.0,10.0,9.0,1.0,9.0,6.0,3.0,10.0,4.0,10.0,10.0,9.0,6.0,6.0,5.0,9.0,2.0,,,,4.0,,,10.0,3.0,7.0,,9.0,3.0,,7.0,10.0,7.0,5.0,2.0,10.0,,4.0,,,,1.0,9,10.0,10,1
2010-09-09,91231,,11,3,5070.0,48268R10,KSW,K S W INC,KSW,221330.0,Q,A,R,50698,3,5070.0,,,,50.0,507.0,,,,,,,2.92,0.0,6338.0,1.0,2.92,18506.96,KSW,10.0,8.0,4.0,8.0,6.0,1,10.0,10.0,4.0,1.0,10.0,9.0,1.0,9.0,6.0,3.0,10.0,4.0,10.0,10.0,9.0,6.0,6.0,5.0,9.0,2.0,,,,4.0,,,10.0,3.0,7.0,,9.0,3.0,,7.0,10.0,7.0,5.0,2.0,10.0,,4.0,,,,1.0,9,10.0,10,1
2010-09-10,91231,,11,3,5070.0,48268R10,KSW,K S W INC,KSW,221330.0,Q,A,R,50698,3,5070.0,,,,50.0,507.0,,,,,,,2.9,-0.006849,6338.0,1.0,2.92,18380.2,KSW,10.0,8.0,4.0,8.0,6.0,1,10.0,10.0,4.0,1.0,10.0,9.0,1.0,9.0,6.0,3.0,10.0,4.0,10.0,10.0,9.0,6.0,6.0,5.0,9.0,2.0,,,,4.0,,,10.0,3.0,7.0,,9.0,3.0,,7.0,10.0,7.0,5.0,2.0,10.0,,4.0,,,,1.0,9,10.0,10,1
2010-09-13,91231,,11,3,5070.0,48268R10,KSW,K S W INC,KSW,221330.0,Q,A,R,50698,3,5070.0,,,,50.0,507.0,,,,,,,2.92,0.006897,6338.0,1.0,2.91,18506.96,KSW,10.0,8.0,4.0,8.0,6.0,1,10.0,10.0,4.0,1.0,10.0,9.0,1.0,9.0,6.0,3.0,10.0,4.0,10.0,10.0,9.0,6.0,6.0,5.0,9.0,2.0,,,,4.0,,,10.0,3.0,7.0,,9.0,3.0,,7.0,10.0,7.0,5.0,2.0,10.0,,4.0,,,,1.0,9,10.0,10,1
2010-09-14,91231,,11,3,5070.0,48268R10,KSW,K S W INC,KSW,221330.0,Q,A,R,50698,3,5070.0,,,,50.0,507.0,,,,,,,2.93,0.003425,6338.0,1.0,2.92,18570.34,KSW,10.0,8.0,4.0,8.0,6.0,1,10.0,10.0,4.0,1.0,10.0,9.0,1.0,9.0,6.0,3.0,10.0,4.0,10.0,10.0,9.0,6.0,6.0,5.0,9.0,2.0,,,,4.0,,,10.0,3.0,7.0,,9.0,3.0,,7.0,10.0,7.0,5.0,2.0,10.0,,4.0,,,,1.0,9,10.0,10,1
2010-09-15,91231,,11,3,5070.0,48268R10,KSW,K S W INC,KSW,221330.0,Q,A,R,50698,3,5070.0,,,,50.0,507.0,,,,,,,2.9455,0.00529,6338.0,1.0,2.95,18668.579,KSW,10.0,8.0,4.0,8.0,6.0,1,10.0,10.0,4.0,1.0,10.0,9.0,1.0,9.0,6.0,3.0,10.0,4.0,10.0,10.0,9.0,6.0,6.0,5.0,9.0,2.0,,,,4.0,,,10.0,3.0,7.0,,9.0,3.0,,7.0,10.0,7.0,5.0,2.0,10.0,,4.0,,,,1.0,9,10.0,10,1
2010-09-16,91231,,11,3,5070.0,48268R10,KSW,K S W INC,KSW,221330.0,Q,A,R,50698,3,5070.0,,,,50.0,507.0,,,,,,,2.935,-0.003565,6338.0,1.0,2.935,18602.03,KSW,10.0,8.0,4.0,8.0,6.0,1,10.0,10.0,4.0,1.0,10.0,9.0,1.0,9.0,6.0,3.0,10.0,4.0,10.0,10.0,9.0,6.0,6.0,5.0,9.0,2.0,,,,4.0,,,10.0,3.0,7.0,,9.0,3.0,,7.0,10.0,7.0,5.0,2.0,10.0,,4.0,,,,1.0,9,10.0,10,1
2010-09-17,91231,,11,3,5070.0,48268R10,KSW,K S W INC,KSW,221330.0,Q,A,R,50698,3,5070.0,,,,50.0,507.0,,,,,,,2.95,0.005111,6338.0,1.0,2.95,18697.1,KSW,10.0,8.0,4.0,8.0,6.0,1,10.0,10.0,4.0,1.0,10.0,9.0,1.0,9.0,6.0,3.0,10.0,4.0,10.0,10.0,9.0,6.0,6.0,5.0,9.0,2.0,,,,4.0,,,10.0,3.0,7.0,,9.0,3.0,,7.0,10.0,7.0,5.0,2.0,10.0,,4.0,,,,1.0,9,10.0,10,1
2010-09-20,91231,,11,3,5070.0,48268R10,KSW,K S W INC,KSW,221330.0,Q,A,R,50698,3,5070.0,,,,50.0,507.0,,,,,,,2.95,0.0,6338.0,1.0,2.95,18697.1,KSW,10.0,8.0,4.0,8.0,6.0,1,10.0,10.0,4.0,1.0,10.0,9.0,1.0,9.0,6.0,3.0,10.0,4.0,10.0,10.0,9.0,6.0,6.0,5.0,9.0,2.0,,,,4.0,,,10.0,3.0,7.0,,9.0,3.0,,7.0,10.0,7.0,5.0,2.0,10.0,,4.0,,,,1.0,9,10.0,10,1
2010-09-21,91231,,11,3,5070.0,48268R10,KSW,K S W INC,KSW,221330.0,Q,A,R,50698,3,5070.0,,,,50.0,507.0,,,,,,,3.0,0.016949,6338.0,1.0,2.95,19014.0,KSW,10.0,8.0,4.0,8.0,6.0,1,10.0,10.0,4.0,1.0,10.0,9.0,1.0,9.0,6.0,3.0,10.0,4.0,10.0,10.0,9.0,6.0,6.0,5.0,9.0,2.0,,,,4.0,,,10.0,3.0,7.0,,9.0,3.0,,7.0,10.0,7.0,5.0,2.0,10.0,,4.0,,,,1.0,9,10.0,10,1
2010-09-22,91231,,11,3,5070.0,48268R10,KSW,K S W INC,KSW,221330.0,Q,A,R,50698,3,5070.0,,,,50.0,507.0,,,,,,,2.9601,-0.0133,6338.0,1.0,2.99,18761.1138,KSW,10.0,8.0,4.0,8.0,6.0,1,10.0,10.0,4.0,1.0,10.0,9.0,1.0,9.0,6.0,3.0,10.0,4.0,10.0,10.0,9.0,6.0,6.0,5.0,9.0,2.0,,,,4.0,,,10.0,3.0,7.0,,9.0,3.0,,7.0,10.0,7.0,5.0,2.0,10.0,,4.0,,,,1.0,9,10.0,10,1
2010-09-23,91231,,11,3,5070.0,48268R10,KSW,K S W INC,KSW,221330.0,Q,A,R,50698,3,5070.0,,,,50.0,507.0,,,,,,,3.0001,0.013513,6338.0,1.0,2.99,19014.6338,KSW,10.0,8.0,4.0,8.0,6.0,1,10.0,10.0,4.0,1.0,10.0,9.0,1.0,9.0,6.0,3.0,10.0,4.0,10.0,10.0,9.0,6.0,6.0,5.0,9.0,2.0,,,,4.0,,,10.0,3.0,7.0,,9.0,3.0,,7.0,10.0,7.0,5.0,2.0,10.0,,4.0,,,,1.0,9,10.0,10,1
2010-09-24,91231,,11,3,5070.0,48268R10,KSW,K S W INC,KSW,221330.0,Q,A,R,50698,3,5070.0,,,,50.0,507.0,,,,,,,3.05,0.016633,6338.0,1.0,3.0,19330.9,KSW,10.0,8.0,4.0,8.0,6.0,1,10.0,10.0,4.0,1.0,10.0,9.0,1.0,9.0,6.0,3.0,10.0,4.0,10.0,10.0,9.0,6.0,6.0,5.0,9.0,2.0,,,,4.0,,,10.0,3.0,7.0,,9.0,3.0,,7.0,10.0,7.0,5.0,2.0,10.0,,4.0,,,,1.0,9,10.0,10,1
2010-09-27,91231,,11,3,5070.0,48268R10,KSW,K S W INC,KSW,221330.0,Q,A,R,50698,3,5070.0,,,,50.0,507.0,,,,,,,3.02,-0.009836,6338.0,1.0,3.05,19140.76,KSW,10.0,8.0,4.0,8.0,6.0,1,10.0,10.0,4.0,1.0,10.0,9.0,1.0,9.0,6.0,3.0,10.0,4.0,10.0,10.0,9.0,6.0,6.0,5.0,9.0,2.0,,,,4.0,,,10.0,3.0,7.0,,9.0,3.0,,7.0,10.0,7.0,5.0,2.0,10.0,,4.0,,,,1.0,9,10.0,10,1
2010-09-28,91231,,11,3,5070.0,48268R10,KSW,K S W INC,KSW,221330.0,Q,A,R,50698,3,5070.0,,,,50.0,507.0,,,,,,,3.05,0.009934,6338.0,1.0,3.01,19330.9,KSW,10.0,8.0,4.0,8.0,6.0,1,10.0,10.0,4.0,1.0,10.0,9.0,1.0,9.0,6.0,3.0,10.0,4.0,10.0,10.0,9.0,6.0,6.0,5.0,9.0,2.0,,,,4.0,,,10.0,3.0,7.0,,9.0,3.0,,7.0,10.0,7.0,5.0,2.0,10.0,,4.0,,,,1.0,9,10.0,10,1
2010-09-29,91231,,11,3,5070.0,48268R10,KSW,K S W INC,KSW,221330.0,Q,A,R,50698,3,5070.0,,,,50.0,507.0,,,,,,,3.04,-0.003279,6338.0,1.0,3.05,19267.52,KSW,10.0,8.0,4.0,8.0,6.0,1,10.0,10.0,4.0,1.0,10.0,9.0,1.0,9.0,6.0,3.0,10.0,4.0,10.0,10.0,9.0,6.0,6.0,5.0,9.0,2.0,,,,4.0,,,10.0,3.0,7.0,,9.0,3.0,,7.0,10.0,7.0,5.0,2.0,10.0,,4.0,,,,1.0,9,10.0,10,1
2010-09-30,91231,,11,3,5070.0,48268R10,KSW,K S W INC,KSW,221330.0,Q,A,R,50698,3,5070.0,,,,50.0,507.0,,,,,,,3.06,0.006579,6346.0,1.0,3.04,19418.76,KSW,10.0,8.0,4.0,8.0,6.0,1,10.0,10.0,4.0,1.0,10.0,9.0,1.0,9.0,6.0,3.0,10.0,4.0,10.0,10.0,9.0,6.0,6.0,5.0,9.0,2.0,,,,4.0,,,10.0,3.0,7.0,,9.0,3.0,,7.0,10.0,7.0,5.0,2.0,10.0,,4.0,,,,1.0,9,10.0,10,1
2010-10-01,91231,,11,3,5070.0,48268R10,KSW,K S W INC,KSW,221330.0,Q,A,R,50698,3,5070.0,,,,50.0,507.0,,,,,,,3.04,-0.006536,6346.0,1.0,3.05,19291.84,KSW,10.0,8.0,4.0,8.0,6.0,1,10.0,10.0,4.0,1.0,10.0,9.0,1.0,9.0,6.0,3.0,10.0,4.0,10.0,10.0,9.0,6.0,6.0,5.0,9.0,2.0,,,,4.0,,,10.0,2.0,6.0,,9.0,3.0,,7.0,10.0,7.0,8.0,4.0,10.0,,8.0,,,,1.0,9,10.0,10,1
2010-10-04,91231,,11,3,5070.0,48268R10,KSW,K S W INC,KSW,221330.0,Q,A,R,50698,3,5070.0,,,,50.0,507.0,,,,,,,3.04,0.0,6346.0,1.0,3.05,19291.84,KSW,10.0,8.0,4.0,8.0,6.0,1,10.0,10.0,4.0,1.0,10.0,9.0,1.0,9.0,6.0,3.0,10.0,4.0,10.0,10.0,9.0,6.0,6.0,5.0,9.0,2.0,,,,4.0,,,10.0,2.0,6.0,,9.0,3.0,,7.0,10.0,7.0,8.0,4.0,10.0,,8.0,,,,1.0,9,10.0,10,1
2010-10-05,91231,,11,3,5070.0,48268R10,KSW,K S W INC,KSW,221330.0,Q,A,R,50698,3,5070.0,,,,50.0,507.0,,,,,,,3.09,0.016447,6346.0,1.0,3.05,19609.14,KSW,10.0,8.0,4.0,8.0,6.0,1,10.0,10.0,4.0,1.0,10.0,9.0,1.0,9.0,6.0,3.0,10.0,4.0,10.0,10.0,9.0,6.0,6.0,5.0,9.0,2.0,,,,4.0,,,10.0,2.0,6.0,,9.0,3.0,,7.0,10.0,7.0,8.0,4.0,10.0,,8.0,,,,1.0,9,10.0,10,1
2010-10-06,91231,,11,3,5070.0,48268R10,KSW,K S W INC,KSW,221330.0,Q,A,R,50698,3,5070.0,,,,50.0,507.0,,,,,,,3.18,0.029126,6346.0,1.0,3.14,20180.28,KSW,10.0,8.0,4.0,8.0,6.0,1,10.0,10.0,4.0,1.0,10.0,9.0,1.0,9.0,6.0,3.0,10.0,4.0,10.0,10.0,9.0,6.0,6.0,5.0,9.0,2.0,,,,4.0,,,10.0,2.0,6.0,,9.0,3.0,,7.0,10.0,7.0,8.0,4.0,10.0,,8.0,,,,1.0,9,10.0,10,1
2010-10-07,91231,,11,3,5070.0,48268R10,KSW,K S W INC,KSW,221330.0,Q,A,R,50698,3,5070.0,,,,50.0,507.0,,,,,,,3.08,-0.031447,6346.0,1.0,3.13,19545.68,KSW,10.0,8.0,4.0,8.0,6.0,1,10.0,10.0,4.0,1.0,10.0,9.0,1.0,9.0,6.0,3.0,10.0,4.0,10.0,10.0,9.0,6.0,6.0,5.0,9.0,2.0,,,,4.0,,,10.0,2.0,6.0,,9.0,3.0,,7.0,10.0,7.0,8.0,4.0,10.0,,8.0,,,,1.0,9,10.0,10,1
2010-10-08,91231,,11,3,5070.0,48268R10,KSW,K S W INC,KSW,221330.0,Q,A,R,50698,3,5070.0,,,,50.0,507.0,,,,,,,3.05,-0.00974,6346.0,1.0,3.1,19355.3,KSW,10.0,8.0,4.0,8.0,6.0,1,10.0,10.0,4.0,1.0,10.0,9.0,1.0,9.0,6.0,3.0,10.0,4.0,10.0,10.0,9.0,6.0,6.0,5.0,9.0,2.0,,,,4.0,,,10.0,2.0,6.0,,9.0,3.0,,7.0,10.0,7.0,8.0,4.0,10.0,,8.0,,,,1.0,9,10.0,10,1
2010-10-11,91231,,11,3,5070.0,48268R10,KSW,K S W INC,KSW,221330.0,Q,A,R,50698,3,5070.0,,,,50.0,507.0,,,,,,,3.14,0.029508,6346.0,1.0,3.1,19926.44,KSW,10.0,8.0,4.0,8.0,6.0,1,10.0,10.0,4.0,1.0,10.0,9.0,1.0,9.0,6.0,3.0,10.0,4.0,10.0,10.0,9.0,6.0,6.0,5.0,9.0,2.0,,,,4.0,,,10.0,2.0,6.0,,9.0,3.0,,7.0,10.0,7.0,8.0,4.0,10.0,,8.0,,,,1.0,9,10.0,10,1
2010-10-12,91231,,11,3,5070.0,48268R10,KSW,K S W INC,KSW,221330.0,Q,A,R,50698,3,5070.0,,,,50.0,507.0,,,,,,,3.16,0.006369,6346.0,1.0,3.13,20053.36,KSW,10.0,8.0,4.0,8.0,6.0,1,10.0,10.0,4.0,1.0,10.0,9.0,1.0,9.0,6.0,3.0,10.0,4.0,10.0,10.0,9.0,6.0,6.0,5.0,9.0,2.0,,,,4.0,,,10.0,2.0,6.0,,9.0,3.0,,7.0,10.0,7.0,8.0,4.0,10.0,,8.0,,,,1.0,9,10.0,10,1
2010-10-13,91231,,11,3,5070.0,48268R10,KSW,K S W INC,KSW,221330.0,Q,A,R,50698,3,5070.0,,,,50.0,507.0,,,,,,,3.2,0.012658,6346.0,1.0,3.1201,20307.2,KSW,10.0,8.0,4.0,8.0,6.0,1,10.0,10.0,4.0,1.0,10.0,9.0,1.0,9.0,6.0,3.0,10.0,4.0,10.0,10.0,9.0,6.0,6.0,5.0,9.0,2.0,,,,4.0,,,10.0,2.0,6.0,,9.0,3.0,,7.0,10.0,7.0,8.0,4.0,10.0,,8.0,,,,1.0,9,10.0,10,1
2010-10-14,91231,,11,3,5070.0,48268R10,KSW,K S W INC,KSW,221330.0,Q,A,R,50698,3,5070.0,,,,50.0,507.0,,,,,,,3.15,-0.015625,6346.0,1.0,3.15,19989.9,KSW,10.0,8.0,4.0,8.0,6.0,1,10.0,10.0,4.0,1.0,10.0,9.0,1.0,9.0,6.0,3.0,10.0,4.0,10.0,10.0,9.0,6.0,6.0,5.0,9.0,2.0,,,,4.0,,,10.0,2.0,6.0,,9.0,3.0,,7.0,10.0,7.0,8.0,4.0,10.0,,8.0,,,,1.0,9,10.0,10,1
2010-10-15,91231,,11,3,5070.0,48268R10,KSW,K S W INC,KSW,221330.0,Q,A,R,50698,3,5070.0,,,,50.0,507.0,,,,,,,3.2,0.015873,6346.0,1.0,3.15,20307.2,KSW,10.0,8.0,4.0,8.0,6.0,1,10.0,10.0,4.0,1.0,10.0,9.0,1.0,9.0,6.0,3.0,10.0,4.0,10.0,10.0,9.0,6.0,6.0,5.0,9.0,2.0,,,,4.0,,,10.0,2.0,6.0,,9.0,3.0,,7.0,10.0,7.0,8.0,4.0,10.0,,8.0,,,,1.0,9,10.0,10,1
2010-10-18,91231,,11,3,5070.0,48268R10,KSW,K S W INC,KSW,221330.0,Q,A,R,50698,3,5070.0,,,,50.0,507.0,,,,,,,3.1,-0.03125,6346.0,1.0,3.21,19672.6,KSW,10.0,8.0,4.0,8.0,6.0,1,10.0,10.0,4.0,1.0,10.0,9.0,1.0,9.0,6.0,3.0,10.0,4.0,10.0,10.0,9.0,6.0,6.0,5.0,9.0,2.0,,,,4.0,,,10.0,2.0,6.0,,9.0,3.0,,7.0,10.0,7.0,8.0,4.0,10.0,,8.0,,,,1.0,9,10.0,10,1
2010-10-19,91231,,11,3,5070.0,48268R10,KSW,K S W INC,KSW,221330.0,Q,A,R,50698,3,5070.0,,,,50.0,507.0,,,,,,,3.085,-0.004839,6346.0,1.0,3.1,19577.41,KSW,10.0,8.0,4.0,8.0,6.0,1,10.0,10.0,4.0,1.0,10.0,9.0,1.0,9.0,6.0,3.0,10.0,4.0,10.0,10.0,9.0,6.0,6.0,5.0,9.0,2.0,,,,4.0,,,10.0,2.0,6.0,,9.0,3.0,,7.0,10.0,7.0,8.0,4.0,10.0,,8.0,,,,1.0,9,10.0,10,1
2010-10-20,91231,,11,3,5070.0,48268R10,KSW,K S W INC,KSW,221330.0,Q,A,R,50698,3,5070.0,,,,50.0,507.0,,,,,,,-3.12,0.011345,6346.0,1.0,,-19799.52,KSW,10.0,8.0,4.0,8.0,6.0,1,10.0,10.0,4.0,1.0,10.0,9.0,1.0,9.0,6.0,3.0,10.0,4.0,10.0,10.0,9.0,6.0,6.0,5.0,9.0,2.0,,,,4.0,,,10.0,2.0,6.0,,9.0,3.0,,7.0,10.0,7.0,8.0,4.0,10.0,,8.0,,,,1.0,9,10.0,10,1
2010-10-21,91231,,11,3,5070.0,48268R10,KSW,K S W INC,KSW,221330.0,Q,A,R,50698,3,5070.0,,,,50.0,507.0,,,,,,,3.09,-0.009615,6346.0,1.0,3.09,19609.14,KSW,10.0,8.0,4.0,8.0,6.0,1,10.0,10.0,4.0,1.0,10.0,9.0,1.0,9.0,6.0,3.0,10.0,4.0,10.0,10.0,9.0,6.0,6.0,5.0,9.0,2.0,,,,4.0,,,10.0,2.0,6.0,,9.0,3.0,,7.0,10.0,7.0,8.0,4.0,10.0,,8.0,,,,1.0,9,10.0,10,1
2010-10-22,91231,,11,3,5070.0,48268R10,KSW,K S W INC,KSW,221330.0,Q,A,R,50698,3,5070.0,,,,50.0,507.0,,,,,,,3.06,-0.009709,6346.0,1.0,3.14,19418.76,KSW,10.0,8.0,4.0,8.0,6.0,1,10.0,10.0,4.0,1.0,10.0,9.0,1.0,9.0,6.0,3.0,10.0,4.0,10.0,10.0,9.0,6.0,6.0,5.0,9.0,2.0,,,,4.0,,,10.0,2.0,6.0,,9.0,3.0,,7.0,10.0,7.0,8.0,4.0,10.0,,8.0,,,,1.0,9,10.0,10,1
2010-10-25,91231,,11,3,5070.0,48268R10,KSW,K S W INC,KSW,221330.0,Q,A,R,50698,3,5070.0,,,,50.0,507.0,,,,,,,3.18,0.039216,6346.0,1.0,3.04,20180.28,KSW,10.0,8.0,4.0,8.0,6.0,1,10.0,10.0,4.0,1.0,10.0,9.0,1.0,9.0,6.0,3.0,10.0,4.0,10.0,10.0,9.0,6.0,6.0,5.0,9.0,2.0,,,,4.0,,,10.0,2.0,6.0,,9.0,3.0,,7.0,10.0,7.0,8.0,4.0,10.0,,8.0,,,,1.0,9,10.0,10,1
2010-10-26,91231,,11,3,5070.0,48268R10,KSW,K S W INC,KSW,221330.0,Q,A,R,50698,3,5070.0,,,,50.0,507.0,,,,,,,3.2,0.006289,6346.0,1.0,3.15,20307.2,KSW,10.0,8.0,4.0,8.0,6.0,1,10.0,10.0,4.0,1.0,10.0,9.0,1.0,9.0,6.0,3.0,10.0,4.0,10.0,10.0,9.0,6.0,6.0,5.0,9.0,2.0,,,,4.0,,,10.0,2.0,6.0,,9.0,3.0,,7.0,10.0,7.0,8.0,4.0,10.0,,8.0,,,,1.0,9,10.0,10,1
2010-10-27,91231,,11,3,5070.0,48268R10,KSW,K S W INC,KSW,221330.0,Q,A,R,50698,3,5070.0,,,,50.0,507.0,,,,,,,3.2,0.0,6346.0,1.0,3.21,20307.2,KSW,10.0,8.0,4.0,8.0,6.0,1,10.0,10.0,4.0,1.0,10.0,9.0,1.0,9.0,6.0,3.0,10.0,4.0,10.0,10.0,9.0,6.0,6.0,5.0,9.0,2.0,,,,4.0,,,10.0,2.0,6.0,,9.0,3.0,,7.0,10.0,7.0,8.0,4.0,10.0,,8.0,,,,1.0,9,10.0,10,1
2010-10-28,91231,,11,3,5070.0,48268R10,KSW,K S W INC,KSW,221330.0,Q,A,R,50698,3,5070.0,,,,50.0,507.0,,,,,,,3.13,-0.021875,6346.0,1.0,3.2,19862.98,KSW,10.0,8.0,4.0,8.0,6.0,1,10.0,10.0,4.0,1.0,10.0,9.0,1.0,9.0,6.0,3.0,10.0,4.0,10.0,10.0,9.0,6.0,6.0,5.0,9.0,2.0,,,,4.0,,,10.0,2.0,6.0,,9.0,3.0,,7.0,10.0,7.0,8.0,4.0,10.0,,8.0,,,,1.0,9,10.0,10,1
2010-10-29,91231,,11,3,5070.0,48268R10,KSW,K S W INC,KSW,221330.0,Q,A,R,50698,3,5070.0,,,,50.0,507.0,,,,,,,3.17,0.01278,6346.0,1.0,3.13,20116.82,KSW,10.0,8.0,4.0,8.0,6.0,1,10.0,10.0,4.0,1.0,10.0,9.0,1.0,9.0,6.0,3.0,10.0,4.0,10.0,10.0,9.0,6.0,6.0,5.0,9.0,2.0,,,,4.0,,,10.0,2.0,6.0,,9.0,3.0,,7.0,10.0,7.0,8.0,4.0,10.0,,8.0,,,,1.0,9,10.0,10,1
2010-11-01,91231,,11,3,5070.0,48268R10,KSW,K S W INC,KSW,221330.0,Q,A,R,50698,3,5070.0,,,,50.0,507.0,,,,,,,3.18,0.003155,6346.0,1.0,3.14,20180.28,KSW,10.0,8.0,4.0,8.0,6.0,1,10.0,10.0,4.0,1.0,10.0,9.0,1.0,9.0,6.0,3.0,10.0,4.0,10.0,10.0,9.0,6.0,6.0,5.0,9.0,2.0,,,,4.0,,,10.0,2.0,4.0,,9.0,3.0,,7.0,10.0,7.0,5.0,5.0,10.0,,6.0,,,,1.0,9,10.0,10,1
2010-11-02,91231,,11,3,5070.0,48268R10,KSW,K S W INC,KSW,221330.0,Q,A,R,50698,3,5070.0,,,,50.0,507.0,,,,,,,3.1847,0.001478,6346.0,1.0,3.17,20210.1062,KSW,10.0,8.0,4.0,8.0,6.0,1,10.0,10.0,4.0,1.0,10.0,9.0,1.0,9.0,6.0,3.0,10.0,4.0,10.0,10.0,9.0,6.0,6.0,5.0,9.0,2.0,,,,4.0,,,10.0,2.0,4.0,,9.0,3.0,,7.0,10.0,7.0,5.0,5.0,10.0,,6.0,,,,1.0,9,10.0,10,1
2010-11-03,91231,,11,3,5070.0,48268R10,KSW,K S W INC,KSW,221330.0,Q,A,R,50698,3,5070.0,,,,50.0,507.0,,,,,,,3.2,0.004804,6346.0,1.0,3.26,20307.2,KSW,10.0,8.0,4.0,8.0,6.0,1,10.0,10.0,4.0,1.0,10.0,9.0,1.0,9.0,6.0,3.0,10.0,4.0,10.0,10.0,9.0,6.0,6.0,5.0,9.0,2.0,,,,4.0,,,10.0,2.0,4.0,,9.0,3.0,,7.0,10.0,7.0,5.0,5.0,10.0,,6.0,,,,1.0,9,10.0,10,1
2010-11-04,91231,,11,3,5070.0,48268R10,KSW,K S W INC,KSW,221330.0,Q,A,R,50698,3,5070.0,,,,50.0,507.0,,,,,,,3.21,0.003125,6346.0,1.0,3.2,20370.66,KSW,10.0,8.0,4.0,8.0,6.0,1,10.0,10.0,4.0,1.0,10.0,9.0,1.0,9.0,6.0,3.0,10.0,4.0,10.0,10.0,9.0,6.0,6.0,5.0,9.0,2.0,,,,4.0,,,10.0,2.0,4.0,,9.0,3.0,,7.0,10.0,7.0,5.0,5.0,10.0,,6.0,,,,1.0,9,10.0,10,1
2010-11-05,91231,,11,3,5070.0,48268R10,KSW,K S W INC,KSW,221330.0,Q,A,R,50698,3,5070.0,,,,50.0,507.0,,,,,,,3.2,-0.003115,6346.0,1.0,3.2,20307.2,KSW,10.0,8.0,4.0,8.0,6.0,1,10.0,10.0,4.0,1.0,10.0,9.0,1.0,9.0,6.0,3.0,10.0,4.0,10.0,10.0,9.0,6.0,6.0,5.0,9.0,2.0,,,,4.0,,,10.0,2.0,4.0,,9.0,3.0,,7.0,10.0,7.0,5.0,5.0,10.0,,6.0,,,,1.0,9,10.0,10,1
2010-11-08,91231,,11,3,5070.0,48268R10,KSW,K S W INC,KSW,221330.0,Q,A,R,50698,3,5070.0,,,,50.0,507.0,,,,,,,3.15,-0.015625,6346.0,1.0,3.15,19989.9,KSW,10.0,8.0,4.0,8.0,6.0,1,10.0,10.0,4.0,1.0,10.0,9.0,1.0,9.0,6.0,3.0,10.0,4.0,10.0,10.0,9.0,6.0,6.0,5.0,9.0,2.0,,,,4.0,,,10.0,2.0,4.0,,9.0,3.0,,7.0,10.0,7.0,5.0,5.0,10.0,,6.0,,,,1.0,9,10.0,10,1
2010-11-09,91231,,11,3,5070.0,48268R10,KSW,K S W INC,KSW,221330.0,Q,A,R,50698,3,5070.0,,,,50.0,507.0,,,,,,,3.13,-0.006349,6346.0,1.0,3.1,19862.98,KSW,10.0,8.0,4.0,8.0,6.0,1,10.0,10.0,4.0,1.0,10.0,9.0,1.0,9.0,6.0,3.0,10.0,4.0,10.0,10.0,9.0,6.0,6.0,5.0,9.0,2.0,,,,4.0,,,10.0,2.0,4.0,,9.0,3.0,,7.0,10.0,7.0,5.0,5.0,10.0,,6.0,,,,1.0,9,10.0,10,1
2010-11-10,91231,,11,3,5070.0,48268R10,KSW,K S W INC,KSW,221330.0,Q,A,R,50698,3,5070.0,,,,50.0,507.0,,,,,,,3.22,0.028754,6346.0,1.0,3.21,20434.12,KSW,10.0,8.0,4.0,8.0,6.0,1,10.0,10.0,4.0,1.0,10.0,9.0,1.0,9.0,6.0,3.0,10.0,4.0,10.0,10.0,9.0,6.0,6.0,5.0,9.0,2.0,,,,4.0,,,10.0,2.0,4.0,,9.0,3.0,,7.0,10.0,7.0,5.0,5.0,10.0,,6.0,,,,1.0,9,10.0,10,1
2010-11-11,91231,,11,3,5070.0,48268R10,KSW,K S W INC,KSW,221330.0,Q,A,R,50698,3,5070.0,,,,50.0,507.0,,,,,,,3.17,-0.015528,6367.0,1.0,3.24,20183.39,KSW,10.0,8.0,4.0,8.0,6.0,1,10.0,10.0,4.0,1.0,10.0,9.0,1.0,9.0,6.0,3.0,10.0,4.0,10.0,10.0,9.0,6.0,6.0,5.0,9.0,2.0,,,,4.0,,,10.0,2.0,4.0,,9.0,3.0,,7.0,10.0,7.0,5.0,5.0,10.0,,6.0,,,,1.0,9,10.0,10,1
2010-11-12,91231,,11,3,5070.0,48268R10,KSW,K S W INC,KSW,221330.0,Q,A,R,50698,3,5070.0,,,,50.0,507.0,,,,,,,3.18,0.003155,6367.0,1.0,3.11,20247.06,KSW,10.0,8.0,4.0,8.0,6.0,1,10.0,10.0,4.0,1.0,10.0,9.0,1.0,9.0,6.0,3.0,10.0,4.0,10.0,10.0,9.0,6.0,6.0,5.0,9.0,2.0,,,,4.0,,,10.0,2.0,4.0,,9.0,3.0,,7.0,10.0,7.0,5.0,5.0,10.0,,6.0,,,,1.0,9,10.0,10,1
2010-11-15,91231,,11,3,5070.0,48268R10,KSW,K S W INC,KSW,221330.0,Q,A,R,50698,3,5070.0,,,,50.0,507.0,,,,,,,3.26,0.025157,6367.0,1.0,3.2,20756.42,KSW,10.0,8.0,4.0,8.0,6.0,1,10.0,10.0,4.0,1.0,10.0,9.0,1.0,9.0,6.0,3.0,10.0,4.0,10.0,10.0,9.0,6.0,6.0,5.0,9.0,2.0,,,,4.0,,,10.0,2.0,4.0,,9.0,3.0,,7.0,10.0,7.0,5.0,5.0,10.0,,6.0,,,,1.0,9,10.0,10,1
2010-11-16,91231,,11,3,5070.0,48268R10,KSW,K S W INC,KSW,221330.0,Q,A,R,50698,3,5070.0,,,,50.0,507.0,,,,,,,3.26,0.0,6367.0,1.0,3.29,20756.42,KSW,10.0,8.0,4.0,8.0,6.0,1,10.0,10.0,4.0,1.0,10.0,9.0,1.0,9.0,6.0,3.0,10.0,4.0,10.0,10.0,9.0,6.0,6.0,5.0,9.0,2.0,,,,4.0,,,10.0,2.0,4.0,,9.0,3.0,,7.0,10.0,7.0,5.0,5.0,10.0,,6.0,,,,1.0,9,10.0,10,1
2010-11-17,91231,,11,3,5070.0,48268R10,KSW,K S W INC,KSW,221330.0,Q,A,R,50698,3,5070.0,,,,50.0,507.0,,,,,,,3.35,0.027607,6367.0,1.0,3.2,21329.45,KSW,10.0,8.0,4.0,8.0,6.0,1,10.0,10.0,4.0,1.0,10.0,9.0,1.0,9.0,6.0,3.0,10.0,4.0,10.0,10.0,9.0,6.0,6.0,5.0,9.0,2.0,,,,4.0,,,10.0,2.0,4.0,,9.0,3.0,,7.0,10.0,7.0,5.0,5.0,10.0,,6.0,,,,1.0,9,10.0,10,1
2010-11-18,91231,,11,3,5070.0,48268R10,KSW,K S W INC,KSW,221330.0,Q,A,R,50698,3,5070.0,,,,50.0,507.0,,,,,,,3.46,0.032836,6367.0,1.0,3.47,22029.82,KSW,10.0,8.0,4.0,8.0,6.0,1,10.0,10.0,4.0,1.0,10.0,9.0,1.0,9.0,6.0,3.0,10.0,4.0,10.0,10.0,9.0,6.0,6.0,5.0,9.0,2.0,,,,4.0,,,10.0,2.0,4.0,,9.0,3.0,,7.0,10.0,7.0,5.0,5.0,10.0,,6.0,,,,1.0,9,10.0,10,1
2010-11-19,91231,,11,3,5070.0,48268R10,KSW,K S W INC,KSW,221330.0,Q,A,R,50698,3,5070.0,,,,50.0,507.0,,,,,,,3.43,-0.008671,6367.0,1.0,3.44,21838.81,KSW,10.0,8.0,4.0,8.0,6.0,1,10.0,10.0,4.0,1.0,10.0,9.0,1.0,9.0,6.0,3.0,10.0,4.0,10.0,10.0,9.0,6.0,6.0,5.0,9.0,2.0,,,,4.0,,,10.0,2.0,4.0,,9.0,3.0,,7.0,10.0,7.0,5.0,5.0,10.0,,6.0,,,,1.0,9,10.0,10,1
2010-11-22,91231,,11,3,5070.0,48268R10,KSW,K S W INC,KSW,221330.0,Q,A,R,50698,3,5070.0,,,,50.0,507.0,,,,,,,3.34,-0.026239,6367.0,1.0,3.48,21265.78,KSW,10.0,8.0,4.0,8.0,6.0,1,10.0,10.0,4.0,1.0,10.0,9.0,1.0,9.0,6.0,3.0,10.0,4.0,10.0,10.0,9.0,6.0,6.0,5.0,9.0,2.0,,,,4.0,,,10.0,2.0,4.0,,9.0,3.0,,7.0,10.0,7.0,5.0,5.0,10.0,,6.0,,,,1.0,9,10.0,10,1
2010-11-23,91231,,11,3,5070.0,48268R10,KSW,K S W INC,KSW,221330.0,Q,A,R,50698,3,5070.0,,,,50.0,507.0,,,,,,,3.34,0.0,6367.0,1.0,3.34,21265.78,KSW,10.0,8.0,4.0,8.0,6.0,1,10.0,10.0,4.0,1.0,10.0,9.0,1.0,9.0,6.0,3.0,10.0,4.0,10.0,10.0,9.0,6.0,6.0,5.0,9.0,2.0,,,,4.0,,,10.0,2.0,4.0,,9.0,3.0,,7.0,10.0,7.0,5.0,5.0,10.0,,6.0,,,,1.0,9,10.0,10,1
2010-11-24,91231,,11,3,5070.0,48268R10,KSW,K S W INC,KSW,221330.0,Q,A,R,50698,3,5070.0,,,,50.0,507.0,,,,,,,3.31,-0.008982,6367.0,1.0,3.31,21074.77,KSW,10.0,8.0,4.0,8.0,6.0,1,10.0,10.0,4.0,1.0,10.0,9.0,1.0,9.0,6.0,3.0,10.0,4.0,10.0,10.0,9.0,6.0,6.0,5.0,9.0,2.0,,,,4.0,,,10.0,2.0,4.0,,9.0,3.0,,7.0,10.0,7.0,5.0,5.0,10.0,,6.0,,,,1.0,9,10.0,10,1
2010-11-26,91231,,11,3,5070.0,48268R10,KSW,K S W INC,KSW,221330.0,Q,A,R,50698,3,5070.0,,,,50.0,507.0,,,,,,,-3.36,0.015106,6367.0,1.0,,-21393.12,KSW,10.0,8.0,4.0,8.0,6.0,1,10.0,10.0,4.0,1.0,10.0,9.0,1.0,9.0,6.0,3.0,10.0,4.0,10.0,10.0,9.0,6.0,6.0,5.0,9.0,2.0,,,,4.0,,,10.0,2.0,4.0,,9.0,3.0,,7.0,10.0,7.0,5.0,5.0,10.0,,6.0,,,,1.0,9,10.0,10,1
2010-11-29,91231,,11,3,5070.0,48268R10,KSW,K S W INC,KSW,221330.0,Q,A,R,50698,3,5070.0,,,,50.0,507.0,,,,,,,3.29,-0.020833,6367.0,1.0,3.33,20947.43,KSW,10.0,8.0,4.0,8.0,6.0,1,10.0,10.0,4.0,1.0,10.0,9.0,1.0,9.0,6.0,3.0,10.0,4.0,10.0,10.0,9.0,6.0,6.0,5.0,9.0,2.0,,,,4.0,,,10.0,2.0,4.0,,9.0,3.0,,7.0,10.0,7.0,5.0,5.0,10.0,,6.0,,,,1.0,9,10.0,10,1
2010-11-30,91231,,11,3,5070.0,48268R10,KSW,K S W INC,KSW,221330.0,Q,A,R,50698,3,5070.0,,,,50.0,507.0,,,,,,,3.3,0.00304,6367.0,1.0,3.47,21011.1,KSW,10.0,8.0,4.0,8.0,6.0,1,10.0,10.0,4.0,1.0,10.0,9.0,1.0,9.0,6.0,3.0,10.0,4.0,10.0,10.0,9.0,6.0,6.0,5.0,9.0,2.0,,,,4.0,,,10.0,2.0,4.0,,9.0,3.0,,7.0,10.0,7.0,5.0,5.0,10.0,,6.0,,,,1.0,9,10.0,10,1
2010-12-01,91231,,11,3,5070.0,48268R10,KSW,K S W INC,KSW,221330.0,Q,A,R,50698,3,5070.0,,,,50.0,507.0,,,,,,,3.35,0.015152,6367.0,1.0,3.39,21329.45,KSW,10.0,8.0,4.0,8.0,6.0,1,10.0,10.0,4.0,1.0,10.0,9.0,1.0,9.0,6.0,3.0,10.0,4.0,10.0,10.0,9.0,6.0,6.0,5.0,9.0,2.0,,,,3.0,,,10.0,2.0,4.0,,9.0,3.0,,7.0,9.0,6.0,4.0,5.0,10.0,,4.0,,,,1.0,9,10.0,10,1
2010-12-02,91231,,11,3,5070.0,48268R10,KSW,K S W INC,KSW,221330.0,Q,A,R,50698,3,5070.0,,,,50.0,507.0,,,,,,,3.43,0.023881,6367.0,1.0,3.38,21838.81,KSW,10.0,8.0,4.0,8.0,6.0,1,10.0,10.0,4.0,1.0,10.0,9.0,1.0,9.0,6.0,3.0,10.0,4.0,10.0,10.0,9.0,6.0,6.0,5.0,9.0,2.0,,,,3.0,,,10.0,2.0,4.0,,9.0,3.0,,7.0,9.0,6.0,4.0,5.0,10.0,,4.0,,,,1.0,9,10.0,10,1
2010-12-03,91231,,11,3,5070.0,48268R10,KSW,K S W INC,KSW,221330.0,Q,A,R,50698,3,5070.0,,,,50.0,507.0,,,,,,,3.39,-0.011662,6367.0,1.0,3.44,21584.13,KSW,10.0,8.0,4.0,8.0,6.0,1,10.0,10.0,4.0,1.0,10.0,9.0,1.0,9.0,6.0,3.0,10.0,4.0,10.0,10.0,9.0,6.0,6.0,5.0,9.0,2.0,,,,3.0,,,10.0,2.0,4.0,,9.0,3.0,,7.0,9.0,6.0,4.0,5.0,10.0,,4.0,,,,1.0,9,10.0,10,1
2010-12-06,91231,,11,3,5070.0,48268R10,KSW,K S W INC,KSW,221330.0,Q,A,R,50698,3,5070.0,,,,50.0,507.0,,,,,,,3.3325,-0.016962,6367.0,1.0,3.38,21218.0275,KSW,10.0,8.0,4.0,8.0,6.0,1,10.0,10.0,4.0,1.0,10.0,9.0,1.0,9.0,6.0,3.0,10.0,4.0,10.0,10.0,9.0,6.0,6.0,5.0,9.0,2.0,,,,3.0,,,10.0,2.0,4.0,,9.0,3.0,,7.0,9.0,6.0,4.0,5.0,10.0,,4.0,,,,1.0,9,10.0,10,1
2010-12-07,91231,,11,3,5070.0,48268R10,KSW,K S W INC,KSW,221330.0,Q,A,R,50698,3,5070.0,,,,50.0,507.0,,,,,,,3.3,-0.009752,6367.0,1.0,3.38,21011.1,KSW,10.0,8.0,4.0,8.0,6.0,1,10.0,10.0,4.0,1.0,10.0,9.0,1.0,9.0,6.0,3.0,10.0,4.0,10.0,10.0,9.0,6.0,6.0,5.0,9.0,2.0,,,,3.0,,,10.0,2.0,4.0,,9.0,3.0,,7.0,9.0,6.0,4.0,5.0,10.0,,4.0,,,,1.0,9,10.0,10,1
2010-12-08,91231,,11,3,5070.0,48268R10,KSW,K S W INC,KSW,221330.0,Q,A,R,50698,3,5070.0,,,,50.0,507.0,,,,,,,3.3,0.0,6367.0,1.0,3.3335,21011.1,KSW,10.0,8.0,4.0,8.0,6.0,1,10.0,10.0,4.0,1.0,10.0,9.0,1.0,9.0,6.0,3.0,10.0,4.0,10.0,10.0,9.0,6.0,6.0,5.0,9.0,2.0,,,,3.0,,,10.0,2.0,4.0,,9.0,3.0,,7.0,9.0,6.0,4.0,5.0,10.0,,4.0,,,,1.0,9,10.0,10,1
2010-12-09,91231,,11,3,5070.0,48268R10,KSW,K S W INC,KSW,221330.0,Q,A,R,50698,3,5070.0,,,,50.0,507.0,,,,,,,3.27,-0.009091,6367.0,1.0,3.27,20820.09,KSW,10.0,8.0,4.0,8.0,6.0,1,10.0,10.0,4.0,1.0,10.0,9.0,1.0,9.0,6.0,3.0,10.0,4.0,10.0,10.0,9.0,6.0,6.0,5.0,9.0,2.0,,,,3.0,,,10.0,2.0,4.0,,9.0,3.0,,7.0,9.0,6.0,4.0,5.0,10.0,,4.0,,,,1.0,9,10.0,10,1
2010-12-10,91231,,11,3,5070.0,48268R10,KSW,K S W INC,KSW,221330.0,Q,A,R,50698,3,5070.0,,,,50.0,507.0,1272.0,0.07,0.0,,,,3.23,0.009174,6367.0,1.0,3.24,20565.41,KSW,10.0,8.0,4.0,8.0,6.0,1,10.0,10.0,4.0,1.0,10.0,9.0,1.0,9.0,6.0,3.0,10.0,4.0,10.0,10.0,9.0,6.0,6.0,5.0,9.0,2.0,,,,3.0,,,10.0,2.0,4.0,,9.0,3.0,,7.0,9.0,6.0,4.0,5.0,10.0,,4.0,,,,1.0,9,10.0,10,1
2010-12-13,91231,,11,3,5070.0,48268R10,KSW,K S W INC,KSW,221330.0,Q,A,R,50698,3,5070.0,,,,50.0,507.0,,,,,,,3.2599,0.009257,6367.0,1.0,3.21,20755.7833,KSW,10.0,8.0,4.0,8.0,6.0,1,10.0,10.0,4.0,1.0,10.0,9.0,1.0,9.0,6.0,3.0,10.0,4.0,10.0,10.0,9.0,6.0,6.0,5.0,9.0,2.0,,,,3.0,,,10.0,2.0,4.0,,9.0,3.0,,7.0,9.0,6.0,4.0,5.0,10.0,,4.0,,,,1.0,9,10.0,10,1
2010-12-14,91231,,11,3,5070.0,48268R10,KSW,K S W INC,KSW,221330.0,Q,A,R,50698,3,5070.0,,,,50.0,507.0,,,,,,,3.26,3.1e-05,6367.0,1.0,3.26,20756.42,KSW,10.0,8.0,4.0,8.0,6.0,1,10.0,10.0,4.0,1.0,10.0,9.0,1.0,9.0,6.0,3.0,10.0,4.0,10.0,10.0,9.0,6.0,6.0,5.0,9.0,2.0,,,,3.0,,,10.0,2.0,4.0,,9.0,3.0,,7.0,9.0,6.0,4.0,5.0,10.0,,4.0,,,,1.0,9,10.0,10,1
2010-12-15,91231,,11,3,5070.0,48268R10,KSW,K S W INC,KSW,221330.0,Q,A,R,50698,3,5070.0,,,,50.0,507.0,,,,,,,3.23,-0.009202,6367.0,1.0,3.37,20565.41,KSW,10.0,8.0,4.0,8.0,6.0,1,10.0,10.0,4.0,1.0,10.0,9.0,1.0,9.0,6.0,3.0,10.0,4.0,10.0,10.0,9.0,6.0,6.0,5.0,9.0,2.0,,,,3.0,,,10.0,2.0,4.0,,9.0,3.0,,7.0,9.0,6.0,4.0,5.0,10.0,,4.0,,,,1.0,9,10.0,10,1
2010-12-16,91231,,11,3,5070.0,48268R10,KSW,K S W INC,KSW,221330.0,Q,A,R,50698,3,5070.0,,,,50.0,507.0,,,,,,,3.2399,0.003065,6367.0,1.0,3.28,20628.4433,KSW,10.0,8.0,4.0,8.0,6.0,1,10.0,10.0,4.0,1.0,10.0,9.0,1.0,9.0,6.0,3.0,10.0,4.0,10.0,10.0,9.0,6.0,6.0,5.0,9.0,2.0,,,,3.0,,,10.0,2.0,4.0,,9.0,3.0,,7.0,9.0,6.0,4.0,5.0,10.0,,4.0,,,,1.0,9,10.0,10,1
2010-12-17,91231,,11,3,5070.0,48268R10,KSW,K S W INC,KSW,221330.0,Q,A,R,50698,3,5070.0,,,,50.0,507.0,,,,,,,3.27,0.00929,6367.0,1.0,3.27,20820.09,KSW,10.0,8.0,4.0,8.0,6.0,1,10.0,10.0,4.0,1.0,10.0,9.0,1.0,9.0,6.0,3.0,10.0,4.0,10.0,10.0,9.0,6.0,6.0,5.0,9.0,2.0,,,,3.0,,,10.0,2.0,4.0,,9.0,3.0,,7.0,9.0,6.0,4.0,5.0,10.0,,4.0,,,,1.0,9,10.0,10,1
2010-12-20,91231,,11,3,5070.0,48268R10,KSW,K S W INC,KSW,221330.0,Q,A,R,50698,3,5070.0,,,,50.0,507.0,,,,,,,3.27,0.0,6367.0,1.0,3.3,20820.09,KSW,10.0,8.0,4.0,8.0,6.0,1,10.0,10.0,4.0,1.0,10.0,9.0,1.0,9.0,6.0,3.0,10.0,4.0,10.0,10.0,9.0,6.0,6.0,5.0,9.0,2.0,,,,3.0,,,10.0,2.0,4.0,,9.0,3.0,,7.0,9.0,6.0,4.0,5.0,10.0,,4.0,,,,1.0,9,10.0,10,1
2010-12-21,91231,,11,3,5070.0,48268R10,KSW,K S W INC,KSW,221330.0,Q,A,R,50698,3,5070.0,,,,50.0,507.0,,,,,,,3.35,0.024465,6367.0,1.0,3.32,21329.45,KSW,10.0,8.0,4.0,8.0,6.0,1,10.0,10.0,4.0,1.0,10.0,9.0,1.0,9.0,6.0,3.0,10.0,4.0,10.0,10.0,9.0,6.0,6.0,5.0,9.0,2.0,,,,3.0,,,10.0,2.0,4.0,,9.0,3.0,,7.0,9.0,6.0,4.0,5.0,10.0,,4.0,,,,1.0,9,10.0,10,1
2010-12-22,91231,,11,3,5070.0,48268R10,KSW,K S W INC,KSW,221330.0,Q,A,R,50698,3,5070.0,,,,50.0,507.0,,,,,,,3.45,0.029851,6367.0,1.0,3.33,21966.15,KSW,10.0,8.0,4.0,8.0,6.0,1,10.0,10.0,4.0,1.0,10.0,9.0,1.0,9.0,6.0,3.0,10.0,4.0,10.0,10.0,9.0,6.0,6.0,5.0,9.0,2.0,,,,3.0,,,10.0,2.0,4.0,,9.0,3.0,,7.0,9.0,6.0,4.0,5.0,10.0,,4.0,,,,1.0,9,10.0,10,1
2010-12-23,91231,,11,3,5070.0,48268R10,KSW,K S W INC,KSW,221330.0,Q,A,R,50698,3,5070.0,,,,50.0,507.0,,,,,,,3.45,0.0,6367.0,1.0,3.41,21966.15,KSW,10.0,8.0,4.0,8.0,6.0,1,10.0,10.0,4.0,1.0,10.0,9.0,1.0,9.0,6.0,3.0,10.0,4.0,10.0,10.0,9.0,6.0,6.0,5.0,9.0,2.0,,,,3.0,,,10.0,2.0,4.0,,9.0,3.0,,7.0,9.0,6.0,4.0,5.0,10.0,,4.0,,,,1.0,9,10.0,10,1
2010-12-27,91231,,11,3,5070.0,48268R10,KSW,K S W INC,KSW,221330.0,Q,A,R,50698,3,5070.0,,,,50.0,507.0,,,,,,,3.52,0.02029,6367.0,1.0,3.49,22411.84,KSW,10.0,8.0,4.0,8.0,6.0,1,10.0,10.0,4.0,1.0,10.0,9.0,1.0,9.0,6.0,3.0,10.0,4.0,10.0,10.0,9.0,6.0,6.0,5.0,9.0,2.0,,,,3.0,,,10.0,2.0,4.0,,9.0,3.0,,7.0,9.0,6.0,4.0,5.0,10.0,,4.0,,,,1.0,9,10.0,10,1
2010-12-28,91231,,11,3,5070.0,48268R10,KSW,K S W INC,KSW,221330.0,Q,A,R,50698,3,5070.0,,,,50.0,507.0,,,,,,,3.5999,0.022699,6367.0,1.0,3.56,22920.5633,KSW,10.0,8.0,4.0,8.0,6.0,1,10.0,10.0,4.0,1.0,10.0,9.0,1.0,9.0,6.0,3.0,10.0,4.0,10.0,10.0,9.0,6.0,6.0,5.0,9.0,2.0,,,,3.0,,,10.0,2.0,4.0,,9.0,3.0,,7.0,9.0,6.0,4.0,5.0,10.0,,4.0,,,,1.0,9,10.0,10,1
2010-12-29,91231,,11,3,5070.0,48268R10,KSW,K S W INC,KSW,221330.0,Q,A,R,50698,3,5070.0,,,,50.0,507.0,,,,,,,3.55,-0.013862,6367.0,1.0,3.62,22602.85,KSW,10.0,8.0,4.0,8.0,6.0,1,10.0,10.0,4.0,1.0,10.0,9.0,1.0,9.0,6.0,3.0,10.0,4.0,10.0,10.0,9.0,6.0,6.0,5.0,9.0,2.0,,,,3.0,,,10.0,2.0,4.0,,9.0,3.0,,7.0,9.0,6.0,4.0,5.0,10.0,,4.0,,,,1.0,9,10.0,10,1
2010-12-30,91231,,11,3,5070.0,48268R10,KSW,K S W INC,KSW,221330.0,Q,A,R,50698,3,5070.0,,,,50.0,507.0,,,,,,,3.635,0.023944,6367.0,1.0,3.57,23144.045,KSW,10.0,8.0,4.0,8.0,6.0,1,10.0,10.0,4.0,1.0,10.0,9.0,1.0,9.0,6.0,3.0,10.0,4.0,10.0,10.0,9.0,6.0,6.0,5.0,9.0,2.0,,,,3.0,,,10.0,2.0,4.0,,9.0,3.0,,7.0,9.0,6.0,4.0,5.0,10.0,,4.0,,,,1.0,9,10.0,10,1
2010-12-31,91231,,11,3,5070.0,48268R10,KSW,K S W INC,KSW,221330.0,Q,A,R,50698,3,5070.0,,,,50.0,507.0,,,,,,,3.65,0.004127,6367.0,1.0,3.65,23239.55,KSW,10.0,8.0,4.0,8.0,6.0,1,10.0,10.0,4.0,1.0,10.0,9.0,1.0,9.0,6.0,3.0,10.0,4.0,10.0,10.0,9.0,6.0,6.0,5.0,9.0,2.0,,,,3.0,,,10.0,2.0,4.0,,9.0,3.0,,7.0,9.0,6.0,4.0,5.0,10.0,,4.0,,,,1.0,9,10.0,10,1
2011-01-03,91231,,11,3,5070.0,48268R10,KSW,K S W INC,KSW,221330.0,Q,A,R,50698,3,5070.0,,,,50.0,507.0,,,,,,,3.66,0.00274,6367.0,1.0,3.68,23303.22,KSW,10.0,8.0,4.0,8.0,6.0,1,10.0,10.0,4.0,1.0,10.0,9.0,1.0,9.0,6.0,3.0,10.0,4.0,10.0,10.0,9.0,6.0,6.0,5.0,9.0,2.0,,,,3.0,,,10.0,2.0,3.0,,9.0,3.0,,7.0,9.0,6.0,3.0,4.0,10.0,,3.0,,,,1.0,9,10.0,10,1
2011-01-04,91231,,11,3,5070.0,48268R10,KSW,K S W INC,KSW,221330.0,Q,A,R,50698,3,5070.0,,,,50.0,507.0,,,,,,,3.6,-0.016393,6367.0,1.0,3.65,22921.2,KSW,10.0,8.0,4.0,8.0,6.0,1,10.0,10.0,4.0,1.0,10.0,9.0,1.0,9.0,6.0,3.0,10.0,4.0,10.0,10.0,9.0,6.0,6.0,5.0,9.0,2.0,,,,3.0,,,10.0,2.0,3.0,,9.0,3.0,,7.0,9.0,6.0,3.0,4.0,10.0,,3.0,,,,1.0,9,10.0,10,1
2011-01-05,91231,,11,3,5070.0,48268R10,KSW,K S W INC,KSW,221330.0,Q,A,R,50698,3,5070.0,,,,50.0,507.0,,,,,,,3.5801,-0.005528,6367.0,1.0,3.64,22794.4967,KSW,10.0,8.0,4.0,8.0,6.0,1,10.0,10.0,4.0,1.0,10.0,9.0,1.0,9.0,6.0,3.0,10.0,4.0,10.0,10.0,9.0,6.0,6.0,5.0,9.0,2.0,,,,3.0,,,10.0,2.0,3.0,,9.0,3.0,,7.0,9.0,6.0,3.0,4.0,10.0,,3.0,,,,1.0,9,10.0,10,1
2011-01-06,91231,,11,3,5070.0,48268R10,KSW,K S W INC,KSW,221330.0,Q,A,R,50698,3,5070.0,,,,50.0,507.0,,,,,,,3.6,0.005558,6367.0,1.0,3.6,22921.2,KSW,10.0,8.0,4.0,8.0,6.0,1,10.0,10.0,4.0,1.0,10.0,9.0,1.0,9.0,6.0,3.0,10.0,4.0,10.0,10.0,9.0,6.0,6.0,5.0,9.0,2.0,,,,3.0,,,10.0,2.0,3.0,,9.0,3.0,,7.0,9.0,6.0,3.0,4.0,10.0,,3.0,,,,1.0,9,10.0,10,1
2011-01-07,91231,,11,3,5070.0,48268R10,KSW,K S W INC,KSW,221330.0,Q,A,R,50698,3,5070.0,,,,50.0,507.0,,,,,,,3.6185,0.005139,6367.0,1.0,3.6,23038.9895,KSW,10.0,8.0,4.0,8.0,6.0,1,10.0,10.0,4.0,1.0,10.0,9.0,1.0,9.0,6.0,3.0,10.0,4.0,10.0,10.0,9.0,6.0,6.0,5.0,9.0,2.0,,,,3.0,,,10.0,2.0,3.0,,9.0,3.0,,7.0,9.0,6.0,3.0,4.0,10.0,,3.0,,,,1.0,9,10.0,10,1
2011-01-10,91231,,11,3,5070.0,48268R10,KSW,K S W INC,KSW,221330.0,Q,A,R,50698,3,5070.0,,,,50.0,507.0,,,,,,,3.66,0.011469,6367.0,1.0,3.65,23303.22,KSW,10.0,8.0,4.0,8.0,6.0,1,10.0,10.0,4.0,1.0,10.0,9.0,1.0,9.0,6.0,3.0,10.0,4.0,10.0,10.0,9.0,6.0,6.0,5.0,9.0,2.0,,,,3.0,,,10.0,2.0,3.0,,9.0,3.0,,7.0,9.0,6.0,3.0,4.0,10.0,,3.0,,,,1.0,9,10.0,10,1
2011-01-11,91231,,11,3,5070.0,48268R10,KSW,K S W INC,KSW,221330.0,Q,A,R,50698,3,5070.0,,,,50.0,507.0,,,,,,,3.65,-0.002732,6367.0,1.0,3.65,23239.55,KSW,10.0,8.0,4.0,8.0,6.0,1,10.0,10.0,4.0,1.0,10.0,9.0,1.0,9.0,6.0,3.0,10.0,4.0,10.0,10.0,9.0,6.0,6.0,5.0,9.0,2.0,,,,3.0,,,10.0,2.0,3.0,,9.0,3.0,,7.0,9.0,6.0,3.0,4.0,10.0,,3.0,,,,1.0,9,10.0,10,1
2011-01-12,91231,,11,3,5070.0,48268R10,KSW,K S W INC,KSW,221330.0,Q,A,R,50698,3,5070.0,,,,50.0,507.0,,,,,,,3.72,0.019178,6367.0,1.0,3.62,23685.24,KSW,10.0,8.0,4.0,8.0,6.0,1,10.0,10.0,4.0,1.0,10.0,9.0,1.0,9.0,6.0,3.0,10.0,4.0,10.0,10.0,9.0,6.0,6.0,5.0,9.0,2.0,,,,3.0,,,10.0,2.0,3.0,,9.0,3.0,,7.0,9.0,6.0,3.0,4.0,10.0,,3.0,,,,1.0,9,10.0,10,1
2011-01-13,91231,,11,3,5070.0,48268R10,KSW,K S W INC,KSW,221330.0,Q,A,R,50698,3,5070.0,,,,50.0,507.0,,,,,,,3.78,0.016129,6367.0,1.0,3.68,24067.26,KSW,10.0,8.0,4.0,8.0,6.0,1,10.0,10.0,4.0,1.0,10.0,9.0,1.0,9.0,6.0,3.0,10.0,4.0,10.0,10.0,9.0,6.0,6.0,5.0,9.0,2.0,,,,3.0,,,10.0,2.0,3.0,,9.0,3.0,,7.0,9.0,6.0,3.0,4.0,10.0,,3.0,,,,1.0,9,10.0,10,1
2011-01-14,91231,,11,3,5070.0,48268R10,KSW,K S W INC,KSW,221330.0,Q,A,R,50698,3,5070.0,,,,50.0,507.0,,,,,,,3.84,0.015873,6367.0,1.0,3.79,24449.28,KSW,10.0,8.0,4.0,8.0,6.0,1,10.0,10.0,4.0,1.0,10.0,9.0,1.0,9.0,6.0,3.0,10.0,4.0,10.0,10.0,9.0,6.0,6.0,5.0,9.0,2.0,,,,3.0,,,10.0,2.0,3.0,,9.0,3.0,,7.0,9.0,6.0,3.0,4.0,10.0,,3.0,,,,1.0,9,10.0,10,1
2011-01-18,91231,,11,3,5070.0,48268R10,KSW,K S W INC,KSW,221330.0,Q,A,R,50698,3,5070.0,,,,50.0,507.0,,,,,,,3.81,-0.007812,6367.0,1.0,3.81,24258.27,KSW,10.0,8.0,4.0,8.0,6.0,1,10.0,10.0,4.0,1.0,10.0,9.0,1.0,9.0,6.0,3.0,10.0,4.0,10.0,10.0,9.0,6.0,6.0,5.0,9.0,2.0,,,,3.0,,,10.0,2.0,3.0,,9.0,3.0,,7.0,9.0,6.0,3.0,4.0,10.0,,3.0,,,,1.0,9,10.0,10,1
2011-01-19,91231,,11,3,5070.0,48268R10,KSW,K S W INC,KSW,221330.0,Q,A,R,50698,3,5070.0,,,,50.0,507.0,,,,,,,3.7999,-0.002651,6367.0,1.0,3.76,24193.9633,KSW,10.0,8.0,4.0,8.0,6.0,1,10.0,10.0,4.0,1.0,10.0,9.0,1.0,9.0,6.0,3.0,10.0,4.0,10.0,10.0,9.0,6.0,6.0,5.0,9.0,2.0,,,,3.0,,,10.0,2.0,3.0,,9.0,3.0,,7.0,9.0,6.0,3.0,4.0,10.0,,3.0,,,,1.0,9,10.0,10,1
2011-01-20,91231,,11,3,5070.0,48268R10,KSW,K S W INC,KSW,221330.0,Q,A,R,50698,3,5070.0,,,,50.0,507.0,,,,,,,3.76,-0.0105,6367.0,1.0,3.76,23939.92,KSW,10.0,8.0,4.0,8.0,6.0,1,10.0,10.0,4.0,1.0,10.0,9.0,1.0,9.0,6.0,3.0,10.0,4.0,10.0,10.0,9.0,6.0,6.0,5.0,9.0,2.0,,,,3.0,,,10.0,2.0,3.0,,9.0,3.0,,7.0,9.0,6.0,3.0,4.0,10.0,,3.0,,,,1.0,9,10.0,10,1
2011-01-21,91231,,11,3,5070.0,48268R10,KSW,K S W INC,KSW,221330.0,Q,A,R,50698,3,5070.0,,,,50.0,507.0,,,,,,,3.7382,-0.005798,6367.0,1.0,3.7833,23801.1194,KSW,10.0,8.0,4.0,8.0,6.0,1,10.0,10.0,4.0,1.0,10.0,9.0,1.0,9.0,6.0,3.0,10.0,4.0,10.0,10.0,9.0,6.0,6.0,5.0,9.0,2.0,,,,3.0,,,10.0,2.0,3.0,,9.0,3.0,,7.0,9.0,6.0,3.0,4.0,10.0,,3.0,,,,1.0,9,10.0,10,1
2011-01-24,91231,,11,3,5070.0,48268R10,KSW,K S W INC,KSW,221330.0,Q,A,R,50698,3,5070.0,,,,50.0,507.0,,,,,,,3.73,-0.002194,6367.0,1.0,3.7,23748.91,KSW,10.0,8.0,4.0,8.0,6.0,1,10.0,10.0,4.0,1.0,10.0,9.0,1.0,9.0,6.0,3.0,10.0,4.0,10.0,10.0,9.0,6.0,6.0,5.0,9.0,2.0,,,,3.0,,,10.0,2.0,3.0,,9.0,3.0,,7.0,9.0,6.0,3.0,4.0,10.0,,3.0,,,,1.0,9,10.0,10,1
2011-01-25,91231,,11,3,5070.0,48268R10,KSW,K S W INC,KSW,221330.0,Q,A,R,50698,3,5070.0,,,,50.0,507.0,,,,,,,3.76,0.008043,6367.0,1.0,3.79,23939.92,KSW,10.0,8.0,4.0,8.0,6.0,1,10.0,10.0,4.0,1.0,10.0,9.0,1.0,9.0,6.0,3.0,10.0,4.0,10.0,10.0,9.0,6.0,6.0,5.0,9.0,2.0,,,,3.0,,,10.0,2.0,3.0,,9.0,3.0,,7.0,9.0,6.0,3.0,4.0,10.0,,3.0,,,,1.0,9,10.0,10,1
2011-01-26,91231,,11,3,5070.0,48268R10,KSW,K S W INC,KSW,221330.0,Q,A,R,50698,3,5070.0,,,,50.0,507.0,,,,,,,3.85,0.023936,6367.0,1.0,3.79,24512.95,KSW,10.0,8.0,4.0,8.0,6.0,1,10.0,10.0,4.0,1.0,10.0,9.0,1.0,9.0,6.0,3.0,10.0,4.0,10.0,10.0,9.0,6.0,6.0,5.0,9.0,2.0,,,,3.0,,,10.0,2.0,3.0,,9.0,3.0,,7.0,9.0,6.0,3.0,4.0,10.0,,3.0,,,,1.0,9,10.0,10,1
2011-01-27,91231,,11,3,5070.0,48268R10,KSW,K S W INC,KSW,221330.0,Q,A,R,50698,3,5070.0,,,,50.0,507.0,,,,,,,3.86,0.002597,6367.0,1.0,3.81,24576.62,KSW,10.0,8.0,4.0,8.0,6.0,1,10.0,10.0,4.0,1.0,10.0,9.0,1.0,9.0,6.0,3.0,10.0,4.0,10.0,10.0,9.0,6.0,6.0,5.0,9.0,2.0,,,,3.0,,,10.0,2.0,3.0,,9.0,3.0,,7.0,9.0,6.0,3.0,4.0,10.0,,3.0,,,,1.0,9,10.0,10,1
2011-01-28,91231,,11,3,5070.0,48268R10,KSW,K S W INC,KSW,221330.0,Q,A,R,50698,3,5070.0,,,,50.0,507.0,,,,,,,3.774,-0.02228,6367.0,1.0,3.86,24029.058,KSW,10.0,8.0,4.0,8.0,6.0,1,10.0,10.0,4.0,1.0,10.0,9.0,1.0,9.0,6.0,3.0,10.0,4.0,10.0,10.0,9.0,6.0,6.0,5.0,9.0,2.0,,,,3.0,,,10.0,2.0,3.0,,9.0,3.0,,7.0,9.0,6.0,3.0,4.0,10.0,,3.0,,,,1.0,9,10.0,10,1
2011-01-31,91231,,11,3,5070.0,48268R10,KSW,K S W INC,KSW,221330.0,Q,A,R,50698,3,5070.0,,,,50.0,507.0,,,,,,,3.8001,0.006916,6367.0,1.0,3.82,24195.2367,KSW,10.0,8.0,4.0,8.0,6.0,1,10.0,10.0,4.0,1.0,10.0,9.0,1.0,9.0,6.0,3.0,10.0,4.0,10.0,10.0,9.0,6.0,6.0,5.0,9.0,2.0,,,,3.0,,,10.0,2.0,3.0,,9.0,3.0,,7.0,9.0,6.0,3.0,4.0,10.0,,3.0,,,,1.0,9,10.0,10,1
2011-02-01,91231,,11,3,5070.0,48268R10,KSW,K S W INC,KSW,221330.0,Q,A,R,50698,3,5070.0,,,,50.0,507.0,,,,,,,3.86,0.015763,6367.0,1.0,3.8501,24576.62,KSW,10.0,8.0,4.0,8.0,6.0,1,10.0,10.0,4.0,1.0,10.0,9.0,1.0,9.0,6.0,3.0,10.0,4.0,10.0,10.0,9.0,6.0,6.0,5.0,9.0,2.0,,,,5.0,,,10.0,2.0,4.0,,9.0,3.0,,7.0,10.0,6.0,4.0,6.0,10.0,,4.0,4.0,5.0,,1.0,9,10.0,10,1
2011-02-02,91231,,11,3,5070.0,48268R10,KSW,K S W INC,KSW,221330.0,Q,A,R,50698,3,5070.0,,,,50.0,507.0,,,,,,,3.76,-0.025907,6367.0,1.0,3.77,23939.92,KSW,10.0,8.0,4.0,8.0,6.0,1,10.0,10.0,4.0,1.0,10.0,9.0,1.0,9.0,6.0,3.0,10.0,4.0,10.0,10.0,9.0,6.0,6.0,5.0,9.0,2.0,,,,5.0,,,10.0,2.0,4.0,,9.0,3.0,,7.0,10.0,6.0,4.0,6.0,10.0,,4.0,4.0,5.0,,1.0,9,10.0,10,1
2011-02-03,91231,,11,3,5070.0,48268R10,KSW,K S W INC,KSW,221330.0,Q,A,R,50698,3,5070.0,,,,50.0,507.0,,,,,,,3.8499,0.02391,6367.0,1.0,3.83,24512.3133,KSW,10.0,8.0,4.0,8.0,6.0,1,10.0,10.0,4.0,1.0,10.0,9.0,1.0,9.0,6.0,3.0,10.0,4.0,10.0,10.0,9.0,6.0,6.0,5.0,9.0,2.0,,,,5.0,,,10.0,2.0,4.0,,9.0,3.0,,7.0,10.0,6.0,4.0,6.0,10.0,,4.0,4.0,5.0,,1.0,9,10.0,10,1
2011-02-04,91231,,11,3,5070.0,48268R10,KSW,K S W INC,KSW,221330.0,Q,A,R,50698,3,5070.0,,,,50.0,507.0,,,,,,,3.8,-0.012961,6367.0,1.0,3.77,24194.6,KSW,10.0,8.0,4.0,8.0,6.0,1,10.0,10.0,4.0,1.0,10.0,9.0,1.0,9.0,6.0,3.0,10.0,4.0,10.0,10.0,9.0,6.0,6.0,5.0,9.0,2.0,,,,5.0,,,10.0,2.0,4.0,,9.0,3.0,,7.0,10.0,6.0,4.0,6.0,10.0,,4.0,4.0,5.0,,1.0,9,10.0,10,1
2011-02-07,91231,,11,3,5070.0,48268R10,KSW,K S W INC,KSW,221330.0,Q,A,R,50698,3,5070.0,,,,50.0,507.0,,,,,,,3.82,0.005263,6367.0,1.0,3.76,24321.94,KSW,10.0,8.0,4.0,8.0,6.0,1,10.0,10.0,4.0,1.0,10.0,9.0,1.0,9.0,6.0,3.0,10.0,4.0,10.0,10.0,9.0,6.0,6.0,5.0,9.0,2.0,,,,5.0,,,10.0,2.0,4.0,,9.0,3.0,,7.0,10.0,6.0,4.0,6.0,10.0,,4.0,4.0,5.0,,1.0,9,10.0,10,1
2011-02-08,91231,,11,3,5070.0,48268R10,KSW,K S W INC,KSW,221330.0,Q,A,R,50698,3,5070.0,,,,50.0,507.0,,,,,,,3.7599,-0.015733,6367.0,1.0,3.76,23939.2833,KSW,10.0,8.0,4.0,8.0,6.0,1,10.0,10.0,4.0,1.0,10.0,9.0,1.0,9.0,6.0,3.0,10.0,4.0,10.0,10.0,9.0,6.0,6.0,5.0,9.0,2.0,,,,5.0,,,10.0,2.0,4.0,,9.0,3.0,,7.0,10.0,6.0,4.0,6.0,10.0,,4.0,4.0,5.0,,1.0,9,10.0,10,1
2011-02-09,91231,,11,3,5070.0,48268R10,KSW,K S W INC,KSW,221330.0,Q,A,R,50698,3,5070.0,,,,50.0,507.0,,,,,,,3.85,0.023963,6367.0,1.0,3.71,24512.95,KSW,10.0,8.0,4.0,8.0,6.0,1,10.0,10.0,4.0,1.0,10.0,9.0,1.0,9.0,6.0,3.0,10.0,4.0,10.0,10.0,9.0,6.0,6.0,5.0,9.0,2.0,,,,5.0,,,10.0,2.0,4.0,,9.0,3.0,,7.0,10.0,6.0,4.0,6.0,10.0,,4.0,4.0,5.0,,1.0,9,10.0,10,1
2011-02-10,91231,,11,3,5070.0,48268R10,KSW,K S W INC,KSW,221330.0,Q,A,R,50698,3,5070.0,,,,50.0,507.0,,,,,,,3.71,-0.036364,6367.0,1.0,3.74,23621.57,KSW,10.0,8.0,4.0,8.0,6.0,1,10.0,10.0,4.0,1.0,10.0,9.0,1.0,9.0,6.0,3.0,10.0,4.0,10.0,10.0,9.0,6.0,6.0,5.0,9.0,2.0,,,,5.0,,,10.0,2.0,4.0,,9.0,3.0,,7.0,10.0,6.0,4.0,6.0,10.0,,4.0,4.0,5.0,,1.0,9,10.0,10,1
2011-02-11,91231,,11,3,5070.0,48268R10,KSW,K S W INC,KSW,221330.0,Q,A,R,50698,3,5070.0,,,,50.0,507.0,,,,,,,3.73,0.005391,6367.0,1.0,3.73,23748.91,KSW,10.0,8.0,4.0,8.0,6.0,1,10.0,10.0,4.0,1.0,10.0,9.0,1.0,9.0,6.0,3.0,10.0,4.0,10.0,10.0,9.0,6.0,6.0,5.0,9.0,2.0,,,,5.0,,,10.0,2.0,4.0,,9.0,3.0,,7.0,10.0,6.0,4.0,6.0,10.0,,4.0,4.0,5.0,,1.0,9,10.0,10,1
2011-02-14,91231,,11,3,5070.0,48268R10,KSW,K S W INC,KSW,221330.0,Q,A,R,50698,3,5070.0,,,,50.0,507.0,,,,,,,3.73,0.0,6367.0,1.0,3.76,23748.91,KSW,10.0,8.0,4.0,8.0,6.0,1,10.0,10.0,4.0,1.0,10.0,9.0,1.0,9.0,6.0,3.0,10.0,4.0,10.0,10.0,9.0,6.0,6.0,5.0,9.0,2.0,,,,5.0,,,10.0,2.0,4.0,,9.0,3.0,,7.0,10.0,6.0,4.0,6.0,10.0,,4.0,4.0,5.0,,1.0,9,10.0,10,1
2011-02-15,91231,,11,3,5070.0,48268R10,KSW,K S W INC,KSW,221330.0,Q,A,R,50698,3,5070.0,,,,50.0,507.0,,,,,,,3.79,0.016086,6367.0,1.0,3.7387,24130.93,KSW,10.0,8.0,4.0,8.0,6.0,1,10.0,10.0,4.0,1.0,10.0,9.0,1.0,9.0,6.0,3.0,10.0,4.0,10.0,10.0,9.0,6.0,6.0,5.0,9.0,2.0,,,,5.0,,,10.0,2.0,4.0,,9.0,3.0,,7.0,10.0,6.0,4.0,6.0,10.0,,4.0,4.0,5.0,,1.0,9,10.0,10,1
2011-02-16,91231,,11,3,5070.0,48268R10,KSW,K S W INC,KSW,221330.0,Q,A,R,50698,3,5070.0,,,,50.0,507.0,,,,,,,3.75,-0.010554,6367.0,1.0,3.77,23876.25,KSW,10.0,8.0,4.0,8.0,6.0,1,10.0,10.0,4.0,1.0,10.0,9.0,1.0,9.0,6.0,3.0,10.0,4.0,10.0,10.0,9.0,6.0,6.0,5.0,9.0,2.0,,,,5.0,,,10.0,2.0,4.0,,9.0,3.0,,7.0,10.0,6.0,4.0,6.0,10.0,,4.0,4.0,5.0,,1.0,9,10.0,10,1
2011-02-17,91231,,11,3,5070.0,48268R10,KSW,K S W INC,KSW,221330.0,Q,A,R,50698,3,5070.0,,,,50.0,507.0,,,,,,,3.76,0.002667,6367.0,1.0,3.7752,23939.92,KSW,10.0,8.0,4.0,8.0,6.0,1,10.0,10.0,4.0,1.0,10.0,9.0,1.0,9.0,6.0,3.0,10.0,4.0,10.0,10.0,9.0,6.0,6.0,5.0,9.0,2.0,,,,5.0,,,10.0,2.0,4.0,,9.0,3.0,,7.0,10.0,6.0,4.0,6.0,10.0,,4.0,4.0,5.0,,1.0,9,10.0,10,1
2011-02-18,91231,,11,3,5070.0,48268R10,KSW,K S W INC,KSW,221330.0,Q,A,R,50698,3,5070.0,,,,50.0,507.0,,,,,,,3.82,0.015957,6367.0,1.0,3.79,24321.94,KSW,10.0,8.0,4.0,8.0,6.0,1,10.0,10.0,4.0,1.0,10.0,9.0,1.0,9.0,6.0,3.0,10.0,4.0,10.0,10.0,9.0,6.0,6.0,5.0,9.0,2.0,,,,5.0,,,10.0,2.0,4.0,,9.0,3.0,,7.0,10.0,6.0,4.0,6.0,10.0,,4.0,4.0,5.0,,1.0,9,10.0,10,1
2011-02-22,91231,,11,3,5070.0,48268R10,KSW,K S W INC,KSW,221330.0,Q,A,R,50698,3,5070.0,,,,50.0,507.0,,,,,,,3.75,-0.018325,6367.0,1.0,3.753,23876.25,KSW,10.0,8.0,4.0,8.0,6.0,1,10.0,10.0,4.0,1.0,10.0,9.0,1.0,9.0,6.0,3.0,10.0,4.0,10.0,10.0,9.0,6.0,6.0,5.0,9.0,2.0,,,,5.0,,,10.0,2.0,4.0,,9.0,3.0,,7.0,10.0,6.0,4.0,6.0,10.0,,4.0,4.0,5.0,,1.0,9,10.0,10,1
2011-02-23,91231,,11,3,5070.0,48268R10,KSW,K S W INC,KSW,221330.0,Q,A,R,50698,3,5070.0,,,,50.0,507.0,,,,,,,3.8,0.013333,6367.0,1.0,3.75,24194.6,KSW,10.0,8.0,4.0,8.0,6.0,1,10.0,10.0,4.0,1.0,10.0,9.0,1.0,9.0,6.0,3.0,10.0,4.0,10.0,10.0,9.0,6.0,6.0,5.0,9.0,2.0,,,,5.0,,,10.0,2.0,4.0,,9.0,3.0,,7.0,10.0,6.0,4.0,6.0,10.0,,4.0,4.0,5.0,,1.0,9,10.0,10,1
2011-02-24,91231,,11,3,5070.0,48268R10,KSW,K S W INC,KSW,221330.0,Q,A,R,50698,3,5070.0,,,,50.0,507.0,,,,,,,3.7399,-0.015816,6367.0,1.0,3.85,23811.9433,KSW,10.0,8.0,4.0,8.0,6.0,1,10.0,10.0,4.0,1.0,10.0,9.0,1.0,9.0,6.0,3.0,10.0,4.0,10.0,10.0,9.0,6.0,6.0,5.0,9.0,2.0,,,,5.0,,,10.0,2.0,4.0,,9.0,3.0,,7.0,10.0,6.0,4.0,6.0,10.0,,4.0,4.0,5.0,,1.0,9,10.0,10,1
2011-02-25,91231,,11,3,5070.0,48268R10,KSW,K S W INC,KSW,221330.0,Q,A,R,50698,3,5070.0,,,,50.0,507.0,,,,,,,3.7401,5.3e-05,6367.0,1.0,3.75,23813.2167,KSW,10.0,8.0,4.0,8.0,6.0,1,10.0,10.0,4.0,1.0,10.0,9.0,1.0,9.0,6.0,3.0,10.0,4.0,10.0,10.0,9.0,6.0,6.0,5.0,9.0,2.0,,,,5.0,,,10.0,2.0,4.0,,9.0,3.0,,7.0,10.0,6.0,4.0,6.0,10.0,,4.0,4.0,5.0,,1.0,9,10.0,10,1
2011-02-28,91231,,11,3,5070.0,48268R10,KSW,K S W INC,KSW,221330.0,Q,A,R,50698,3,5070.0,,,,50.0,507.0,,,,,,,3.63,-0.029438,6367.0,1.0,3.71,23112.21,KSW,10.0,8.0,4.0,8.0,6.0,1,10.0,10.0,4.0,1.0,10.0,9.0,1.0,9.0,6.0,3.0,10.0,4.0,10.0,10.0,9.0,6.0,6.0,5.0,9.0,2.0,,,,5.0,,,10.0,2.0,4.0,,9.0,3.0,,7.0,10.0,6.0,4.0,6.0,10.0,,4.0,4.0,5.0,,1.0,9,10.0,10,1
2011-03-01,91231,,11,3,5070.0,48268R10,KSW,K S W INC,KSW,221330.0,Q,A,R,50698,3,5070.0,,,,50.0,507.0,,,,,,,3.6701,0.011047,6367.0,1.0,3.7076,23367.5267,KSW,10.0,8.0,4.0,8.0,6.0,1,10.0,10.0,4.0,1.0,10.0,9.0,1.0,9.0,6.0,3.0,10.0,4.0,10.0,10.0,9.0,6.0,6.0,5.0,9.0,2.0,,,,5.0,,,10.0,3.0,2.0,,9.0,3.0,,,,,10.0,6.0,10.0,,9.0,10.0,9.0,,1.0,9,10.0,10,1
2011-03-02,91231,,11,3,5070.0,48268R10,KSW,K S W INC,KSW,221330.0,Q,A,R,50698,3,5070.0,,,,50.0,507.0,,,,,,,3.7,0.008147,6367.0,1.0,3.7057,23557.9,KSW,10.0,8.0,4.0,8.0,6.0,1,10.0,10.0,4.0,1.0,10.0,9.0,1.0,9.0,6.0,3.0,10.0,4.0,10.0,10.0,9.0,6.0,6.0,5.0,9.0,2.0,,,,5.0,,,10.0,3.0,2.0,,9.0,3.0,,,,,10.0,6.0,10.0,,9.0,10.0,9.0,,1.0,9,10.0,10,1
2011-03-03,91231,,11,3,5070.0,48268R10,KSW,K S W INC,KSW,221330.0,Q,A,R,50698,3,5070.0,,,,50.0,507.0,,,,,,,3.7699,0.018892,6367.0,1.0,3.68,24002.9533,KSW,10.0,8.0,4.0,8.0,6.0,1,10.0,10.0,4.0,1.0,10.0,9.0,1.0,9.0,6.0,3.0,10.0,4.0,10.0,10.0,9.0,6.0,6.0,5.0,9.0,2.0,,,,5.0,,,10.0,3.0,2.0,,9.0,3.0,,,,,10.0,6.0,10.0,,9.0,10.0,9.0,,1.0,9,10.0,10,1
2011-03-04,91231,,11,3,5070.0,48268R10,KSW,K S W INC,KSW,221330.0,Q,A,R,50698,3,5070.0,,,,50.0,507.0,,,,,,,3.73,-0.010584,6367.0,1.0,3.74,23748.91,KSW,10.0,8.0,4.0,8.0,6.0,1,10.0,10.0,4.0,1.0,10.0,9.0,1.0,9.0,6.0,3.0,10.0,4.0,10.0,10.0,9.0,6.0,6.0,5.0,9.0,2.0,,,,5.0,,,10.0,3.0,2.0,,9.0,3.0,,,,,10.0,6.0,10.0,,9.0,10.0,9.0,,1.0,9,10.0,10,1
2011-03-07,91231,,11,3,5070.0,48268R10,KSW,K S W INC,KSW,221330.0,Q,A,R,50698,3,5070.0,,,,50.0,507.0,,,,,,,3.72,-0.002681,6367.0,1.0,3.73,23685.24,KSW,10.0,8.0,4.0,8.0,6.0,1,10.0,10.0,4.0,1.0,10.0,9.0,1.0,9.0,6.0,3.0,10.0,4.0,10.0,10.0,9.0,6.0,6.0,5.0,9.0,2.0,,,,5.0,,,10.0,3.0,2.0,,9.0,3.0,,,,,10.0,6.0,10.0,,9.0,10.0,9.0,,1.0,9,10.0,10,1
2011-03-08,91231,,11,3,5070.0,48268R10,KSW,K S W INC,KSW,221330.0,Q,A,R,50698,3,5070.0,,,,50.0,507.0,,,,,,,3.7,-0.005376,6367.0,1.0,3.75,23557.9,KSW,10.0,8.0,4.0,8.0,6.0,1,10.0,10.0,4.0,1.0,10.0,9.0,1.0,9.0,6.0,3.0,10.0,4.0,10.0,10.0,9.0,6.0,6.0,5.0,9.0,2.0,,,,5.0,,,10.0,3.0,2.0,,9.0,3.0,,,,,10.0,6.0,10.0,,9.0,10.0,9.0,,1.0,9,10.0,10,1
2011-03-09,91231,,11,3,5070.0,48268R10,KSW,K S W INC,KSW,221330.0,Q,A,R,50698,3,5070.0,,,,50.0,507.0,,,,,,,3.821,0.032703,6367.0,1.0,3.71,24328.307,KSW,10.0,8.0,4.0,8.0,6.0,1,10.0,10.0,4.0,1.0,10.0,9.0,1.0,9.0,6.0,3.0,10.0,4.0,10.0,10.0,9.0,6.0,6.0,5.0,9.0,2.0,,,,5.0,,,10.0,3.0,2.0,,9.0,3.0,,,,,10.0,6.0,10.0,,9.0,10.0,9.0,,1.0,9,10.0,10,1
2011-03-10,91231,,11,3,5070.0,48268R10,KSW,K S W INC,KSW,221330.0,Q,A,R,50698,3,5070.0,,,,50.0,507.0,,,,,,,3.63,-0.049987,6367.0,1.0,3.65,23112.21,KSW,10.0,8.0,4.0,8.0,6.0,1,10.0,10.0,4.0,1.0,10.0,9.0,1.0,9.0,6.0,3.0,10.0,4.0,10.0,10.0,9.0,6.0,6.0,5.0,9.0,2.0,,,,5.0,,,10.0,3.0,2.0,,9.0,3.0,,,,,10.0,6.0,10.0,,9.0,10.0,9.0,,1.0,9,10.0,10,1
2011-03-11,91231,,11,3,5070.0,48268R10,KSW,K S W INC,KSW,221330.0,Q,A,R,50698,3,5070.0,,,,50.0,507.0,,,,,,,3.61,-0.00551,6367.0,1.0,3.66,22984.87,KSW,10.0,8.0,4.0,8.0,6.0,1,10.0,10.0,4.0,1.0,10.0,9.0,1.0,9.0,6.0,3.0,10.0,4.0,10.0,10.0,9.0,6.0,6.0,5.0,9.0,2.0,,,,5.0,,,10.0,3.0,2.0,,9.0,3.0,,,,,10.0,6.0,10.0,,9.0,10.0,9.0,,1.0,9,10.0,10,1
2011-03-14,91231,,11,3,5070.0,48268R10,KSW,K S W INC,KSW,221330.0,Q,A,R,50698,3,5070.0,,,,50.0,507.0,,,,,,,3.5,-0.030471,6367.0,1.0,3.63,22284.5,KSW,10.0,8.0,4.0,8.0,6.0,1,10.0,10.0,4.0,1.0,10.0,9.0,1.0,9.0,6.0,3.0,10.0,4.0,10.0,10.0,9.0,6.0,6.0,5.0,9.0,2.0,,,,5.0,,,10.0,3.0,2.0,,9.0,3.0,,,,,10.0,6.0,10.0,,9.0,10.0,9.0,,1.0,9,10.0,10,1
2011-03-15,91231,,11,3,5070.0,48268R10,KSW,K S W INC,KSW,221330.0,Q,A,R,50698,3,5070.0,,,,50.0,507.0,,,,,,,3.51,0.002857,6367.0,1.0,3.49,22348.17,KSW,10.0,8.0,4.0,8.0,6.0,1,10.0,10.0,4.0,1.0,10.0,9.0,1.0,9.0,6.0,3.0,10.0,4.0,10.0,10.0,9.0,6.0,6.0,5.0,9.0,2.0,,,,5.0,,,10.0,3.0,2.0,,9.0,3.0,,,,,10.0,6.0,10.0,,9.0,10.0,9.0,,1.0,9,10.0,10,1
2011-03-16,91231,,11,3,5070.0,48268R10,KSW,K S W INC,KSW,221330.0,Q,A,R,50698,3,5070.0,,,,50.0,507.0,,,,,,,3.47,-0.011396,6367.0,1.0,3.54,22093.49,KSW,10.0,8.0,4.0,8.0,6.0,1,10.0,10.0,4.0,1.0,10.0,9.0,1.0,9.0,6.0,3.0,10.0,4.0,10.0,10.0,9.0,6.0,6.0,5.0,9.0,2.0,,,,5.0,,,10.0,3.0,2.0,,9.0,3.0,,,,,10.0,6.0,10.0,,9.0,10.0,9.0,,1.0,9,10.0,10,1
2011-03-17,91231,,11,3,5070.0,48268R10,KSW,K S W INC,KSW,221330.0,Q,A,R,50698,3,5070.0,,,,50.0,507.0,,,,,,,3.57,0.028818,6367.0,1.0,3.47,22730.19,KSW,10.0,8.0,4.0,8.0,6.0,1,10.0,10.0,4.0,1.0,10.0,9.0,1.0,9.0,6.0,3.0,10.0,4.0,10.0,10.0,9.0,6.0,6.0,5.0,9.0,2.0,,,,5.0,,,10.0,3.0,2.0,,9.0,3.0,,,,,10.0,6.0,10.0,,9.0,10.0,9.0,,1.0,9,10.0,10,1
2011-03-18,91231,,11,3,5070.0,48268R10,KSW,K S W INC,KSW,221330.0,Q,A,R,50698,3,5070.0,,,,50.0,507.0,,,,,,,3.5145,-0.015546,6367.0,1.0,3.63,22376.8215,KSW,10.0,8.0,4.0,8.0,6.0,1,10.0,10.0,4.0,1.0,10.0,9.0,1.0,9.0,6.0,3.0,10.0,4.0,10.0,10.0,9.0,6.0,6.0,5.0,9.0,2.0,,,,5.0,,,10.0,3.0,2.0,,9.0,3.0,,,,,10.0,6.0,10.0,,9.0,10.0,9.0,,1.0,9,10.0,10,1
2011-03-21,91231,,11,3,5070.0,48268R10,KSW,K S W INC,KSW,221330.0,Q,A,R,50698,3,5070.0,,,,50.0,507.0,,,,,,,-3.6,0.024328,6367.0,1.0,,-22921.2,KSW,10.0,8.0,4.0,8.0,6.0,1,10.0,10.0,4.0,1.0,10.0,9.0,1.0,9.0,6.0,3.0,10.0,4.0,10.0,10.0,9.0,6.0,6.0,5.0,9.0,2.0,,,,5.0,,,10.0,3.0,2.0,,9.0,3.0,,,,,10.0,6.0,10.0,,9.0,10.0,9.0,,1.0,9,10.0,10,1
2011-03-22,91231,,11,3,5070.0,48268R10,KSW,K S W INC,KSW,221330.0,Q,A,R,50698,3,5070.0,,,,50.0,507.0,,,,,,,3.57,-0.008333,6367.0,1.0,3.52,22730.19,KSW,10.0,8.0,4.0,8.0,6.0,1,10.0,10.0,4.0,1.0,10.0,9.0,1.0,9.0,6.0,3.0,10.0,4.0,10.0,10.0,9.0,6.0,6.0,5.0,9.0,2.0,,,,5.0,,,10.0,3.0,2.0,,9.0,3.0,,,,,10.0,6.0,10.0,,9.0,10.0,9.0,,1.0,9,10.0,10,1
2011-03-23,91231,,11,3,5070.0,48268R10,KSW,K S W INC,KSW,221330.0,Q,A,R,50698,3,5070.0,,,,50.0,507.0,,,,,,,3.45,-0.033613,6367.0,1.0,3.62,21966.15,KSW,10.0,8.0,4.0,8.0,6.0,1,10.0,10.0,4.0,1.0,10.0,9.0,1.0,9.0,6.0,3.0,10.0,4.0,10.0,10.0,9.0,6.0,6.0,5.0,9.0,2.0,,,,5.0,,,10.0,3.0,2.0,,9.0,3.0,,,,,10.0,6.0,10.0,,9.0,10.0,9.0,,1.0,9,10.0,10,1
2011-03-24,91231,,11,3,5070.0,48268R10,KSW,K S W INC,KSW,221330.0,Q,A,R,50698,3,5070.0,,,,50.0,507.0,,,,,,,3.6,0.043478,6367.0,1.0,3.49,22921.2,KSW,10.0,8.0,4.0,8.0,6.0,1,10.0,10.0,4.0,1.0,10.0,9.0,1.0,9.0,6.0,3.0,10.0,4.0,10.0,10.0,9.0,6.0,6.0,5.0,9.0,2.0,,,,5.0,,,10.0,3.0,2.0,,9.0,3.0,,,,,10.0,6.0,10.0,,9.0,10.0,9.0,,1.0,9,10.0,10,1
2011-03-25,91231,,11,3,5070.0,48268R10,KSW,K S W INC,KSW,221330.0,Q,A,R,50698,3,5070.0,,,,50.0,507.0,,,,,,,3.55,-0.013889,6367.0,1.0,3.51,22602.85,KSW,10.0,8.0,4.0,8.0,6.0,1,10.0,10.0,4.0,1.0,10.0,9.0,1.0,9.0,6.0,3.0,10.0,4.0,10.0,10.0,9.0,6.0,6.0,5.0,9.0,2.0,,,,5.0,,,10.0,3.0,2.0,,9.0,3.0,,,,,10.0,6.0,10.0,,9.0,10.0,9.0,,1.0,9,10.0,10,1
2011-03-28,91231,,11,3,5070.0,48268R10,KSW,K S W INC,KSW,221330.0,Q,A,R,50698,3,5070.0,,,,50.0,507.0,,,,,,,3.59,0.011268,6367.0,1.0,3.54,22857.53,KSW,10.0,8.0,4.0,8.0,6.0,1,10.0,10.0,4.0,1.0,10.0,9.0,1.0,9.0,6.0,3.0,10.0,4.0,10.0,10.0,9.0,6.0,6.0,5.0,9.0,2.0,,,,5.0,,,10.0,3.0,2.0,,9.0,3.0,,,,,10.0,6.0,10.0,,9.0,10.0,9.0,,1.0,9,10.0,10,1
2011-03-29,91231,,11,3,5070.0,48268R10,KSW,K S W INC,KSW,221330.0,Q,A,R,50698,3,5070.0,,,,50.0,507.0,,,,,,,3.56,-0.008357,6367.0,1.0,3.57,22666.52,KSW,10.0,8.0,4.0,8.0,6.0,1,10.0,10.0,4.0,1.0,10.0,9.0,1.0,9.0,6.0,3.0,10.0,4.0,10.0,10.0,9.0,6.0,6.0,5.0,9.0,2.0,,,,5.0,,,10.0,3.0,2.0,,9.0,3.0,,,,,10.0,6.0,10.0,,9.0,10.0,9.0,,1.0,9,10.0,10,1
2011-03-30,91231,,11,3,5070.0,48268R10,KSW,K S W INC,KSW,221330.0,Q,A,R,50698,3,5070.0,,,,50.0,507.0,,,,,,,3.58,0.005618,6367.0,1.0,3.5283,22793.86,KSW,10.0,8.0,4.0,8.0,6.0,1,10.0,10.0,4.0,1.0,10.0,9.0,1.0,9.0,6.0,3.0,10.0,4.0,10.0,10.0,9.0,6.0,6.0,5.0,9.0,2.0,,,,5.0,,,10.0,3.0,2.0,,9.0,3.0,,,,,10.0,6.0,10.0,,9.0,10.0,9.0,,1.0,9,10.0,10,1
2011-03-31,91231,,11,3,5070.0,48268R10,KSW,K S W INC,KSW,221330.0,Q,A,R,50698,3,5070.0,,,,50.0,507.0,,,,,,,3.53,-0.013966,6367.0,1.0,3.58,22475.51,KSW,10.0,8.0,4.0,8.0,6.0,1,10.0,10.0,4.0,1.0,10.0,9.0,1.0,9.0,6.0,3.0,10.0,4.0,10.0,10.0,9.0,6.0,6.0,5.0,9.0,2.0,,,,5.0,,,10.0,3.0,2.0,,9.0,3.0,,,,,10.0,6.0,10.0,,9.0,10.0,9.0,,1.0,9,10.0,10,1
2011-04-01,91231,,11,3,5070.0,48268R10,KSW,K S W INC,KSW,221330.0,Q,A,R,50698,3,5070.0,,,,50.0,507.0,,,,,,,3.59,0.016997,6367.0,1.0,3.58,22857.53,KSW,10.0,8.0,4.0,8.0,6.0,1,10.0,10.0,4.0,1.0,10.0,9.0,1.0,9.0,6.0,3.0,10.0,4.0,10.0,10.0,9.0,6.0,6.0,5.0,9.0,2.0,,,,6.0,,,10.0,3.0,5.0,,9.0,3.0,,5.0,8.0,5.0,8.0,4.0,10.0,5.0,9.0,,,,1.0,9,10.0,10,1
2011-04-04,91231,,11,3,5070.0,48268R10,KSW,K S W INC,KSW,221330.0,Q,A,R,50698,3,5070.0,,,,50.0,507.0,,,,,,,3.6,0.002786,6367.0,1.0,3.56,22921.2,KSW,10.0,8.0,4.0,8.0,6.0,1,10.0,10.0,4.0,1.0,10.0,9.0,1.0,9.0,6.0,3.0,10.0,4.0,10.0,10.0,9.0,6.0,6.0,5.0,9.0,2.0,,,,6.0,,,10.0,3.0,5.0,,9.0,3.0,,5.0,8.0,5.0,8.0,4.0,10.0,5.0,9.0,,,,1.0,9,10.0,10,1
2011-04-05,91231,,11,3,5070.0,48268R10,KSW,K S W INC,KSW,221330.0,Q,A,R,50698,3,5070.0,,,,50.0,507.0,,,,,,,3.54,-0.016667,6367.0,1.0,3.58,22539.18,KSW,10.0,8.0,4.0,8.0,6.0,1,10.0,10.0,4.0,1.0,10.0,9.0,1.0,9.0,6.0,3.0,10.0,4.0,10.0,10.0,9.0,6.0,6.0,5.0,9.0,2.0,,,,6.0,,,10.0,3.0,5.0,,9.0,3.0,,5.0,8.0,5.0,8.0,4.0,10.0,5.0,9.0,,,,1.0,9,10.0,10,1
2011-04-06,91231,,11,3,5070.0,48268R10,KSW,K S W INC,KSW,221330.0,Q,A,R,50698,3,5070.0,,,,50.0,507.0,,,,,,,3.46,-0.022599,6367.0,1.0,3.5,22029.82,KSW,10.0,8.0,4.0,8.0,6.0,1,10.0,10.0,4.0,1.0,10.0,9.0,1.0,9.0,6.0,3.0,10.0,4.0,10.0,10.0,9.0,6.0,6.0,5.0,9.0,2.0,,,,6.0,,,10.0,3.0,5.0,,9.0,3.0,,5.0,8.0,5.0,8.0,4.0,10.0,5.0,9.0,,,,1.0,9,10.0,10,1
2011-04-07,91231,,11,3,5070.0,48268R10,KSW,K S W INC,KSW,221330.0,Q,A,R,50698,3,5070.0,,,,50.0,507.0,,,,,,,3.5,0.011561,6367.0,1.0,3.5,22284.5,KSW,10.0,8.0,4.0,8.0,6.0,1,10.0,10.0,4.0,1.0,10.0,9.0,1.0,9.0,6.0,3.0,10.0,4.0,10.0,10.0,9.0,6.0,6.0,5.0,9.0,2.0,,,,6.0,,,10.0,3.0,5.0,,9.0,3.0,,5.0,8.0,5.0,8.0,4.0,10.0,5.0,9.0,,,,1.0,9,10.0,10,1
2011-04-08,91231,,11,3,5070.0,48268R10,KSW,K S W INC,KSW,221330.0,Q,A,R,50698,3,5070.0,,,,50.0,507.0,,,,,,,3.48,-0.005714,6367.0,1.0,3.5,22157.16,KSW,10.0,8.0,4.0,8.0,6.0,1,10.0,10.0,4.0,1.0,10.0,9.0,1.0,9.0,6.0,3.0,10.0,4.0,10.0,10.0,9.0,6.0,6.0,5.0,9.0,2.0,,,,6.0,,,10.0,3.0,5.0,,9.0,3.0,,5.0,8.0,5.0,8.0,4.0,10.0,5.0,9.0,,,,1.0,9,10.0,10,1
2011-04-11,91231,,11,3,5070.0,48268R10,KSW,K S W INC,KSW,221330.0,Q,A,R,50698,3,5070.0,,,,50.0,507.0,,,,,,,3.5,0.005747,6367.0,1.0,3.54,22284.5,KSW,10.0,8.0,4.0,8.0,6.0,1,10.0,10.0,4.0,1.0,10.0,9.0,1.0,9.0,6.0,3.0,10.0,4.0,10.0,10.0,9.0,6.0,6.0,5.0,9.0,2.0,,,,6.0,,,10.0,3.0,5.0,,9.0,3.0,,5.0,8.0,5.0,8.0,4.0,10.0,5.0,9.0,,,,1.0,9,10.0,10,1
2011-04-12,91231,,11,3,5070.0,48268R10,KSW,K S W INC,KSW,221330.0,Q,A,R,50698,3,5070.0,,,,50.0,507.0,,,,,,,3.5,0.0,6367.0,1.0,3.55,22284.5,KSW,10.0,8.0,4.0,8.0,6.0,1,10.0,10.0,4.0,1.0,10.0,9.0,1.0,9.0,6.0,3.0,10.0,4.0,10.0,10.0,9.0,6.0,6.0,5.0,9.0,2.0,,,,6.0,,,10.0,3.0,5.0,,9.0,3.0,,5.0,8.0,5.0,8.0,4.0,10.0,5.0,9.0,,,,1.0,9,10.0,10,1
2011-04-13,91231,,11,3,5070.0,48268R10,KSW,K S W INC,KSW,221330.0,Q,A,R,50698,3,5070.0,,,,50.0,507.0,,,,,,,3.47,-0.008571,6367.0,1.0,3.54,22093.49,KSW,10.0,8.0,4.0,8.0,6.0,1,10.0,10.0,4.0,1.0,10.0,9.0,1.0,9.0,6.0,3.0,10.0,4.0,10.0,10.0,9.0,6.0,6.0,5.0,9.0,2.0,,,,6.0,,,10.0,3.0,5.0,,9.0,3.0,,5.0,8.0,5.0,8.0,4.0,10.0,5.0,9.0,,,,1.0,9,10.0,10,1
2011-04-14,91231,,11,3,5070.0,48268R10,KSW,K S W INC,KSW,221330.0,Q,A,R,50698,3,5070.0,,,,50.0,507.0,,,,,,,3.48,0.002882,6367.0,1.0,3.48,22157.16,KSW,10.0,8.0,4.0,8.0,6.0,1,10.0,10.0,4.0,1.0,10.0,9.0,1.0,9.0,6.0,3.0,10.0,4.0,10.0,10.0,9.0,6.0,6.0,5.0,9.0,2.0,,,,6.0,,,10.0,3.0,5.0,,9.0,3.0,,5.0,8.0,5.0,8.0,4.0,10.0,5.0,9.0,,,,1.0,9,10.0,10,1
2011-04-15,91231,,11,3,5070.0,48268R10,KSW,K S W INC,KSW,221330.0,Q,A,R,50698,3,5070.0,,,,50.0,507.0,,,,,,,3.56,0.022988,6367.0,1.0,3.461,22666.52,KSW,10.0,8.0,4.0,8.0,6.0,1,10.0,10.0,4.0,1.0,10.0,9.0,1.0,9.0,6.0,3.0,10.0,4.0,10.0,10.0,9.0,6.0,6.0,5.0,9.0,2.0,,,,6.0,,,10.0,3.0,5.0,,9.0,3.0,,5.0,8.0,5.0,8.0,4.0,10.0,5.0,9.0,,,,1.0,9,10.0,10,1
2011-04-18,91231,,11,3,5070.0,48268R10,KSW,K S W INC,KSW,221330.0,Q,A,R,50698,3,5070.0,,,,50.0,507.0,,,,,,,3.52,-0.011236,6367.0,1.0,3.51,22411.84,KSW,10.0,8.0,4.0,8.0,6.0,1,10.0,10.0,4.0,1.0,10.0,9.0,1.0,9.0,6.0,3.0,10.0,4.0,10.0,10.0,9.0,6.0,6.0,5.0,9.0,2.0,,,,6.0,,,10.0,3.0,5.0,,9.0,3.0,,5.0,8.0,5.0,8.0,4.0,10.0,5.0,9.0,,,,1.0,9,10.0,10,1
2011-04-19,91231,,11,3,5070.0,48268R10,KSW,K S W INC,KSW,221330.0,Q,A,R,50698,3,5070.0,,,,50.0,507.0,,,,,,,3.55,0.008523,6367.0,1.0,3.578,22602.85,KSW,10.0,8.0,4.0,8.0,6.0,1,10.0,10.0,4.0,1.0,10.0,9.0,1.0,9.0,6.0,3.0,10.0,4.0,10.0,10.0,9.0,6.0,6.0,5.0,9.0,2.0,,,,6.0,,,10.0,3.0,5.0,,9.0,3.0,,5.0,8.0,5.0,8.0,4.0,10.0,5.0,9.0,,,,1.0,9,10.0,10,1
2011-04-20,91231,,11,3,5070.0,48268R10,KSW,K S W INC,KSW,221330.0,Q,A,R,50698,3,5070.0,,,,50.0,507.0,,,,,,,3.52,-0.008451,6367.0,1.0,3.6,22411.84,KSW,10.0,8.0,4.0,8.0,6.0,1,10.0,10.0,4.0,1.0,10.0,9.0,1.0,9.0,6.0,3.0,10.0,4.0,10.0,10.0,9.0,6.0,6.0,5.0,9.0,2.0,,,,6.0,,,10.0,3.0,5.0,,9.0,3.0,,5.0,8.0,5.0,8.0,4.0,10.0,5.0,9.0,,,,1.0,9,10.0,10,1
2011-04-21,91231,,11,3,5070.0,48268R10,KSW,K S W INC,KSW,221330.0,Q,A,R,50698,3,5070.0,,,,50.0,507.0,,,,,,,3.56,0.011364,6367.0,1.0,3.52,22666.52,KSW,10.0,8.0,4.0,8.0,6.0,1,10.0,10.0,4.0,1.0,10.0,9.0,1.0,9.0,6.0,3.0,10.0,4.0,10.0,10.0,9.0,6.0,6.0,5.0,9.0,2.0,,,,6.0,,,10.0,3.0,5.0,,9.0,3.0,,5.0,8.0,5.0,8.0,4.0,10.0,5.0,9.0,,,,1.0,9,10.0,10,1
2011-04-25,91231,,11,3,5070.0,48268R10,KSW,K S W INC,KSW,221330.0,Q,A,R,50698,3,5070.0,,,,50.0,507.0,,,,,,,3.6,0.011236,6367.0,1.0,3.56,22921.2,KSW,10.0,8.0,4.0,8.0,6.0,1,10.0,10.0,4.0,1.0,10.0,9.0,1.0,9.0,6.0,3.0,10.0,4.0,10.0,10.0,9.0,6.0,6.0,5.0,9.0,2.0,,,,6.0,,,10.0,3.0,5.0,,9.0,3.0,,5.0,8.0,5.0,8.0,4.0,10.0,5.0,9.0,,,,1.0,9,10.0,10,1
2011-04-26,91231,,11,3,5070.0,48268R10,KSW,K S W INC,KSW,221330.0,Q,A,R,50698,3,5070.0,,,,50.0,507.0,,,,,,,3.6266,0.007389,6367.0,1.0,3.62,23090.5622,KSW,10.0,8.0,4.0,8.0,6.0,1,10.0,10.0,4.0,1.0,10.0,9.0,1.0,9.0,6.0,3.0,10.0,4.0,10.0,10.0,9.0,6.0,6.0,5.0,9.0,2.0,,,,6.0,,,10.0,3.0,5.0,,9.0,3.0,,5.0,8.0,5.0,8.0,4.0,10.0,5.0,9.0,,,,1.0,9,10.0,10,1
2011-04-27,91231,,11,3,5070.0,48268R10,KSW,K S W INC,KSW,221330.0,Q,A,R,50698,3,5070.0,,,,50.0,507.0,,,,,,,3.65,0.006452,6367.0,1.0,3.6501,23239.55,KSW,10.0,8.0,4.0,8.0,6.0,1,10.0,10.0,4.0,1.0,10.0,9.0,1.0,9.0,6.0,3.0,10.0,4.0,10.0,10.0,9.0,6.0,6.0,5.0,9.0,2.0,,,,6.0,,,10.0,3.0,5.0,,9.0,3.0,,5.0,8.0,5.0,8.0,4.0,10.0,5.0,9.0,,,,1.0,9,10.0,10,1
2011-04-28,91231,,11,3,5070.0,48268R10,KSW,K S W INC,KSW,221330.0,Q,A,R,50698,3,5070.0,,,,50.0,507.0,,,,,,,3.65,0.0,6367.0,1.0,3.65,23239.55,KSW,10.0,8.0,4.0,8.0,6.0,1,10.0,10.0,4.0,1.0,10.0,9.0,1.0,9.0,6.0,3.0,10.0,4.0,10.0,10.0,9.0,6.0,6.0,5.0,9.0,2.0,,,,6.0,,,10.0,3.0,5.0,,9.0,3.0,,5.0,8.0,5.0,8.0,4.0,10.0,5.0,9.0,,,,1.0,9,10.0,10,1
2011-04-29,91231,,11,3,5070.0,48268R10,KSW,K S W INC,KSW,221330.0,Q,A,R,50698,3,5070.0,,,,50.0,507.0,,,,,,,3.65,0.0,6367.0,1.0,3.65,23239.55,KSW,10.0,8.0,4.0,8.0,6.0,1,10.0,10.0,4.0,1.0,10.0,9.0,1.0,9.0,6.0,3.0,10.0,4.0,10.0,10.0,9.0,6.0,6.0,5.0,9.0,2.0,,,,6.0,,,10.0,3.0,5.0,,9.0,3.0,,5.0,8.0,5.0,8.0,4.0,10.0,5.0,9.0,,,,1.0,9,10.0,10,1
2011-05-02,91231,,11,3,5070.0,48268R10,KSW,K S W INC,KSW,221330.0,Q,A,R,50698,3,5070.0,,,,50.0,507.0,,,,,,,3.59,-0.016438,6367.0,1.0,3.63,22857.53,KSW,10.0,8.0,4.0,8.0,6.0,1,10.0,10.0,4.0,1.0,10.0,9.0,1.0,9.0,6.0,3.0,10.0,4.0,10.0,10.0,9.0,6.0,6.0,5.0,9.0,2.0,,,,7.0,,,10.0,3.0,9.0,6.0,9.0,3.0,,6.0,7.0,5.0,5.0,5.0,10.0,3.0,6.0,,,7.0,1.0,9,10.0,10,1
2011-05-03,91231,,11,3,5070.0,48268R10,KSW,K S W INC,KSW,221330.0,Q,A,R,50698,3,5070.0,,,,50.0,507.0,,,,,,,3.59,0.0,6367.0,1.0,3.55,22857.53,KSW,10.0,8.0,4.0,8.0,6.0,1,10.0,10.0,4.0,1.0,10.0,9.0,1.0,9.0,6.0,3.0,10.0,4.0,10.0,10.0,9.0,6.0,6.0,5.0,9.0,2.0,,,,7.0,,,10.0,3.0,9.0,6.0,9.0,3.0,,6.0,7.0,5.0,5.0,5.0,10.0,3.0,6.0,,,7.0,1.0,9,10.0,10,1
2011-05-04,91231,,11,3,5070.0,48268R10,KSW,K S W INC,KSW,221330.0,Q,A,R,50698,3,5070.0,,,,50.0,507.0,,,,,,,3.57,-0.005571,6367.0,1.0,3.64,22730.19,KSW,10.0,8.0,4.0,8.0,6.0,1,10.0,10.0,4.0,1.0,10.0,9.0,1.0,9.0,6.0,3.0,10.0,4.0,10.0,10.0,9.0,6.0,6.0,5.0,9.0,2.0,,,,7.0,,,10.0,3.0,9.0,6.0,9.0,3.0,,6.0,7.0,5.0,5.0,5.0,10.0,3.0,6.0,,,7.0,1.0,9,10.0,10,1
2011-05-05,91231,,11,3,5070.0,48268R10,KSW,K S W INC,KSW,221330.0,Q,A,R,50698,3,5070.0,,,,50.0,507.0,,,,,,,3.69,0.033613,6367.0,1.0,3.61,23494.23,KSW,10.0,8.0,4.0,8.0,6.0,1,10.0,10.0,4.0,1.0,10.0,9.0,1.0,9.0,6.0,3.0,10.0,4.0,10.0,10.0,9.0,6.0,6.0,5.0,9.0,2.0,,,,7.0,,,10.0,3.0,9.0,6.0,9.0,3.0,,6.0,7.0,5.0,5.0,5.0,10.0,3.0,6.0,,,7.0,1.0,9,10.0,10,1
2011-05-06,91231,,11,3,5070.0,48268R10,KSW,K S W INC,KSW,221330.0,Q,A,R,50698,3,5070.0,,,,50.0,507.0,,,,,,,3.75,0.01626,6367.0,1.0,3.68,23876.25,KSW,10.0,8.0,4.0,8.0,6.0,1,10.0,10.0,4.0,1.0,10.0,9.0,1.0,9.0,6.0,3.0,10.0,4.0,10.0,10.0,9.0,6.0,6.0,5.0,9.0,2.0,,,,7.0,,,10.0,3.0,9.0,6.0,9.0,3.0,,6.0,7.0,5.0,5.0,5.0,10.0,3.0,6.0,,,7.0,1.0,9,10.0,10,1
2011-05-09,91231,,11,3,5070.0,48268R10,KSW,K S W INC,KSW,221330.0,Q,A,R,50698,3,5070.0,,,,50.0,507.0,,,,,,,3.7601,0.002693,6367.0,1.0,3.75,23940.5567,KSW,10.0,8.0,4.0,8.0,6.0,1,10.0,10.0,4.0,1.0,10.0,9.0,1.0,9.0,6.0,3.0,10.0,4.0,10.0,10.0,9.0,6.0,6.0,5.0,9.0,2.0,,,,7.0,,,10.0,3.0,9.0,6.0,9.0,3.0,,6.0,7.0,5.0,5.0,5.0,10.0,3.0,6.0,,,7.0,1.0,9,10.0,10,1
2011-05-10,91231,,11,3,5070.0,48268R10,KSW,K S W INC,KSW,221330.0,Q,A,R,50698,3,5070.0,,,,50.0,507.0,,,,,,,3.78,0.005292,6367.0,1.0,3.79,24067.26,KSW,10.0,8.0,4.0,8.0,6.0,1,10.0,10.0,4.0,1.0,10.0,9.0,1.0,9.0,6.0,3.0,10.0,4.0,10.0,10.0,9.0,6.0,6.0,5.0,9.0,2.0,,,,7.0,,,10.0,3.0,9.0,6.0,9.0,3.0,,6.0,7.0,5.0,5.0,5.0,10.0,3.0,6.0,,,7.0,1.0,9,10.0,10,1
2011-05-11,91231,,11,3,5070.0,48268R10,KSW,K S W INC,KSW,221330.0,Q,A,R,50698,3,5070.0,,,,50.0,507.0,,,,,,,3.73,-0.013228,6367.0,1.0,3.6901,23748.91,KSW,10.0,8.0,4.0,8.0,6.0,1,10.0,10.0,4.0,1.0,10.0,9.0,1.0,9.0,6.0,3.0,10.0,4.0,10.0,10.0,9.0,6.0,6.0,5.0,9.0,2.0,,,,7.0,,,10.0,3.0,9.0,6.0,9.0,3.0,,6.0,7.0,5.0,5.0,5.0,10.0,3.0,6.0,,,7.0,1.0,9,10.0,10,1
2011-05-12,91231,,11,3,5070.0,48268R10,KSW,K S W INC,KSW,221330.0,Q,A,R,50698,3,5070.0,,,,50.0,507.0,,,,,,,3.75,0.005362,6367.0,1.0,3.73,23876.25,KSW,10.0,8.0,4.0,8.0,6.0,1,10.0,10.0,4.0,1.0,10.0,9.0,1.0,9.0,6.0,3.0,10.0,4.0,10.0,10.0,9.0,6.0,6.0,5.0,9.0,2.0,,,,7.0,,,10.0,3.0,9.0,6.0,9.0,3.0,,6.0,7.0,5.0,5.0,5.0,10.0,3.0,6.0,,,7.0,1.0,9,10.0,10,1
2011-05-13,91231,,11,3,5070.0,48268R10,KSW,K S W INC,KSW,221330.0,Q,A,R,50698,3,5070.0,,,,50.0,507.0,,,,,,,3.76,0.002667,6367.0,1.0,3.75,23939.92,KSW,10.0,8.0,4.0,8.0,6.0,1,10.0,10.0,4.0,1.0,10.0,9.0,1.0,9.0,6.0,3.0,10.0,4.0,10.0,10.0,9.0,6.0,6.0,5.0,9.0,2.0,,,,7.0,,,10.0,3.0,9.0,6.0,9.0,3.0,,6.0,7.0,5.0,5.0,5.0,10.0,3.0,6.0,,,7.0,1.0,9,10.0,10,1
2011-05-16,91231,,11,3,5070.0,48268R10,KSW,K S W INC,KSW,221330.0,Q,A,R,50698,3,5070.0,,,,50.0,507.0,,,,,,,3.76,0.0,6367.0,1.0,3.73,23939.92,KSW,10.0,8.0,4.0,8.0,6.0,1,10.0,10.0,4.0,1.0,10.0,9.0,1.0,9.0,6.0,3.0,10.0,4.0,10.0,10.0,9.0,6.0,6.0,5.0,9.0,2.0,,,,7.0,,,10.0,3.0,9.0,6.0,9.0,3.0,,6.0,7.0,5.0,5.0,5.0,10.0,3.0,6.0,,,7.0,1.0,9,10.0,10,1
2011-05-17,91231,,11,3,5070.0,48268R10,KSW,K S W INC,KSW,221330.0,Q,A,R,50698,3,5070.0,,,,50.0,507.0,,,,,,,3.654,-0.028191,6367.0,1.0,3.725,23265.018,KSW,10.0,8.0,4.0,8.0,6.0,1,10.0,10.0,4.0,1.0,10.0,9.0,1.0,9.0,6.0,3.0,10.0,4.0,10.0,10.0,9.0,6.0,6.0,5.0,9.0,2.0,,,,7.0,,,10.0,3.0,9.0,6.0,9.0,3.0,,6.0,7.0,5.0,5.0,5.0,10.0,3.0,6.0,,,7.0,1.0,9,10.0,10,1
2011-05-18,91231,,11,3,5070.0,48268R10,KSW,K S W INC,KSW,221330.0,Q,A,R,50698,3,5070.0,,,,50.0,507.0,,,,,,,3.71,0.015326,6367.0,1.0,3.7,23621.57,KSW,10.0,8.0,4.0,8.0,6.0,1,10.0,10.0,4.0,1.0,10.0,9.0,1.0,9.0,6.0,3.0,10.0,4.0,10.0,10.0,9.0,6.0,6.0,5.0,9.0,2.0,,,,7.0,,,10.0,3.0,9.0,6.0,9.0,3.0,,6.0,7.0,5.0,5.0,5.0,10.0,3.0,6.0,,,7.0,1.0,9,10.0,10,1
2011-05-19,91231,,11,3,5070.0,48268R10,KSW,K S W INC,KSW,221330.0,Q,A,R,50698,3,5070.0,,,,50.0,507.0,,,,,,,3.7,-0.002695,6367.0,1.0,3.7,23557.9,KSW,10.0,8.0,4.0,8.0,6.0,1,10.0,10.0,4.0,1.0,10.0,9.0,1.0,9.0,6.0,3.0,10.0,4.0,10.0,10.0,9.0,6.0,6.0,5.0,9.0,2.0,,,,7.0,,,10.0,3.0,9.0,6.0,9.0,3.0,,6.0,7.0,5.0,5.0,5.0,10.0,3.0,6.0,,,7.0,1.0,9,10.0,10,1
2011-05-20,91231,,11,3,5070.0,48268R10,KSW,K S W INC,KSW,221330.0,Q,A,R,50698,3,5070.0,,,,50.0,507.0,,,,,,,3.67,-0.008108,6367.0,1.0,3.67,23366.89,KSW,10.0,8.0,4.0,8.0,6.0,1,10.0,10.0,4.0,1.0,10.0,9.0,1.0,9.0,6.0,3.0,10.0,4.0,10.0,10.0,9.0,6.0,6.0,5.0,9.0,2.0,,,,7.0,,,10.0,3.0,9.0,6.0,9.0,3.0,,6.0,7.0,5.0,5.0,5.0,10.0,3.0,6.0,,,7.0,1.0,9,10.0,10,1
2011-05-23,91231,,11,3,5070.0,48268R10,KSW,K S W INC,KSW,221330.0,Q,A,R,50698,3,5070.0,,,,50.0,507.0,,,,,,,3.68,0.002725,6367.0,1.0,3.64,23430.56,KSW,10.0,8.0,4.0,8.0,6.0,1,10.0,10.0,4.0,1.0,10.0,9.0,1.0,9.0,6.0,3.0,10.0,4.0,10.0,10.0,9.0,6.0,6.0,5.0,9.0,2.0,,,,7.0,,,10.0,3.0,9.0,6.0,9.0,3.0,,6.0,7.0,5.0,5.0,5.0,10.0,3.0,6.0,,,7.0,1.0,9,10.0,10,1
2011-05-24,91231,,11,3,5070.0,48268R10,KSW,K S W INC,KSW,221330.0,Q,A,R,50698,3,5070.0,,,,50.0,507.0,,,,,,,3.74,0.016304,6367.0,1.0,3.76,23812.58,KSW,10.0,8.0,4.0,8.0,6.0,1,10.0,10.0,4.0,1.0,10.0,9.0,1.0,9.0,6.0,3.0,10.0,4.0,10.0,10.0,9.0,6.0,6.0,5.0,9.0,2.0,,,,7.0,,,10.0,3.0,9.0,6.0,9.0,3.0,,6.0,7.0,5.0,5.0,5.0,10.0,3.0,6.0,,,7.0,1.0,9,10.0,10,1
2011-05-25,91231,,11,3,5070.0,48268R10,KSW,K S W INC,KSW,221330.0,Q,A,R,50698,3,5070.0,,,,50.0,507.0,,,,,,,3.8,0.016043,6367.0,1.0,3.72,24194.6,KSW,10.0,8.0,4.0,8.0,6.0,1,10.0,10.0,4.0,1.0,10.0,9.0,1.0,9.0,6.0,3.0,10.0,4.0,10.0,10.0,9.0,6.0,6.0,5.0,9.0,2.0,,,,7.0,,,10.0,3.0,9.0,6.0,9.0,3.0,,6.0,7.0,5.0,5.0,5.0,10.0,3.0,6.0,,,7.0,1.0,9,10.0,10,1
2011-05-26,91231,,11,3,5070.0,48268R10,KSW,K S W INC,KSW,221330.0,Q,A,R,50698,3,5070.0,,,,50.0,507.0,,,,,,,3.83,0.007895,6367.0,1.0,3.82,24385.61,KSW,10.0,8.0,4.0,8.0,6.0,1,10.0,10.0,4.0,1.0,10.0,9.0,1.0,9.0,6.0,3.0,10.0,4.0,10.0,10.0,9.0,6.0,6.0,5.0,9.0,2.0,,,,7.0,,,10.0,3.0,9.0,6.0,9.0,3.0,,6.0,7.0,5.0,5.0,5.0,10.0,3.0,6.0,,,7.0,1.0,9,10.0,10,1
2011-05-27,91231,,11,3,5070.0,48268R10,KSW,K S W INC,KSW,221330.0,Q,A,R,50698,3,5070.0,,,,50.0,507.0,,,,,,,3.89,0.015666,6367.0,1.0,3.84,24767.63,KSW,10.0,8.0,4.0,8.0,6.0,1,10.0,10.0,4.0,1.0,10.0,9.0,1.0,9.0,6.0,3.0,10.0,4.0,10.0,10.0,9.0,6.0,6.0,5.0,9.0,2.0,,,,7.0,,,10.0,3.0,9.0,6.0,9.0,3.0,,6.0,7.0,5.0,5.0,5.0,10.0,3.0,6.0,,,7.0,1.0,9,10.0,10,1
2011-05-31,91231,,11,3,5070.0,48268R10,KSW,K S W INC,KSW,221330.0,Q,A,R,50698,3,5070.0,,,,50.0,507.0,,,,,,,4.14,0.064267,6367.0,1.0,3.92,26359.38,KSW,10.0,8.0,4.0,8.0,6.0,1,10.0,10.0,4.0,1.0,10.0,9.0,1.0,9.0,6.0,3.0,10.0,4.0,10.0,10.0,9.0,6.0,6.0,5.0,9.0,2.0,,,,7.0,,,10.0,3.0,9.0,6.0,9.0,3.0,,6.0,7.0,5.0,5.0,5.0,10.0,3.0,6.0,,,7.0,1.0,9,10.0,10,1
2011-06-01,91231,,11,3,5070.0,48268R10,KSW,K S W INC,KSW,221330.0,Q,A,R,50698,3,5070.0,,,,50.0,507.0,,,,,,,4.01,-0.031401,6367.0,1.0,4.1,25531.67,KSW,10.0,8.0,4.0,8.0,6.0,1,10.0,10.0,4.0,1.0,10.0,9.0,1.0,9.0,6.0,3.0,10.0,4.0,10.0,10.0,9.0,6.0,6.0,5.0,9.0,2.0,,,,7.0,,,10.0,3.0,9.0,6.0,8.0,4.0,,2.0,6.0,,1.0,5.0,10.0,7.0,1.0,,,3.0,1.0,9,10.0,10,1
2011-06-02,91231,,11,3,5070.0,48268R10,KSW,K S W INC,KSW,221330.0,Q,A,R,50698,3,5070.0,,,,50.0,507.0,,,,,,,4.06,0.012469,6367.0,1.0,4.04,25850.02,KSW,10.0,8.0,4.0,8.0,6.0,1,10.0,10.0,4.0,1.0,10.0,9.0,1.0,9.0,6.0,3.0,10.0,4.0,10.0,10.0,9.0,6.0,6.0,5.0,9.0,2.0,,,,7.0,,,10.0,3.0,9.0,6.0,8.0,4.0,,2.0,6.0,,1.0,5.0,10.0,7.0,1.0,,,3.0,1.0,9,10.0,10,1
2011-06-03,91231,,11,3,5070.0,48268R10,KSW,K S W INC,KSW,221330.0,Q,A,R,50698,3,5070.0,,,,50.0,507.0,,,,,,,4.14,0.019704,6367.0,1.0,4.02,26359.38,KSW,10.0,8.0,4.0,8.0,6.0,1,10.0,10.0,4.0,1.0,10.0,9.0,1.0,9.0,6.0,3.0,10.0,4.0,10.0,10.0,9.0,6.0,6.0,5.0,9.0,2.0,,,,7.0,,,10.0,3.0,9.0,6.0,8.0,4.0,,2.0,6.0,,1.0,5.0,10.0,7.0,1.0,,,3.0,1.0,9,10.0,10,1
2011-06-06,91231,,11,3,5070.0,48268R10,KSW,K S W INC,KSW,221330.0,Q,A,R,50698,3,5070.0,,,,50.0,507.0,,,,,,,4.05,-0.021739,6367.0,1.0,4.11,25786.35,KSW,10.0,8.0,4.0,8.0,6.0,1,10.0,10.0,4.0,1.0,10.0,9.0,1.0,9.0,6.0,3.0,10.0,4.0,10.0,10.0,9.0,6.0,6.0,5.0,9.0,2.0,,,,7.0,,,10.0,3.0,9.0,6.0,8.0,4.0,,2.0,6.0,,1.0,5.0,10.0,7.0,1.0,,,3.0,1.0,9,10.0,10,1
2011-06-07,91231,,11,3,5070.0,48268R10,KSW,K S W INC,KSW,221330.0,Q,A,R,50698,3,5070.0,,,,50.0,507.0,,,,,,,4.04,-0.002469,6367.0,1.0,4.1,25722.68,KSW,10.0,8.0,4.0,8.0,6.0,1,10.0,10.0,4.0,1.0,10.0,9.0,1.0,9.0,6.0,3.0,10.0,4.0,10.0,10.0,9.0,6.0,6.0,5.0,9.0,2.0,,,,7.0,,,10.0,3.0,9.0,6.0,8.0,4.0,,2.0,6.0,,1.0,5.0,10.0,7.0,1.0,,,3.0,1.0,9,10.0,10,1
2011-06-08,91231,,11,3,5070.0,48268R10,KSW,K S W INC,KSW,221330.0,Q,A,R,50698,3,5070.0,,,,50.0,507.0,,,,,,,4.01,-0.007426,6367.0,1.0,4.03,25531.67,KSW,10.0,8.0,4.0,8.0,6.0,1,10.0,10.0,4.0,1.0,10.0,9.0,1.0,9.0,6.0,3.0,10.0,4.0,10.0,10.0,9.0,6.0,6.0,5.0,9.0,2.0,,,,7.0,,,10.0,3.0,9.0,6.0,8.0,4.0,,2.0,6.0,,1.0,5.0,10.0,7.0,1.0,,,3.0,1.0,9,10.0,10,1
2011-06-09,91231,,11,3,5070.0,48268R10,KSW,K S W INC,KSW,221330.0,Q,A,R,50698,3,5070.0,,,,50.0,507.0,,,,,,,4.01,0.0,6367.0,1.0,4.04,25531.67,KSW,10.0,8.0,4.0,8.0,6.0,1,10.0,10.0,4.0,1.0,10.0,9.0,1.0,9.0,6.0,3.0,10.0,4.0,10.0,10.0,9.0,6.0,6.0,5.0,9.0,2.0,,,,7.0,,,10.0,3.0,9.0,6.0,8.0,4.0,,2.0,6.0,,1.0,5.0,10.0,7.0,1.0,,,3.0,1.0,9,10.0,10,1
2011-06-10,91231,,11,3,5070.0,48268R10,KSW,K S W INC,KSW,221330.0,Q,A,R,50698,3,5070.0,,,,50.0,507.0,,,,,,,3.95,-0.014963,6367.0,1.0,4.0,25149.65,KSW,10.0,8.0,4.0,8.0,6.0,1,10.0,10.0,4.0,1.0,10.0,9.0,1.0,9.0,6.0,3.0,10.0,4.0,10.0,10.0,9.0,6.0,6.0,5.0,9.0,2.0,,,,7.0,,,10.0,3.0,9.0,6.0,8.0,4.0,,2.0,6.0,,1.0,5.0,10.0,7.0,1.0,,,3.0,1.0,9,10.0,10,1
2011-06-13,91231,,11,3,5070.0,48268R10,KSW,K S W INC,KSW,221330.0,Q,A,R,50698,3,5070.0,,,,50.0,507.0,,,,,,,3.94,-0.002532,6367.0,1.0,3.95,25085.98,KSW,10.0,8.0,4.0,8.0,6.0,1,10.0,10.0,4.0,1.0,10.0,9.0,1.0,9.0,6.0,3.0,10.0,4.0,10.0,10.0,9.0,6.0,6.0,5.0,9.0,2.0,,,,7.0,,,10.0,3.0,9.0,6.0,8.0,4.0,,2.0,6.0,,1.0,5.0,10.0,7.0,1.0,,,3.0,1.0,9,10.0,10,1
2011-06-14,91231,,11,3,5070.0,48268R10,KSW,K S W INC,KSW,221330.0,Q,A,R,50698,3,5070.0,,,,50.0,507.0,,,,,,,3.97,0.007614,6367.0,1.0,3.92,25276.99,KSW,10.0,8.0,4.0,8.0,6.0,1,10.0,10.0,4.0,1.0,10.0,9.0,1.0,9.0,6.0,3.0,10.0,4.0,10.0,10.0,9.0,6.0,6.0,5.0,9.0,2.0,,,,7.0,,,10.0,3.0,9.0,6.0,8.0,4.0,,2.0,6.0,,1.0,5.0,10.0,7.0,1.0,,,3.0,1.0,9,10.0,10,1
2011-06-15,91231,,11,3,5070.0,48268R10,KSW,K S W INC,KSW,221330.0,Q,A,R,50698,3,5070.0,,,,50.0,507.0,,,,,,,3.9301,-0.01005,6367.0,1.0,3.94,25022.9467,KSW,10.0,8.0,4.0,8.0,6.0,1,10.0,10.0,4.0,1.0,10.0,9.0,1.0,9.0,6.0,3.0,10.0,4.0,10.0,10.0,9.0,6.0,6.0,5.0,9.0,2.0,,,,7.0,,,10.0,3.0,9.0,6.0,8.0,4.0,,2.0,6.0,,1.0,5.0,10.0,7.0,1.0,,,3.0,1.0,9,10.0,10,1
2011-06-16,91231,,11,3,5070.0,48268R10,KSW,K S W INC,KSW,221330.0,Q,A,R,50698,3,5070.0,,,,50.0,507.0,,,,,,,3.87,-0.015292,6367.0,1.0,3.9,24640.29,KSW,10.0,8.0,4.0,8.0,6.0,1,10.0,10.0,4.0,1.0,10.0,9.0,1.0,9.0,6.0,3.0,10.0,4.0,10.0,10.0,9.0,6.0,6.0,5.0,9.0,2.0,,,,7.0,,,10.0,3.0,9.0,6.0,8.0,4.0,,2.0,6.0,,1.0,5.0,10.0,7.0,1.0,,,3.0,1.0,9,10.0,10,1
2011-06-17,91231,,11,3,5070.0,48268R10,KSW,K S W INC,KSW,221330.0,Q,A,R,50698,3,5070.0,,,,50.0,507.0,,,,,,,3.99,0.031008,6367.0,1.0,3.84,25404.33,KSW,10.0,8.0,4.0,8.0,6.0,1,10.0,10.0,4.0,1.0,10.0,9.0,1.0,9.0,6.0,3.0,10.0,4.0,10.0,10.0,9.0,6.0,6.0,5.0,9.0,2.0,,,,7.0,,,10.0,3.0,9.0,6.0,8.0,4.0,,2.0,6.0,,1.0,5.0,10.0,7.0,1.0,,,3.0,1.0,9,10.0,10,1
2011-06-20,91231,,11,3,5070.0,48268R10,KSW,K S W INC,KSW,221330.0,Q,A,R,50698,3,5070.0,,,,50.0,507.0,,,,,,,3.99,0.0,6367.0,1.0,3.96,25404.33,KSW,10.0,8.0,4.0,8.0,6.0,1,10.0,10.0,4.0,1.0,10.0,9.0,1.0,9.0,6.0,3.0,10.0,4.0,10.0,10.0,9.0,6.0,6.0,5.0,9.0,2.0,,,,7.0,,,10.0,3.0,9.0,6.0,8.0,4.0,,2.0,6.0,,1.0,5.0,10.0,7.0,1.0,,,3.0,1.0,9,10.0,10,1
2011-06-21,91231,,11,3,5070.0,48268R10,KSW,K S W INC,KSW,221330.0,Q,A,R,50698,3,5070.0,,,,50.0,507.0,,,,,,,3.99,0.0,6367.0,1.0,3.99,25404.33,KSW,10.0,8.0,4.0,8.0,6.0,1,10.0,10.0,4.0,1.0,10.0,9.0,1.0,9.0,6.0,3.0,10.0,4.0,10.0,10.0,9.0,6.0,6.0,5.0,9.0,2.0,,,,7.0,,,10.0,3.0,9.0,6.0,8.0,4.0,,2.0,6.0,,1.0,5.0,10.0,7.0,1.0,,,3.0,1.0,9,10.0,10,1
2011-06-22,91231,,11,3,5070.0,48268R10,KSW,K S W INC,KSW,221330.0,Q,A,R,50698,3,5070.0,,,,50.0,507.0,,,,,,,3.98,-0.002506,6367.0,1.0,4.0,25340.66,KSW,10.0,8.0,4.0,8.0,6.0,1,10.0,10.0,4.0,1.0,10.0,9.0,1.0,9.0,6.0,3.0,10.0,4.0,10.0,10.0,9.0,6.0,6.0,5.0,9.0,2.0,,,,7.0,,,10.0,3.0,9.0,6.0,8.0,4.0,,2.0,6.0,,1.0,5.0,10.0,7.0,1.0,,,3.0,1.0,9,10.0,10,1
2011-06-23,91231,,11,3,5070.0,48268R10,KSW,K S W INC,KSW,221330.0,Q,A,R,50698,3,5070.0,,,,50.0,507.0,,,,,,,3.98,0.0,6367.0,1.0,3.92,25340.66,KSW,10.0,8.0,4.0,8.0,6.0,1,10.0,10.0,4.0,1.0,10.0,9.0,1.0,9.0,6.0,3.0,10.0,4.0,10.0,10.0,9.0,6.0,6.0,5.0,9.0,2.0,,,,7.0,,,10.0,3.0,9.0,6.0,8.0,4.0,,2.0,6.0,,1.0,5.0,10.0,7.0,1.0,,,3.0,1.0,9,10.0,10,1
2011-06-24,91231,,11,3,5070.0,48268R10,KSW,K S W INC,KSW,221330.0,Q,A,R,50698,3,5070.0,,,,50.0,507.0,,,,,,,3.9499,-0.007563,6367.0,1.0,3.9499,25149.0133,KSW,10.0,8.0,4.0,8.0,6.0,1,10.0,10.0,4.0,1.0,10.0,9.0,1.0,9.0,6.0,3.0,10.0,4.0,10.0,10.0,9.0,6.0,6.0,5.0,9.0,2.0,,,,7.0,,,10.0,3.0,9.0,6.0,8.0,4.0,,2.0,6.0,,1.0,5.0,10.0,7.0,1.0,,,3.0,1.0,9,10.0,10,1
2011-06-27,91231,,11,3,5070.0,48268R10,KSW,K S W INC,KSW,221330.0,Q,A,R,50698,3,5070.0,,,,50.0,507.0,,,,,,,3.95,2.5e-05,6367.0,1.0,3.8101,25149.65,KSW,10.0,8.0,4.0,8.0,6.0,1,10.0,10.0,4.0,1.0,10.0,9.0,1.0,9.0,6.0,3.0,10.0,4.0,10.0,10.0,9.0,6.0,6.0,5.0,9.0,2.0,,,,7.0,,,10.0,3.0,9.0,6.0,8.0,4.0,,2.0,6.0,,1.0,5.0,10.0,7.0,1.0,,,3.0,1.0,9,10.0,10,1
2011-06-28,91231,,11,3,5070.0,48268R10,KSW,K S W INC,KSW,221330.0,Q,A,R,50698,3,5070.0,,,,50.0,507.0,,,,,,,3.9,-0.012658,6367.0,1.0,3.97,24831.3,KSW,10.0,8.0,4.0,8.0,6.0,1,10.0,10.0,4.0,1.0,10.0,9.0,1.0,9.0,6.0,3.0,10.0,4.0,10.0,10.0,9.0,6.0,6.0,5.0,9.0,2.0,,,,7.0,,,10.0,3.0,9.0,6.0,8.0,4.0,,2.0,6.0,,1.0,5.0,10.0,7.0,1.0,,,3.0,1.0,9,10.0,10,1
2011-06-29,91231,,11,3,5070.0,48268R10,KSW,K S W INC,KSW,221330.0,Q,A,R,50698,3,5070.0,,,,50.0,507.0,,,,,,,3.88,-0.005128,6367.0,1.0,3.94,24703.96,KSW,10.0,8.0,4.0,8.0,6.0,1,10.0,10.0,4.0,1.0,10.0,9.0,1.0,9.0,6.0,3.0,10.0,4.0,10.0,10.0,9.0,6.0,6.0,5.0,9.0,2.0,,,,7.0,,,10.0,3.0,9.0,6.0,8.0,4.0,,2.0,6.0,,1.0,5.0,10.0,7.0,1.0,,,3.0,1.0,9,10.0,10,1
2011-06-30,91231,,11,3,5070.0,48268R10,KSW,K S W INC,KSW,221330.0,Q,A,R,50698,3,5070.0,,,,50.0,507.0,,,,,,,3.92,0.010309,6367.0,1.0,3.88,24958.64,KSW,10.0,8.0,4.0,8.0,6.0,1,10.0,10.0,4.0,1.0,10.0,9.0,1.0,9.0,6.0,3.0,10.0,4.0,10.0,10.0,9.0,6.0,6.0,5.0,9.0,2.0,,,,7.0,,,10.0,3.0,9.0,6.0,8.0,4.0,,2.0,6.0,,1.0,5.0,10.0,7.0,1.0,,,3.0,1.0,9,10.0,10,1
2011-07-01,91231,,11,3,5070.0,48268R10,KSW,K S W INC,KSW,221330.0,Q,A,R,50698,3,5070.0,,,,50.0,507.0,,,,,,,3.98,0.015306,6367.0,1.0,3.97,25340.66,KSW,10.0,9.0,4.0,9.0,8.0,10,10.0,1.0,5.0,3.0,7.0,9.0,1.0,7.0,9.0,5.0,10.0,4.0,10.0,5.0,3.0,7.0,6.0,6.0,10.0,5.0,2.0,,,7.0,,,10.0,5.0,8.0,5.0,9.0,5.0,,4.0,6.0,5.0,8.0,5.0,10.0,6.0,8.0,,,8.0,1.0,9,10.0,10,1
2011-07-05,91231,,11,3,5070.0,48268R10,KSW,K S W INC,KSW,221330.0,Q,A,R,50698,3,5070.0,,,,50.0,507.0,,,,,,,4.04,0.015075,6367.0,1.0,3.98,25722.68,KSW,10.0,9.0,4.0,9.0,8.0,10,10.0,1.0,5.0,3.0,7.0,9.0,1.0,7.0,9.0,5.0,10.0,4.0,10.0,5.0,3.0,7.0,6.0,6.0,10.0,5.0,2.0,,,7.0,,,10.0,5.0,8.0,5.0,9.0,5.0,,4.0,6.0,5.0,8.0,5.0,10.0,6.0,8.0,,,8.0,1.0,9,10.0,10,1
2011-07-06,91231,,11,3,5070.0,48268R10,KSW,K S W INC,KSW,221330.0,Q,A,R,50698,3,5070.0,,,,50.0,507.0,,,,,,,4.09,0.012376,6367.0,1.0,4.0,26041.03,KSW,10.0,9.0,4.0,9.0,8.0,10,10.0,1.0,5.0,3.0,7.0,9.0,1.0,7.0,9.0,5.0,10.0,4.0,10.0,5.0,3.0,7.0,6.0,6.0,10.0,5.0,2.0,,,7.0,,,10.0,5.0,8.0,5.0,9.0,5.0,,4.0,6.0,5.0,8.0,5.0,10.0,6.0,8.0,,,8.0,1.0,9,10.0,10,1
2011-07-07,91231,,11,3,5070.0,48268R10,KSW,K S W INC,KSW,221330.0,Q,A,R,50698,3,5070.0,,,,50.0,507.0,,,,,,,4.1,0.002445,6367.0,1.0,4.1,26104.7,KSW,10.0,9.0,4.0,9.0,8.0,10,10.0,1.0,5.0,3.0,7.0,9.0,1.0,7.0,9.0,5.0,10.0,4.0,10.0,5.0,3.0,7.0,6.0,6.0,10.0,5.0,2.0,,,7.0,,,10.0,5.0,8.0,5.0,9.0,5.0,,4.0,6.0,5.0,8.0,5.0,10.0,6.0,8.0,,,8.0,1.0,9,10.0,10,1
2011-07-08,91231,,11,3,5070.0,48268R10,KSW,K S W INC,KSW,221330.0,Q,A,R,50698,3,5070.0,,,,50.0,507.0,,,,,,,4.04,-0.014634,6367.0,1.0,4.06,25722.68,KSW,10.0,9.0,4.0,9.0,8.0,10,10.0,1.0,5.0,3.0,7.0,9.0,1.0,7.0,9.0,5.0,10.0,4.0,10.0,5.0,3.0,7.0,6.0,6.0,10.0,5.0,2.0,,,7.0,,,10.0,5.0,8.0,5.0,9.0,5.0,,4.0,6.0,5.0,8.0,5.0,10.0,6.0,8.0,,,8.0,1.0,9,10.0,10,1
2011-07-11,91231,,11,3,5070.0,48268R10,KSW,K S W INC,KSW,221330.0,Q,A,R,50698,3,5070.0,,,,50.0,507.0,,,,,,,3.95,-0.022277,6367.0,1.0,3.9,25149.65,KSW,10.0,9.0,4.0,9.0,8.0,10,10.0,1.0,5.0,3.0,7.0,9.0,1.0,7.0,9.0,5.0,10.0,4.0,10.0,5.0,3.0,7.0,6.0,6.0,10.0,5.0,2.0,,,7.0,,,10.0,5.0,8.0,5.0,9.0,5.0,,4.0,6.0,5.0,8.0,5.0,10.0,6.0,8.0,,,8.0,1.0,9,10.0,10,1
2011-07-12,91231,,11,3,5070.0,48268R10,KSW,K S W INC,KSW,221330.0,Q,A,R,50698,3,5070.0,,,,50.0,507.0,,,,,,,3.96,0.002532,6367.0,1.0,3.95,25213.32,KSW,10.0,9.0,4.0,9.0,8.0,10,10.0,1.0,5.0,3.0,7.0,9.0,1.0,7.0,9.0,5.0,10.0,4.0,10.0,5.0,3.0,7.0,6.0,6.0,10.0,5.0,2.0,,,7.0,,,10.0,5.0,8.0,5.0,9.0,5.0,,4.0,6.0,5.0,8.0,5.0,10.0,6.0,8.0,,,8.0,1.0,9,10.0,10,1
2011-07-13,91231,,11,3,5070.0,48268R10,KSW,K S W INC,KSW,221330.0,Q,A,R,50698,3,5070.0,,,,50.0,507.0,,,,,,,3.94,-0.005051,6367.0,1.0,3.96,25085.98,KSW,10.0,9.0,4.0,9.0,8.0,10,10.0,1.0,5.0,3.0,7.0,9.0,1.0,7.0,9.0,5.0,10.0,4.0,10.0,5.0,3.0,7.0,6.0,6.0,10.0,5.0,2.0,,,7.0,,,10.0,5.0,8.0,5.0,9.0,5.0,,4.0,6.0,5.0,8.0,5.0,10.0,6.0,8.0,,,8.0,1.0,9,10.0,10,1
2011-07-14,91231,,11,3,5070.0,48268R10,KSW,K S W INC,KSW,221330.0,Q,A,R,50698,3,5070.0,,,,50.0,507.0,,,,,,,3.92,-0.005076,6367.0,1.0,4.02,24958.64,KSW,10.0,9.0,4.0,9.0,8.0,10,10.0,1.0,5.0,3.0,7.0,9.0,1.0,7.0,9.0,5.0,10.0,4.0,10.0,5.0,3.0,7.0,6.0,6.0,10.0,5.0,2.0,,,7.0,,,10.0,5.0,8.0,5.0,9.0,5.0,,4.0,6.0,5.0,8.0,5.0,10.0,6.0,8.0,,,8.0,1.0,9,10.0,10,1
2011-07-15,91231,,11,3,5070.0,48268R10,KSW,K S W INC,KSW,221330.0,Q,A,R,50698,3,5070.0,,,,50.0,507.0,,,,,,,3.88,-0.010204,6367.0,1.0,3.93,24703.96,KSW,10.0,9.0,4.0,9.0,8.0,10,10.0,1.0,5.0,3.0,7.0,9.0,1.0,7.0,9.0,5.0,10.0,4.0,10.0,5.0,3.0,7.0,6.0,6.0,10.0,5.0,2.0,,,7.0,,,10.0,5.0,8.0,5.0,9.0,5.0,,4.0,6.0,5.0,8.0,5.0,10.0,6.0,8.0,,,8.0,1.0,9,10.0,10,1
2011-07-18,91231,,11,3,5070.0,48268R10,KSW,K S W INC,KSW,221330.0,Q,A,R,50698,3,5070.0,,,,50.0,507.0,,,,,,,3.84,-0.010309,6367.0,1.0,3.86,24449.28,KSW,10.0,9.0,4.0,9.0,8.0,10,10.0,1.0,5.0,3.0,7.0,9.0,1.0,7.0,9.0,5.0,10.0,4.0,10.0,5.0,3.0,7.0,6.0,6.0,10.0,5.0,2.0,,,7.0,,,10.0,5.0,8.0,5.0,9.0,5.0,,4.0,6.0,5.0,8.0,5.0,10.0,6.0,8.0,,,8.0,1.0,9,10.0,10,1
2011-07-19,91231,,11,3,5070.0,48268R10,KSW,K S W INC,KSW,221330.0,Q,A,R,50698,3,5070.0,,,,50.0,507.0,,,,,,,3.87,0.007812,6367.0,1.0,3.87,24640.29,KSW,10.0,9.0,4.0,9.0,8.0,10,10.0,1.0,5.0,3.0,7.0,9.0,1.0,7.0,9.0,5.0,10.0,4.0,10.0,5.0,3.0,7.0,6.0,6.0,10.0,5.0,2.0,,,7.0,,,10.0,5.0,8.0,5.0,9.0,5.0,,4.0,6.0,5.0,8.0,5.0,10.0,6.0,8.0,,,8.0,1.0,9,10.0,10,1
2011-07-20,91231,,11,3,5070.0,48268R10,KSW,K S W INC,KSW,221330.0,Q,A,R,50698,3,5070.0,,,,50.0,507.0,,,,,,,3.95,0.020672,6367.0,1.0,3.89,25149.65,KSW,10.0,9.0,4.0,9.0,8.0,10,10.0,1.0,5.0,3.0,7.0,9.0,1.0,7.0,9.0,5.0,10.0,4.0,10.0,5.0,3.0,7.0,6.0,6.0,10.0,5.0,2.0,,,7.0,,,10.0,5.0,8.0,5.0,9.0,5.0,,4.0,6.0,5.0,8.0,5.0,10.0,6.0,8.0,,,8.0,1.0,9,10.0,10,1
2011-07-21,91231,,11,3,5070.0,48268R10,KSW,K S W INC,KSW,221330.0,Q,A,R,50698,3,5070.0,,,,50.0,507.0,,,,,,,3.98,0.007595,6367.0,1.0,4.0,25340.66,KSW,10.0,9.0,4.0,9.0,8.0,10,10.0,1.0,5.0,3.0,7.0,9.0,1.0,7.0,9.0,5.0,10.0,4.0,10.0,5.0,3.0,7.0,6.0,6.0,10.0,5.0,2.0,,,7.0,,,10.0,5.0,8.0,5.0,9.0,5.0,,4.0,6.0,5.0,8.0,5.0,10.0,6.0,8.0,,,8.0,1.0,9,10.0,10,1
2011-07-22,91231,,11,3,5070.0,48268R10,KSW,K S W INC,KSW,221330.0,Q,A,R,50698,3,5070.0,,,,50.0,507.0,,,,,,,3.91,-0.017588,6367.0,1.0,3.96,24894.97,KSW,10.0,9.0,4.0,9.0,8.0,10,10.0,1.0,5.0,3.0,7.0,9.0,1.0,7.0,9.0,5.0,10.0,4.0,10.0,5.0,3.0,7.0,6.0,6.0,10.0,5.0,2.0,,,7.0,,,10.0,5.0,8.0,5.0,9.0,5.0,,4.0,6.0,5.0,8.0,5.0,10.0,6.0,8.0,,,8.0,1.0,9,10.0,10,1
2011-07-25,91231,,11,3,5070.0,48268R10,KSW,K S W INC,KSW,221330.0,Q,A,R,50698,3,5070.0,,,,50.0,507.0,,,,,,,3.87,-0.01023,6367.0,1.0,3.75,24640.29,KSW,10.0,9.0,4.0,9.0,8.0,10,10.0,1.0,5.0,3.0,7.0,9.0,1.0,7.0,9.0,5.0,10.0,4.0,10.0,5.0,3.0,7.0,6.0,6.0,10.0,5.0,2.0,,,7.0,,,10.0,5.0,8.0,5.0,9.0,5.0,,4.0,6.0,5.0,8.0,5.0,10.0,6.0,8.0,,,8.0,1.0,9,10.0,10,1
2011-07-26,91231,,11,3,5070.0,48268R10,KSW,K S W INC,KSW,221330.0,Q,A,R,50698,3,5070.0,,,,50.0,507.0,,,,,,,3.89,0.005168,6367.0,1.0,3.87,24767.63,KSW,10.0,9.0,4.0,9.0,8.0,10,10.0,1.0,5.0,3.0,7.0,9.0,1.0,7.0,9.0,5.0,10.0,4.0,10.0,5.0,3.0,7.0,6.0,6.0,10.0,5.0,2.0,,,7.0,,,10.0,5.0,8.0,5.0,9.0,5.0,,4.0,6.0,5.0,8.0,5.0,10.0,6.0,8.0,,,8.0,1.0,9,10.0,10,1
2011-07-27,91231,,11,3,5070.0,48268R10,KSW,K S W INC,KSW,221330.0,Q,A,R,50698,3,5070.0,,,,50.0,507.0,,,,,,,3.83,-0.015424,6367.0,1.0,3.85,24385.61,KSW,10.0,9.0,4.0,9.0,8.0,10,10.0,1.0,5.0,3.0,7.0,9.0,1.0,7.0,9.0,5.0,10.0,4.0,10.0,5.0,3.0,7.0,6.0,6.0,10.0,5.0,2.0,,,7.0,,,10.0,5.0,8.0,5.0,9.0,5.0,,4.0,6.0,5.0,8.0,5.0,10.0,6.0,8.0,,,8.0,1.0,9,10.0,10,1
2011-07-28,91231,,11,3,5070.0,48268R10,KSW,K S W INC,KSW,221330.0,Q,A,R,50698,3,5070.0,,,,50.0,507.0,,,,,,,3.85,0.005222,6367.0,1.0,3.89,24512.95,KSW,10.0,9.0,4.0,9.0,8.0,10,10.0,1.0,5.0,3.0,7.0,9.0,1.0,7.0,9.0,5.0,10.0,4.0,10.0,5.0,3.0,7.0,6.0,6.0,10.0,5.0,2.0,,,7.0,,,10.0,5.0,8.0,5.0,9.0,5.0,,4.0,6.0,5.0,8.0,5.0,10.0,6.0,8.0,,,8.0,1.0,9,10.0,10,1
2011-07-29,91231,,11,3,5070.0,48268R10,KSW,K S W INC,KSW,221330.0,Q,A,R,50698,3,5070.0,,,,50.0,507.0,,,,,,,3.8501,2.6e-05,6367.0,1.0,3.78,24513.5867,KSW,10.0,9.0,4.0,9.0,8.0,10,10.0,1.0,5.0,3.0,7.0,9.0,1.0,7.0,9.0,5.0,10.0,4.0,10.0,5.0,3.0,7.0,6.0,6.0,10.0,5.0,2.0,,,7.0,,,10.0,5.0,8.0,5.0,9.0,5.0,,4.0,6.0,5.0,8.0,5.0,10.0,6.0,8.0,,,8.0,1.0,9,10.0,10,1
2011-08-01,91231,,11,3,5070.0,48268R10,KSW,K S W INC,KSW,221330.0,Q,A,R,50698,3,5070.0,,,,50.0,507.0,,,,,,,3.76,-0.023402,6367.0,1.0,3.91,23939.92,KSW,10.0,9.0,4.0,9.0,8.0,10,10.0,1.0,5.0,3.0,7.0,9.0,1.0,7.0,9.0,5.0,10.0,4.0,10.0,5.0,3.0,7.0,6.0,6.0,10.0,5.0,2.0,,,6.0,,,10.0,6.0,8.0,7.0,9.0,5.0,,4.0,5.0,4.0,4.0,6.0,10.0,3.0,4.0,3.0,4.0,3.0,1.0,9,10.0,10,1
2011-08-02,91231,,11,3,5070.0,48268R10,KSW,K S W INC,KSW,221330.0,Q,A,R,50698,3,5070.0,,,,50.0,507.0,,,,,,,3.7,-0.015957,6367.0,1.0,3.83,23557.9,KSW,10.0,9.0,4.0,9.0,8.0,10,10.0,1.0,5.0,3.0,7.0,9.0,1.0,7.0,9.0,5.0,10.0,4.0,10.0,5.0,3.0,7.0,6.0,6.0,10.0,5.0,2.0,,,6.0,,,10.0,6.0,8.0,7.0,9.0,5.0,,4.0,5.0,4.0,4.0,6.0,10.0,3.0,4.0,3.0,4.0,3.0,1.0,9,10.0,10,1
2011-08-03,91231,,11,3,5070.0,48268R10,KSW,K S W INC,KSW,221330.0,Q,A,R,50698,3,5070.0,,,,50.0,507.0,,,,,,,3.69,-0.002703,6367.0,1.0,3.7,23494.23,KSW,10.0,9.0,4.0,9.0,8.0,10,10.0,1.0,5.0,3.0,7.0,9.0,1.0,7.0,9.0,5.0,10.0,4.0,10.0,5.0,3.0,7.0,6.0,6.0,10.0,5.0,2.0,,,6.0,,,10.0,6.0,8.0,7.0,9.0,5.0,,4.0,5.0,4.0,4.0,6.0,10.0,3.0,4.0,3.0,4.0,3.0,1.0,9,10.0,10,1
2011-08-04,91231,,11,3,5070.0,48268R10,KSW,K S W INC,KSW,221330.0,Q,A,R,50698,3,5070.0,,,,50.0,507.0,,,,,,,3.62,-0.01897,6367.0,1.0,3.69,23048.54,KSW,10.0,9.0,4.0,9.0,8.0,10,10.0,1.0,5.0,3.0,7.0,9.0,1.0,7.0,9.0,5.0,10.0,4.0,10.0,5.0,3.0,7.0,6.0,6.0,10.0,5.0,2.0,,,6.0,,,10.0,6.0,8.0,7.0,9.0,5.0,,4.0,5.0,4.0,4.0,6.0,10.0,3.0,4.0,3.0,4.0,3.0,1.0,9,10.0,10,1
2011-08-05,91231,,11,3,5070.0,48268R10,KSW,K S W INC,KSW,221330.0,Q,A,R,50698,3,5070.0,,,,50.0,507.0,,,,,,,3.6,-0.005525,6367.0,1.0,3.64,22921.2,KSW,10.0,9.0,4.0,9.0,8.0,10,10.0,1.0,5.0,3.0,7.0,9.0,1.0,7.0,9.0,5.0,10.0,4.0,10.0,5.0,3.0,7.0,6.0,6.0,10.0,5.0,2.0,,,6.0,,,10.0,6.0,8.0,7.0,9.0,5.0,,4.0,5.0,4.0,4.0,6.0,10.0,3.0,4.0,3.0,4.0,3.0,1.0,9,10.0,10,1
2011-08-08,91231,,11,3,5070.0,48268R10,KSW,K S W INC,KSW,221330.0,Q,A,R,50698,3,5070.0,,,,50.0,507.0,,,,,,,3.31,-0.080556,6367.0,1.0,3.5,21074.77,KSW,10.0,9.0,4.0,9.0,8.0,10,10.0,1.0,5.0,3.0,7.0,9.0,1.0,7.0,9.0,5.0,10.0,4.0,10.0,5.0,3.0,7.0,6.0,6.0,10.0,5.0,2.0,,,6.0,,,10.0,6.0,8.0,7.0,9.0,5.0,,4.0,5.0,4.0,4.0,6.0,10.0,3.0,4.0,3.0,4.0,3.0,1.0,9,10.0,10,1
2011-08-09,91231,,11,3,5070.0,48268R10,KSW,K S W INC,KSW,221330.0,Q,A,R,50698,3,5070.0,,,,50.0,507.0,,,,,,,3.47,0.048338,6367.0,1.0,3.25,22093.49,KSW,10.0,9.0,4.0,9.0,8.0,10,10.0,1.0,5.0,3.0,7.0,9.0,1.0,7.0,9.0,5.0,10.0,4.0,10.0,5.0,3.0,7.0,6.0,6.0,10.0,5.0,2.0,,,6.0,,,10.0,6.0,8.0,7.0,9.0,5.0,,4.0,5.0,4.0,4.0,6.0,10.0,3.0,4.0,3.0,4.0,3.0,1.0,9,10.0,10,1
2011-08-10,91231,,11,3,5070.0,48268R10,KSW,K S W INC,KSW,221330.0,Q,A,R,50698,3,5070.0,,,,50.0,507.0,,,,,,,3.42,-0.014409,6367.0,1.0,3.45,21775.14,KSW,10.0,9.0,4.0,9.0,8.0,10,10.0,1.0,5.0,3.0,7.0,9.0,1.0,7.0,9.0,5.0,10.0,4.0,10.0,5.0,3.0,7.0,6.0,6.0,10.0,5.0,2.0,,,6.0,,,10.0,6.0,8.0,7.0,9.0,5.0,,4.0,5.0,4.0,4.0,6.0,10.0,3.0,4.0,3.0,4.0,3.0,1.0,9,10.0,10,1
2011-08-11,91231,,11,3,5070.0,48268R10,KSW,K S W INC,KSW,221330.0,Q,A,R,50698,3,5070.0,,,,50.0,507.0,,,,,,,3.39,-0.008772,6367.0,1.0,3.44,21584.13,KSW,10.0,9.0,4.0,9.0,8.0,10,10.0,1.0,5.0,3.0,7.0,9.0,1.0,7.0,9.0,5.0,10.0,4.0,10.0,5.0,3.0,7.0,6.0,6.0,10.0,5.0,2.0,,,6.0,,,10.0,6.0,8.0,7.0,9.0,5.0,,4.0,5.0,4.0,4.0,6.0,10.0,3.0,4.0,3.0,4.0,3.0,1.0,9,10.0,10,1
2011-08-12,91231,,11,3,5070.0,48268R10,KSW,K S W INC,KSW,221330.0,Q,A,R,50698,3,5070.0,,,,50.0,507.0,,,,,,,3.46,0.020649,6367.0,1.0,3.49,22029.82,KSW,10.0,9.0,4.0,9.0,8.0,10,10.0,1.0,5.0,3.0,7.0,9.0,1.0,7.0,9.0,5.0,10.0,4.0,10.0,5.0,3.0,7.0,6.0,6.0,10.0,5.0,2.0,,,6.0,,,10.0,6.0,8.0,7.0,9.0,5.0,,4.0,5.0,4.0,4.0,6.0,10.0,3.0,4.0,3.0,4.0,3.0,1.0,9,10.0,10,1
2011-08-15,91231,,11,3,5070.0,48268R10,KSW,K S W INC,KSW,221330.0,Q,A,R,50698,3,5070.0,,,,50.0,507.0,,,,,,,3.5,0.011561,6367.0,1.0,3.5799,22284.5,KSW,10.0,9.0,4.0,9.0,8.0,10,10.0,1.0,5.0,3.0,7.0,9.0,1.0,7.0,9.0,5.0,10.0,4.0,10.0,5.0,3.0,7.0,6.0,6.0,10.0,5.0,2.0,,,6.0,,,10.0,6.0,8.0,7.0,9.0,5.0,,4.0,5.0,4.0,4.0,6.0,10.0,3.0,4.0,3.0,4.0,3.0,1.0,9,10.0,10,1
2011-08-16,91231,,11,3,5070.0,48268R10,KSW,K S W INC,KSW,221330.0,Q,A,R,50698,3,5070.0,,,,50.0,507.0,,,,,,,3.45,-0.014286,6367.0,1.0,3.5,21966.15,KSW,10.0,9.0,4.0,9.0,8.0,10,10.0,1.0,5.0,3.0,7.0,9.0,1.0,7.0,9.0,5.0,10.0,4.0,10.0,5.0,3.0,7.0,6.0,6.0,10.0,5.0,2.0,,,6.0,,,10.0,6.0,8.0,7.0,9.0,5.0,,4.0,5.0,4.0,4.0,6.0,10.0,3.0,4.0,3.0,4.0,3.0,1.0,9,10.0,10,1
2011-08-17,91231,,11,3,5070.0,48268R10,KSW,K S W INC,KSW,221330.0,Q,A,R,50698,3,5070.0,,,,50.0,507.0,,,,,,,3.46,0.002899,6367.0,1.0,3.405,22029.82,KSW,10.0,9.0,4.0,9.0,8.0,10,10.0,1.0,5.0,3.0,7.0,9.0,1.0,7.0,9.0,5.0,10.0,4.0,10.0,5.0,3.0,7.0,6.0,6.0,10.0,5.0,2.0,,,6.0,,,10.0,6.0,8.0,7.0,9.0,5.0,,4.0,5.0,4.0,4.0,6.0,10.0,3.0,4.0,3.0,4.0,3.0,1.0,9,10.0,10,1
2011-08-18,91231,,11,3,5070.0,48268R10,KSW,K S W INC,KSW,221330.0,Q,A,R,50698,3,5070.0,,,,50.0,507.0,,,,,,,3.56,0.028902,6367.0,1.0,3.45,22666.52,KSW,10.0,9.0,4.0,9.0,8.0,10,10.0,1.0,5.0,3.0,7.0,9.0,1.0,7.0,9.0,5.0,10.0,4.0,10.0,5.0,3.0,7.0,6.0,6.0,10.0,5.0,2.0,,,6.0,,,10.0,6.0,8.0,7.0,9.0,5.0,,4.0,5.0,4.0,4.0,6.0,10.0,3.0,4.0,3.0,4.0,3.0,1.0,9,10.0,10,1
2011-08-19,91231,,11,3,5070.0,48268R10,KSW,K S W INC,KSW,221330.0,Q,A,R,50698,3,5070.0,,,,50.0,507.0,1252.0,0.15,0.0,,,,3.23,-0.050562,6367.0,1.0,3.36,20565.41,KSW,10.0,9.0,4.0,9.0,8.0,10,10.0,1.0,5.0,3.0,7.0,9.0,1.0,7.0,9.0,5.0,10.0,4.0,10.0,5.0,3.0,7.0,6.0,6.0,10.0,5.0,2.0,,,6.0,,,10.0,6.0,8.0,7.0,9.0,5.0,,4.0,5.0,4.0,4.0,6.0,10.0,3.0,4.0,3.0,4.0,3.0,1.0,9,10.0,10,1
2011-08-22,91231,,11,3,5070.0,48268R10,KSW,K S W INC,KSW,221330.0,Q,A,R,50698,3,5070.0,,,,50.0,507.0,,,,,,,3.23,0.0,6367.0,1.0,3.21,20565.41,KSW,10.0,9.0,4.0,9.0,8.0,10,10.0,1.0,5.0,3.0,7.0,9.0,1.0,7.0,9.0,5.0,10.0,4.0,10.0,5.0,3.0,7.0,6.0,6.0,10.0,5.0,2.0,,,6.0,,,10.0,6.0,8.0,7.0,9.0,5.0,,4.0,5.0,4.0,4.0,6.0,10.0,3.0,4.0,3.0,4.0,3.0,1.0,9,10.0,10,1
2011-08-23,91231,,11,3,5070.0,48268R10,KSW,K S W INC,KSW,221330.0,Q,A,R,50698,3,5070.0,,,,50.0,507.0,,,,,,,3.33,0.03096,6367.0,1.0,3.18,21202.11,KSW,10.0,9.0,4.0,9.0,8.0,10,10.0,1.0,5.0,3.0,7.0,9.0,1.0,7.0,9.0,5.0,10.0,4.0,10.0,5.0,3.0,7.0,6.0,6.0,10.0,5.0,2.0,,,6.0,,,10.0,6.0,8.0,7.0,9.0,5.0,,4.0,5.0,4.0,4.0,6.0,10.0,3.0,4.0,3.0,4.0,3.0,1.0,9,10.0,10,1
2011-08-24,91231,,11,3,5070.0,48268R10,KSW,K S W INC,KSW,221330.0,Q,A,R,50698,3,5070.0,,,,50.0,507.0,,,,,,,3.35,0.006006,6367.0,1.0,3.35,21329.45,KSW,10.0,9.0,4.0,9.0,8.0,10,10.0,1.0,5.0,3.0,7.0,9.0,1.0,7.0,9.0,5.0,10.0,4.0,10.0,5.0,3.0,7.0,6.0,6.0,10.0,5.0,2.0,,,6.0,,,10.0,6.0,8.0,7.0,9.0,5.0,,4.0,5.0,4.0,4.0,6.0,10.0,3.0,4.0,3.0,4.0,3.0,1.0,9,10.0,10,1
2011-08-25,91231,,11,3,5070.0,48268R10,KSW,K S W INC,KSW,221330.0,Q,A,R,50698,3,5070.0,,,,50.0,507.0,,,,,,,3.25,-0.029851,6367.0,1.0,3.04,20692.75,KSW,10.0,9.0,4.0,9.0,8.0,10,10.0,1.0,5.0,3.0,7.0,9.0,1.0,7.0,9.0,5.0,10.0,4.0,10.0,5.0,3.0,7.0,6.0,6.0,10.0,5.0,2.0,,,6.0,,,10.0,6.0,8.0,7.0,9.0,5.0,,4.0,5.0,4.0,4.0,6.0,10.0,3.0,4.0,3.0,4.0,3.0,1.0,9,10.0,10,1
2011-08-26,91231,,11,3,5070.0,48268R10,KSW,K S W INC,KSW,221330.0,Q,A,R,50698,3,5070.0,,,,50.0,507.0,,,,,,,3.2628,0.003938,6367.0,1.0,3.25,20774.2476,KSW,10.0,9.0,4.0,9.0,8.0,10,10.0,1.0,5.0,3.0,7.0,9.0,1.0,7.0,9.0,5.0,10.0,4.0,10.0,5.0,3.0,7.0,6.0,6.0,10.0,5.0,2.0,,,6.0,,,10.0,6.0,8.0,7.0,9.0,5.0,,4.0,5.0,4.0,4.0,6.0,10.0,3.0,4.0,3.0,4.0,3.0,1.0,9,10.0,10,1
2011-08-29,91231,,11,3,5070.0,48268R10,KSW,K S W INC,KSW,221330.0,Q,A,R,50698,3,5070.0,,,,50.0,507.0,,,,,,,3.27,0.002207,6367.0,1.0,3.33,20820.09,KSW,10.0,9.0,4.0,9.0,8.0,10,10.0,1.0,5.0,3.0,7.0,9.0,1.0,7.0,9.0,5.0,10.0,4.0,10.0,5.0,3.0,7.0,6.0,6.0,10.0,5.0,2.0,,,6.0,,,10.0,6.0,8.0,7.0,9.0,5.0,,4.0,5.0,4.0,4.0,6.0,10.0,3.0,4.0,3.0,4.0,3.0,1.0,9,10.0,10,1
2011-08-30,91231,,11,3,5070.0,48268R10,KSW,K S W INC,KSW,221330.0,Q,A,R,50698,3,5070.0,,,,50.0,507.0,,,,,,,3.37,0.030581,6367.0,1.0,3.29,21456.79,KSW,10.0,9.0,4.0,9.0,8.0,10,10.0,1.0,5.0,3.0,7.0,9.0,1.0,7.0,9.0,5.0,10.0,4.0,10.0,5.0,3.0,7.0,6.0,6.0,10.0,5.0,2.0,,,6.0,,,10.0,6.0,8.0,7.0,9.0,5.0,,4.0,5.0,4.0,4.0,6.0,10.0,3.0,4.0,3.0,4.0,3.0,1.0,9,10.0,10,1
2011-08-31,91231,,11,3,5070.0,48268R10,KSW,K S W INC,KSW,221330.0,Q,A,R,50698,3,5070.0,,,,50.0,507.0,,,,,,,3.35,-0.005935,6367.0,1.0,3.42,21329.45,KSW,10.0,9.0,4.0,9.0,8.0,10,10.0,1.0,5.0,3.0,7.0,9.0,1.0,7.0,9.0,5.0,10.0,4.0,10.0,5.0,3.0,7.0,6.0,6.0,10.0,5.0,2.0,,,6.0,,,10.0,6.0,8.0,7.0,9.0,5.0,,4.0,5.0,4.0,4.0,6.0,10.0,3.0,4.0,3.0,4.0,3.0,1.0,9,10.0,10,1
2011-09-01,91231,,11,3,5070.0,48268R10,KSW,K S W INC,KSW,221330.0,Q,A,R,50698,3,5070.0,,,,50.0,507.0,,,,,,,3.2868,-0.018866,6367.0,1.0,3.3135,20927.0556,KSW,10.0,9.0,4.0,9.0,8.0,10,10.0,1.0,5.0,3.0,7.0,9.0,1.0,7.0,9.0,5.0,10.0,4.0,10.0,5.0,3.0,7.0,6.0,6.0,10.0,5.0,2.0,,,7.0,,,10.0,6.0,9.0,6.0,9.0,6.0,,4.0,6.0,5.0,6.0,5.0,10.0,8.0,7.0,,,8.0,1.0,9,10.0,10,1
2011-09-02,91231,,11,3,5070.0,48268R10,KSW,K S W INC,KSW,221330.0,Q,A,R,50698,3,5070.0,,,,50.0,507.0,,,,,,,3.38,0.028356,6367.0,1.0,3.28,21520.46,KSW,10.0,9.0,4.0,9.0,8.0,10,10.0,1.0,5.0,3.0,7.0,9.0,1.0,7.0,9.0,5.0,10.0,4.0,10.0,5.0,3.0,7.0,6.0,6.0,10.0,5.0,2.0,,,7.0,,,10.0,6.0,9.0,6.0,9.0,6.0,,4.0,6.0,5.0,6.0,5.0,10.0,8.0,7.0,,,8.0,1.0,9,10.0,10,1
2011-09-06,91231,,11,3,5070.0,48268R10,KSW,K S W INC,KSW,221330.0,Q,A,R,50698,3,5070.0,,,,50.0,507.0,,,,,,,3.35,-0.008876,6367.0,1.0,3.3,21329.45,KSW,10.0,9.0,4.0,9.0,8.0,10,10.0,1.0,5.0,3.0,7.0,9.0,1.0,7.0,9.0,5.0,10.0,4.0,10.0,5.0,3.0,7.0,6.0,6.0,10.0,5.0,2.0,,,7.0,,,10.0,6.0,9.0,6.0,9.0,6.0,,4.0,6.0,5.0,6.0,5.0,10.0,8.0,7.0,,,8.0,1.0,9,10.0,10,1
2011-09-07,91231,,11,3,5070.0,48268R10,KSW,K S W INC,KSW,221330.0,Q,A,R,50698,3,5070.0,,,,50.0,507.0,,,,,,,3.35,0.0,6367.0,1.0,3.326,21329.45,KSW,10.0,9.0,4.0,9.0,8.0,10,10.0,1.0,5.0,3.0,7.0,9.0,1.0,7.0,9.0,5.0,10.0,4.0,10.0,5.0,3.0,7.0,6.0,6.0,10.0,5.0,2.0,,,7.0,,,10.0,6.0,9.0,6.0,9.0,6.0,,4.0,6.0,5.0,6.0,5.0,10.0,8.0,7.0,,,8.0,1.0,9,10.0,10,1
2011-09-08,91231,,11,3,5070.0,48268R10,KSW,K S W INC,KSW,221330.0,Q,A,R,50698,3,5070.0,,,,50.0,507.0,,,,,,,3.31,-0.01194,6367.0,1.0,3.3501,21074.77,KSW,10.0,9.0,4.0,9.0,8.0,10,10.0,1.0,5.0,3.0,7.0,9.0,1.0,7.0,9.0,5.0,10.0,4.0,10.0,5.0,3.0,7.0,6.0,6.0,10.0,5.0,2.0,,,7.0,,,10.0,6.0,9.0,6.0,9.0,6.0,,4.0,6.0,5.0,6.0,5.0,10.0,8.0,7.0,,,8.0,1.0,9,10.0,10,1
2011-09-09,91231,,11,3,5070.0,48268R10,KSW,K S W INC,KSW,221330.0,Q,A,R,50698,3,5070.0,,,,50.0,507.0,,,,,,,3.38,0.021148,6367.0,1.0,3.31,21520.46,KSW,10.0,9.0,4.0,9.0,8.0,10,10.0,1.0,5.0,3.0,7.0,9.0,1.0,7.0,9.0,5.0,10.0,4.0,10.0,5.0,3.0,7.0,6.0,6.0,10.0,5.0,2.0,,,7.0,,,10.0,6.0,9.0,6.0,9.0,6.0,,4.0,6.0,5.0,6.0,5.0,10.0,8.0,7.0,,,8.0,1.0,9,10.0,10,1
2011-09-12,91231,,11,3,5070.0,48268R10,KSW,K S W INC,KSW,221330.0,Q,A,R,50698,3,5070.0,,,,50.0,507.0,,,,,,,3.38,0.0,6367.0,1.0,3.38,21520.46,KSW,10.0,9.0,4.0,9.0,8.0,10,10.0,1.0,5.0,3.0,7.0,9.0,1.0,7.0,9.0,5.0,10.0,4.0,10.0,5.0,3.0,7.0,6.0,6.0,10.0,5.0,2.0,,,7.0,,,10.0,6.0,9.0,6.0,9.0,6.0,,4.0,6.0,5.0,6.0,5.0,10.0,8.0,7.0,,,8.0,1.0,9,10.0,10,1
2011-09-13,91231,,11,3,5070.0,48268R10,KSW,K S W INC,KSW,221330.0,Q,A,R,50698,3,5070.0,,,,50.0,507.0,,,,,,,3.4,0.005917,6367.0,1.0,3.38,21647.8,KSW,10.0,9.0,4.0,9.0,8.0,10,10.0,1.0,5.0,3.0,7.0,9.0,1.0,7.0,9.0,5.0,10.0,4.0,10.0,5.0,3.0,7.0,6.0,6.0,10.0,5.0,2.0,,,7.0,,,10.0,6.0,9.0,6.0,9.0,6.0,,4.0,6.0,5.0,6.0,5.0,10.0,8.0,7.0,,,8.0,1.0,9,10.0,10,1
2011-09-14,91231,,11,3,5070.0,48268R10,KSW,K S W INC,KSW,221330.0,Q,A,R,50698,3,5070.0,,,,50.0,507.0,,,,,,,3.43,0.008824,6367.0,1.0,3.4,21838.81,KSW,10.0,9.0,4.0,9.0,8.0,10,10.0,1.0,5.0,3.0,7.0,9.0,1.0,7.0,9.0,5.0,10.0,4.0,10.0,5.0,3.0,7.0,6.0,6.0,10.0,5.0,2.0,,,7.0,,,10.0,6.0,9.0,6.0,9.0,6.0,,4.0,6.0,5.0,6.0,5.0,10.0,8.0,7.0,,,8.0,1.0,9,10.0,10,1
2011-09-15,91231,,11,3,5070.0,48268R10,KSW,K S W INC,KSW,221330.0,Q,A,R,50698,3,5070.0,,,,50.0,507.0,,,,,,,3.43,0.0,6367.0,1.0,3.5,21838.81,KSW,10.0,9.0,4.0,9.0,8.0,10,10.0,1.0,5.0,3.0,7.0,9.0,1.0,7.0,9.0,5.0,10.0,4.0,10.0,5.0,3.0,7.0,6.0,6.0,10.0,5.0,2.0,,,7.0,,,10.0,6.0,9.0,6.0,9.0,6.0,,4.0,6.0,5.0,6.0,5.0,10.0,8.0,7.0,,,8.0,1.0,9,10.0,10,1
2011-09-16,91231,,11,3,5070.0,48268R10,KSW,K S W INC,KSW,221330.0,Q,A,R,50698,3,5070.0,,,,50.0,507.0,,,,,,,3.5,0.020408,6367.0,1.0,3.48,22284.5,KSW,10.0,9.0,4.0,9.0,8.0,10,10.0,1.0,5.0,3.0,7.0,9.0,1.0,7.0,9.0,5.0,10.0,4.0,10.0,5.0,3.0,7.0,6.0,6.0,10.0,5.0,2.0,,,7.0,,,10.0,6.0,9.0,6.0,9.0,6.0,,4.0,6.0,5.0,6.0,5.0,10.0,8.0,7.0,,,8.0,1.0,9,10.0,10,1
2011-09-19,91231,,11,3,5070.0,48268R10,KSW,K S W INC,KSW,221330.0,Q,A,R,50698,3,5070.0,,,,50.0,507.0,,,,,,,3.46,-0.011429,6367.0,1.0,3.46,22029.82,KSW,10.0,9.0,4.0,9.0,8.0,10,10.0,1.0,5.0,3.0,7.0,9.0,1.0,7.0,9.0,5.0,10.0,4.0,10.0,5.0,3.0,7.0,6.0,6.0,10.0,5.0,2.0,,,7.0,,,10.0,6.0,9.0,6.0,9.0,6.0,,4.0,6.0,5.0,6.0,5.0,10.0,8.0,7.0,,,8.0,1.0,9,10.0,10,1
2011-09-20,91231,,11,3,5070.0,48268R10,KSW,K S W INC,KSW,221330.0,Q,A,R,50698,3,5070.0,,,,50.0,507.0,,,,,,,-3.395,-0.018786,6367.0,1.0,,-21615.965,KSW,10.0,9.0,4.0,9.0,8.0,10,10.0,1.0,5.0,3.0,7.0,9.0,1.0,7.0,9.0,5.0,10.0,4.0,10.0,5.0,3.0,7.0,6.0,6.0,10.0,5.0,2.0,,,7.0,,,10.0,6.0,9.0,6.0,9.0,6.0,,4.0,6.0,5.0,6.0,5.0,10.0,8.0,7.0,,,8.0,1.0,9,10.0,10,1
2011-09-21,91231,,11,3,5070.0,48268R10,KSW,K S W INC,KSW,221330.0,Q,A,R,50698,3,5070.0,,,,50.0,507.0,,,,,,,-3.44,0.013255,6367.0,1.0,,-21902.48,KSW,10.0,9.0,4.0,9.0,8.0,10,10.0,1.0,5.0,3.0,7.0,9.0,1.0,7.0,9.0,5.0,10.0,4.0,10.0,5.0,3.0,7.0,6.0,6.0,10.0,5.0,2.0,,,7.0,,,10.0,6.0,9.0,6.0,9.0,6.0,,4.0,6.0,5.0,6.0,5.0,10.0,8.0,7.0,,,8.0,1.0,9,10.0,10,1
2011-09-22,91231,,11,3,5070.0,48268R10,KSW,K S W INC,KSW,221330.0,Q,A,R,50698,3,5070.0,,,,50.0,507.0,,,,,,,3.3,-0.040698,6367.0,1.0,3.46,21011.1,KSW,10.0,9.0,4.0,9.0,8.0,10,10.0,1.0,5.0,3.0,7.0,9.0,1.0,7.0,9.0,5.0,10.0,4.0,10.0,5.0,3.0,7.0,6.0,6.0,10.0,5.0,2.0,,,7.0,,,10.0,6.0,9.0,6.0,9.0,6.0,,4.0,6.0,5.0,6.0,5.0,10.0,8.0,7.0,,,8.0,1.0,9,10.0,10,1
2011-09-23,91231,,11,3,5070.0,48268R10,KSW,K S W INC,KSW,221330.0,Q,A,R,50698,3,5070.0,,,,50.0,507.0,,,,,,,3.31,0.00303,6367.0,1.0,3.3,21074.77,KSW,10.0,9.0,4.0,9.0,8.0,10,10.0,1.0,5.0,3.0,7.0,9.0,1.0,7.0,9.0,5.0,10.0,4.0,10.0,5.0,3.0,7.0,6.0,6.0,10.0,5.0,2.0,,,7.0,,,10.0,6.0,9.0,6.0,9.0,6.0,,4.0,6.0,5.0,6.0,5.0,10.0,8.0,7.0,,,8.0,1.0,9,10.0,10,1
2011-09-26,91231,,11,3,5070.0,48268R10,KSW,K S W INC,KSW,221330.0,Q,A,R,50698,3,5070.0,,,,50.0,507.0,,,,,,,3.25,-0.018127,6367.0,1.0,3.41,20692.75,KSW,10.0,9.0,4.0,9.0,8.0,10,10.0,1.0,5.0,3.0,7.0,9.0,1.0,7.0,9.0,5.0,10.0,4.0,10.0,5.0,3.0,7.0,6.0,6.0,10.0,5.0,2.0,,,7.0,,,10.0,6.0,9.0,6.0,9.0,6.0,,4.0,6.0,5.0,6.0,5.0,10.0,8.0,7.0,,,8.0,1.0,9,10.0,10,1
2011-09-27,91231,,11,3,5070.0,48268R10,KSW,K S W INC,KSW,221330.0,Q,A,R,50698,3,5070.0,,,,50.0,507.0,,,,,,,3.35,0.030769,6367.0,1.0,3.28,21329.45,KSW,10.0,9.0,4.0,9.0,8.0,10,10.0,1.0,5.0,3.0,7.0,9.0,1.0,7.0,9.0,5.0,10.0,4.0,10.0,5.0,3.0,7.0,6.0,6.0,10.0,5.0,2.0,,,7.0,,,10.0,6.0,9.0,6.0,9.0,6.0,,4.0,6.0,5.0,6.0,5.0,10.0,8.0,7.0,,,8.0,1.0,9,10.0,10,1
2011-09-28,91231,,11,3,5070.0,48268R10,KSW,K S W INC,KSW,221330.0,Q,A,R,50698,3,5070.0,,,,50.0,507.0,,,,,,,3.15,-0.059701,6367.0,1.0,3.35,20056.05,KSW,10.0,9.0,4.0,9.0,8.0,10,10.0,1.0,5.0,3.0,7.0,9.0,1.0,7.0,9.0,5.0,10.0,4.0,10.0,5.0,3.0,7.0,6.0,6.0,10.0,5.0,2.0,,,7.0,,,10.0,6.0,9.0,6.0,9.0,6.0,,4.0,6.0,5.0,6.0,5.0,10.0,8.0,7.0,,,8.0,1.0,9,10.0,10,1
2011-09-29,91231,,11,3,5070.0,48268R10,KSW,K S W INC,KSW,221330.0,Q,A,R,50698,3,5070.0,,,,50.0,507.0,,,,,,,3.22,0.022222,6367.0,1.0,3.22,20501.74,KSW,10.0,9.0,4.0,9.0,8.0,10,10.0,1.0,5.0,3.0,7.0,9.0,1.0,7.0,9.0,5.0,10.0,4.0,10.0,5.0,3.0,7.0,6.0,6.0,10.0,5.0,2.0,,,7.0,,,10.0,6.0,9.0,6.0,9.0,6.0,,4.0,6.0,5.0,6.0,5.0,10.0,8.0,7.0,,,8.0,1.0,9,10.0,10,1
2011-09-30,91231,,11,3,5070.0,48268R10,KSW,K S W INC,KSW,221330.0,Q,A,R,50698,3,5070.0,,,,50.0,507.0,,,,,,,3.18,-0.012422,6367.0,1.0,3.2,20247.06,KSW,10.0,9.0,4.0,9.0,8.0,10,10.0,1.0,5.0,3.0,7.0,9.0,1.0,7.0,9.0,5.0,10.0,4.0,10.0,5.0,3.0,7.0,6.0,6.0,10.0,5.0,2.0,,,7.0,,,10.0,6.0,9.0,6.0,9.0,6.0,,4.0,6.0,5.0,6.0,5.0,10.0,8.0,7.0,,,8.0,1.0,9,10.0,10,1
2011-10-03,91231,,11,3,5070.0,48268R10,KSW,K S W INC,KSW,221330.0,Q,A,R,50698,3,5070.0,,,,50.0,507.0,,,,,,,2.96,-0.069182,6367.0,1.0,3.25,18846.32,KSW,10.0,9.0,4.0,9.0,8.0,10,10.0,1.0,5.0,3.0,7.0,9.0,1.0,7.0,9.0,5.0,10.0,4.0,10.0,5.0,3.0,7.0,6.0,6.0,10.0,5.0,2.0,,,7.0,,,10.0,7.0,8.0,7.0,8.0,6.0,,4.0,6.0,5.0,3.0,5.0,10.0,10.0,3.0,,,10.0,1.0,9,10.0,10,1
2011-10-04,91231,,11,3,5070.0,48268R10,KSW,K S W INC,KSW,221330.0,Q,A,R,50698,3,5070.0,,,,50.0,507.0,,,,,,,3.04,0.027027,6367.0,1.0,3.17,19355.68,KSW,10.0,9.0,4.0,9.0,8.0,10,10.0,1.0,5.0,3.0,7.0,9.0,1.0,7.0,9.0,5.0,10.0,4.0,10.0,5.0,3.0,7.0,6.0,6.0,10.0,5.0,2.0,,,7.0,,,10.0,7.0,8.0,7.0,8.0,6.0,,4.0,6.0,5.0,3.0,5.0,10.0,10.0,3.0,,,10.0,1.0,9,10.0,10,1
2011-10-05,91231,,11,3,5070.0,48268R10,KSW,K S W INC,KSW,221330.0,Q,A,R,50698,3,5070.0,,,,50.0,507.0,,,,,,,3.04,0.0,6367.0,1.0,3.04,19355.68,KSW,10.0,9.0,4.0,9.0,8.0,10,10.0,1.0,5.0,3.0,7.0,9.0,1.0,7.0,9.0,5.0,10.0,4.0,10.0,5.0,3.0,7.0,6.0,6.0,10.0,5.0,2.0,,,7.0,,,10.0,7.0,8.0,7.0,8.0,6.0,,4.0,6.0,5.0,3.0,5.0,10.0,10.0,3.0,,,10.0,1.0,9,10.0,10,1
2011-10-06,91231,,11,3,5070.0,48268R10,KSW,K S W INC,KSW,221330.0,Q,A,R,50698,3,5070.0,,,,50.0,507.0,,,,,,,3.16,0.039474,6367.0,1.0,3.05,20119.72,KSW,10.0,9.0,4.0,9.0,8.0,10,10.0,1.0,5.0,3.0,7.0,9.0,1.0,7.0,9.0,5.0,10.0,4.0,10.0,5.0,3.0,7.0,6.0,6.0,10.0,5.0,2.0,,,7.0,,,10.0,7.0,8.0,7.0,8.0,6.0,,4.0,6.0,5.0,3.0,5.0,10.0,10.0,3.0,,,10.0,1.0,9,10.0,10,1
2011-10-07,91231,,11,3,5070.0,48268R10,KSW,K S W INC,KSW,221330.0,Q,A,R,50698,3,5070.0,,,,50.0,507.0,,,,,,,3.1592,-0.000253,6367.0,1.0,3.05,20114.6264,KSW,10.0,9.0,4.0,9.0,8.0,10,10.0,1.0,5.0,3.0,7.0,9.0,1.0,7.0,9.0,5.0,10.0,4.0,10.0,5.0,3.0,7.0,6.0,6.0,10.0,5.0,2.0,,,7.0,,,10.0,7.0,8.0,7.0,8.0,6.0,,4.0,6.0,5.0,3.0,5.0,10.0,10.0,3.0,,,10.0,1.0,9,10.0,10,1
2011-10-10,91231,,11,3,5070.0,48268R10,KSW,K S W INC,KSW,221330.0,Q,A,R,50698,3,5070.0,,,,50.0,507.0,,,,,,,3.12,-0.012408,6367.0,1.0,3.16,19865.04,KSW,10.0,9.0,4.0,9.0,8.0,10,10.0,1.0,5.0,3.0,7.0,9.0,1.0,7.0,9.0,5.0,10.0,4.0,10.0,5.0,3.0,7.0,6.0,6.0,10.0,5.0,2.0,,,7.0,,,10.0,7.0,8.0,7.0,8.0,6.0,,4.0,6.0,5.0,3.0,5.0,10.0,10.0,3.0,,,10.0,1.0,9,10.0,10,1
2011-10-11,91231,,11,3,5070.0,48268R10,KSW,K S W INC,KSW,221330.0,Q,A,R,50698,3,5070.0,,,,50.0,507.0,,,,,,,3.17,0.016026,6367.0,1.0,3.12,20183.39,KSW,10.0,9.0,4.0,9.0,8.0,10,10.0,1.0,5.0,3.0,7.0,9.0,1.0,7.0,9.0,5.0,10.0,4.0,10.0,5.0,3.0,7.0,6.0,6.0,10.0,5.0,2.0,,,7.0,,,10.0,7.0,8.0,7.0,8.0,6.0,,4.0,6.0,5.0,3.0,5.0,10.0,10.0,3.0,,,10.0,1.0,9,10.0,10,1
2011-10-12,91231,,11,3,5070.0,48268R10,KSW,K S W INC,KSW,221330.0,Q,A,R,50698,3,5070.0,,,,50.0,507.0,,,,,,,3.17,0.0,6367.0,1.0,3.2,20183.39,KSW,10.0,9.0,4.0,9.0,8.0,10,10.0,1.0,5.0,3.0,7.0,9.0,1.0,7.0,9.0,5.0,10.0,4.0,10.0,5.0,3.0,7.0,6.0,6.0,10.0,5.0,2.0,,,7.0,,,10.0,7.0,8.0,7.0,8.0,6.0,,4.0,6.0,5.0,3.0,5.0,10.0,10.0,3.0,,,10.0,1.0,9,10.0,10,1
2011-10-13,91231,,11,3,5070.0,48268R10,KSW,K S W INC,KSW,221330.0,Q,A,R,50698,3,5070.0,,,,50.0,507.0,,,,,,,3.16,-0.003155,6367.0,1.0,3.1101,20119.72,KSW,10.0,9.0,4.0,9.0,8.0,10,10.0,1.0,5.0,3.0,7.0,9.0,1.0,7.0,9.0,5.0,10.0,4.0,10.0,5.0,3.0,7.0,6.0,6.0,10.0,5.0,2.0,,,7.0,,,10.0,7.0,8.0,7.0,8.0,6.0,,4.0,6.0,5.0,3.0,5.0,10.0,10.0,3.0,,,10.0,1.0,9,10.0,10,1
2011-10-14,91231,,11,3,5070.0,48268R10,KSW,K S W INC,KSW,221330.0,Q,A,R,50698,3,5070.0,,,,50.0,507.0,,,,,,,3.2,0.012658,6367.0,1.0,3.2,20374.4,KSW,10.0,9.0,4.0,9.0,8.0,10,10.0,1.0,5.0,3.0,7.0,9.0,1.0,7.0,9.0,5.0,10.0,4.0,10.0,5.0,3.0,7.0,6.0,6.0,10.0,5.0,2.0,,,7.0,,,10.0,7.0,8.0,7.0,8.0,6.0,,4.0,6.0,5.0,3.0,5.0,10.0,10.0,3.0,,,10.0,1.0,9,10.0,10,1
2011-10-17,91231,,11,3,5070.0,48268R10,KSW,K S W INC,KSW,221330.0,Q,A,R,50698,3,5070.0,,,,50.0,507.0,,,,,,,3.22,0.00625,6367.0,1.0,3.22,20501.74,KSW,10.0,9.0,4.0,9.0,8.0,10,10.0,1.0,5.0,3.0,7.0,9.0,1.0,7.0,9.0,5.0,10.0,4.0,10.0,5.0,3.0,7.0,6.0,6.0,10.0,5.0,2.0,,,7.0,,,10.0,7.0,8.0,7.0,8.0,6.0,,4.0,6.0,5.0,3.0,5.0,10.0,10.0,3.0,,,10.0,1.0,9,10.0,10,1
2011-10-18,91231,,11,3,5070.0,48268R10,KSW,K S W INC,KSW,221330.0,Q,A,R,50698,3,5070.0,,,,50.0,507.0,,,,,,,3.11,-0.034162,6367.0,1.0,3.2,19801.37,KSW,10.0,9.0,4.0,9.0,8.0,10,10.0,1.0,5.0,3.0,7.0,9.0,1.0,7.0,9.0,5.0,10.0,4.0,10.0,5.0,3.0,7.0,6.0,6.0,10.0,5.0,2.0,,,7.0,,,10.0,7.0,8.0,7.0,8.0,6.0,,4.0,6.0,5.0,3.0,5.0,10.0,10.0,3.0,,,10.0,1.0,9,10.0,10,1
2011-10-19,91231,,11,3,5070.0,48268R10,KSW,K S W INC,KSW,221330.0,Q,A,R,50698,3,5070.0,,,,50.0,507.0,,,,,,,3.1688,0.018907,6367.0,1.0,3.14,20175.7496,KSW,10.0,9.0,4.0,9.0,8.0,10,10.0,1.0,5.0,3.0,7.0,9.0,1.0,7.0,9.0,5.0,10.0,4.0,10.0,5.0,3.0,7.0,6.0,6.0,10.0,5.0,2.0,,,7.0,,,10.0,7.0,8.0,7.0,8.0,6.0,,4.0,6.0,5.0,3.0,5.0,10.0,10.0,3.0,,,10.0,1.0,9,10.0,10,1
2011-10-20,91231,,11,3,5070.0,48268R10,KSW,K S W INC,KSW,221330.0,Q,A,R,50698,3,5070.0,,,,50.0,507.0,,,,,,,3.1499,-0.005964,6367.0,1.0,3.15,20055.4133,KSW,10.0,9.0,4.0,9.0,8.0,10,10.0,1.0,5.0,3.0,7.0,9.0,1.0,7.0,9.0,5.0,10.0,4.0,10.0,5.0,3.0,7.0,6.0,6.0,10.0,5.0,2.0,,,7.0,,,10.0,7.0,8.0,7.0,8.0,6.0,,4.0,6.0,5.0,3.0,5.0,10.0,10.0,3.0,,,10.0,1.0,9,10.0,10,1
2011-10-21,91231,,11,3,5070.0,48268R10,KSW,K S W INC,KSW,221330.0,Q,A,R,50698,3,5070.0,,,,50.0,507.0,,,,,,,2.96,-0.060288,6367.0,1.0,3.16,18846.32,KSW,10.0,9.0,4.0,9.0,8.0,10,10.0,1.0,5.0,3.0,7.0,9.0,1.0,7.0,9.0,5.0,10.0,4.0,10.0,5.0,3.0,7.0,6.0,6.0,10.0,5.0,2.0,,,7.0,,,10.0,7.0,8.0,7.0,8.0,6.0,,4.0,6.0,5.0,3.0,5.0,10.0,10.0,3.0,,,10.0,1.0,9,10.0,10,1
2011-10-24,91231,,11,3,5070.0,48268R10,KSW,K S W INC,KSW,221330.0,Q,A,R,50698,3,5070.0,,,,50.0,507.0,,,,,,,3.02,0.02027,6367.0,1.0,3.05,19228.34,KSW,10.0,9.0,4.0,9.0,8.0,10,10.0,1.0,5.0,3.0,7.0,9.0,1.0,7.0,9.0,5.0,10.0,4.0,10.0,5.0,3.0,7.0,6.0,6.0,10.0,5.0,2.0,,,7.0,,,10.0,7.0,8.0,7.0,8.0,6.0,,4.0,6.0,5.0,3.0,5.0,10.0,10.0,3.0,,,10.0,1.0,9,10.0,10,1
2011-10-25,91231,,11,3,5070.0,48268R10,KSW,K S W INC,KSW,221330.0,Q,A,R,50698,3,5070.0,,,,50.0,507.0,,,,,,,2.9999,-0.006656,6367.0,1.0,3.09,19100.3633,KSW,10.0,9.0,4.0,9.0,8.0,10,10.0,1.0,5.0,3.0,7.0,9.0,1.0,7.0,9.0,5.0,10.0,4.0,10.0,5.0,3.0,7.0,6.0,6.0,10.0,5.0,2.0,,,7.0,,,10.0,7.0,8.0,7.0,8.0,6.0,,4.0,6.0,5.0,3.0,5.0,10.0,10.0,3.0,,,10.0,1.0,9,10.0,10,1
2011-10-26,91231,,11,3,5070.0,48268R10,KSW,K S W INC,KSW,221330.0,Q,A,R,50698,3,5070.0,,,,50.0,507.0,,,,,,,3.09,0.030034,6367.0,1.0,3.02,19674.03,KSW,10.0,9.0,4.0,9.0,8.0,10,10.0,1.0,5.0,3.0,7.0,9.0,1.0,7.0,9.0,5.0,10.0,4.0,10.0,5.0,3.0,7.0,6.0,6.0,10.0,5.0,2.0,,,7.0,,,10.0,7.0,8.0,7.0,8.0,6.0,,4.0,6.0,5.0,3.0,5.0,10.0,10.0,3.0,,,10.0,1.0,9,10.0,10,1
2011-10-27,91231,,11,3,5070.0,48268R10,KSW,K S W INC,KSW,221330.0,Q,A,R,50698,3,5070.0,,,,50.0,507.0,,,,,,,3.07,-0.006472,6367.0,1.0,3.09,19546.69,KSW,10.0,9.0,4.0,9.0,8.0,10,10.0,1.0,5.0,3.0,7.0,9.0,1.0,7.0,9.0,5.0,10.0,4.0,10.0,5.0,3.0,7.0,6.0,6.0,10.0,5.0,2.0,,,7.0,,,10.0,7.0,8.0,7.0,8.0,6.0,,4.0,6.0,5.0,3.0,5.0,10.0,10.0,3.0,,,10.0,1.0,9,10.0,10,1
2011-10-28,91231,,11,3,5070.0,48268R10,KSW,K S W INC,KSW,221330.0,Q,A,R,50698,3,5070.0,,,,50.0,507.0,,,,,,,3.07,0.0,6367.0,1.0,3.09,19546.69,KSW,10.0,9.0,4.0,9.0,8.0,10,10.0,1.0,5.0,3.0,7.0,9.0,1.0,7.0,9.0,5.0,10.0,4.0,10.0,5.0,3.0,7.0,6.0,6.0,10.0,5.0,2.0,,,7.0,,,10.0,7.0,8.0,7.0,8.0,6.0,,4.0,6.0,5.0,3.0,5.0,10.0,10.0,3.0,,,10.0,1.0,9,10.0,10,1
2011-10-31,91231,,11,3,5070.0,48268R10,KSW,K S W INC,KSW,221330.0,Q,A,R,50698,3,5070.0,,,,50.0,507.0,,,,,,,3.12,0.016287,6367.0,1.0,3.11,19865.04,KSW,10.0,9.0,4.0,9.0,8.0,10,10.0,1.0,5.0,3.0,7.0,9.0,1.0,7.0,9.0,5.0,10.0,4.0,10.0,5.0,3.0,7.0,6.0,6.0,10.0,5.0,2.0,,,7.0,,,10.0,7.0,8.0,7.0,8.0,6.0,,4.0,6.0,5.0,3.0,5.0,10.0,10.0,3.0,,,10.0,1.0,9,10.0,10,1
2011-11-01,91231,,11,3,5070.0,48268R10,KSW,K S W INC,KSW,221330.0,Q,A,R,50698,3,5070.0,,,,50.0,507.0,,,,,,,3.0201,-0.032019,6367.0,1.0,3.07,19228.9767,KSW,10.0,9.0,4.0,9.0,8.0,10,10.0,1.0,5.0,3.0,7.0,9.0,1.0,7.0,9.0,5.0,10.0,4.0,10.0,5.0,3.0,7.0,6.0,6.0,10.0,5.0,2.0,,,7.0,,,10.0,8.0,8.0,8.0,9.0,6.0,,4.0,6.0,5.0,10.0,4.0,10.0,6.0,10.0,,,5.0,1.0,9,10.0,10,1
2011-11-02,91231,,11,3,5070.0,48268R10,KSW,K S W INC,KSW,221330.0,Q,A,R,50698,3,5070.0,,,,50.0,507.0,,,,,,,3.08,0.019834,6367.0,1.0,3.04,19610.36,KSW,10.0,9.0,4.0,9.0,8.0,10,10.0,1.0,5.0,3.0,7.0,9.0,1.0,7.0,9.0,5.0,10.0,4.0,10.0,5.0,3.0,7.0,6.0,6.0,10.0,5.0,2.0,,,7.0,,,10.0,8.0,8.0,8.0,9.0,6.0,,4.0,6.0,5.0,10.0,4.0,10.0,6.0,10.0,,,5.0,1.0,9,10.0,10,1
2011-11-03,91231,,11,3,5070.0,48268R10,KSW,K S W INC,KSW,221330.0,Q,A,R,50698,3,5070.0,,,,50.0,507.0,,,,,,,3.1794,0.032273,6367.0,1.0,3.11,20243.2398,KSW,10.0,9.0,4.0,9.0,8.0,10,10.0,1.0,5.0,3.0,7.0,9.0,1.0,7.0,9.0,5.0,10.0,4.0,10.0,5.0,3.0,7.0,6.0,6.0,10.0,5.0,2.0,,,7.0,,,10.0,8.0,8.0,8.0,9.0,6.0,,4.0,6.0,5.0,10.0,4.0,10.0,6.0,10.0,,,5.0,1.0,9,10.0,10,1
2011-11-04,91231,,11,3,5070.0,48268R10,KSW,K S W INC,KSW,221330.0,Q,A,R,50698,3,5070.0,,,,50.0,507.0,,,,,,,3.24,0.01906,6367.0,1.0,3.2,20629.08,KSW,10.0,9.0,4.0,9.0,8.0,10,10.0,1.0,5.0,3.0,7.0,9.0,1.0,7.0,9.0,5.0,10.0,4.0,10.0,5.0,3.0,7.0,6.0,6.0,10.0,5.0,2.0,,,7.0,,,10.0,8.0,8.0,8.0,9.0,6.0,,4.0,6.0,5.0,10.0,4.0,10.0,6.0,10.0,,,5.0,1.0,9,10.0,10,1
2011-11-07,91231,,11,3,5070.0,48268R10,KSW,K S W INC,KSW,221330.0,Q,A,R,50698,3,5070.0,,,,50.0,507.0,,,,,,,3.22,-0.006173,6367.0,1.0,3.23,20501.74,KSW,10.0,9.0,4.0,9.0,8.0,10,10.0,1.0,5.0,3.0,7.0,9.0,1.0,7.0,9.0,5.0,10.0,4.0,10.0,5.0,3.0,7.0,6.0,6.0,10.0,5.0,2.0,,,7.0,,,10.0,8.0,8.0,8.0,9.0,6.0,,4.0,6.0,5.0,10.0,4.0,10.0,6.0,10.0,,,5.0,1.0,9,10.0,10,1
2011-11-08,91231,,11,3,5070.0,48268R10,KSW,K S W INC,KSW,221330.0,Q,A,R,50698,3,5070.0,,,,50.0,507.0,,,,,,,3.15,-0.021739,6367.0,1.0,3.22,20056.05,KSW,10.0,9.0,4.0,9.0,8.0,10,10.0,1.0,5.0,3.0,7.0,9.0,1.0,7.0,9.0,5.0,10.0,4.0,10.0,5.0,3.0,7.0,6.0,6.0,10.0,5.0,2.0,,,7.0,,,10.0,8.0,8.0,8.0,9.0,6.0,,4.0,6.0,5.0,10.0,4.0,10.0,6.0,10.0,,,5.0,1.0,9,10.0,10,1
2011-11-09,91231,,11,3,5070.0,48268R10,KSW,K S W INC,KSW,221330.0,Q,A,R,50698,3,5070.0,,,,50.0,507.0,,,,,,,3.11,-0.012698,6367.0,1.0,3.1,19801.37,KSW,10.0,9.0,4.0,9.0,8.0,10,10.0,1.0,5.0,3.0,7.0,9.0,1.0,7.0,9.0,5.0,10.0,4.0,10.0,5.0,3.0,7.0,6.0,6.0,10.0,5.0,2.0,,,7.0,,,10.0,8.0,8.0,8.0,9.0,6.0,,4.0,6.0,5.0,10.0,4.0,10.0,6.0,10.0,,,5.0,1.0,9,10.0,10,1
2011-11-10,91231,,11,3,5070.0,48268R10,KSW,K S W INC,KSW,221330.0,Q,A,R,50698,3,5070.0,,,,50.0,507.0,,,,,,,3.01,-0.032154,6367.0,1.0,3.02,19164.67,KSW,10.0,9.0,4.0,9.0,8.0,10,10.0,1.0,5.0,3.0,7.0,9.0,1.0,7.0,9.0,5.0,10.0,4.0,10.0,5.0,3.0,7.0,6.0,6.0,10.0,5.0,2.0,,,7.0,,,10.0,8.0,8.0,8.0,9.0,6.0,,4.0,6.0,5.0,10.0,4.0,10.0,6.0,10.0,,,5.0,1.0,9,10.0,10,1
2011-11-11,91231,,11,3,5070.0,48268R10,KSW,K S W INC,KSW,221330.0,Q,A,R,50698,3,5070.0,,,,50.0,507.0,,,,,,,3.02,0.003322,6367.0,1.0,3.01,19228.34,KSW,10.0,9.0,4.0,9.0,8.0,10,10.0,1.0,5.0,3.0,7.0,9.0,1.0,7.0,9.0,5.0,10.0,4.0,10.0,5.0,3.0,7.0,6.0,6.0,10.0,5.0,2.0,,,7.0,,,10.0,8.0,8.0,8.0,9.0,6.0,,4.0,6.0,5.0,10.0,4.0,10.0,6.0,10.0,,,5.0,1.0,9,10.0,10,1
2011-11-14,91231,,11,3,5070.0,48268R10,KSW,K S W INC,KSW,221330.0,Q,A,R,50698,3,5070.0,,,,50.0,507.0,,,,,,,3.07,0.016556,6367.0,1.0,3.01,19546.69,KSW,10.0,9.0,4.0,9.0,8.0,10,10.0,1.0,5.0,3.0,7.0,9.0,1.0,7.0,9.0,5.0,10.0,4.0,10.0,5.0,3.0,7.0,6.0,6.0,10.0,5.0,2.0,,,7.0,,,10.0,8.0,8.0,8.0,9.0,6.0,,4.0,6.0,5.0,10.0,4.0,10.0,6.0,10.0,,,5.0,1.0,9,10.0,10,1
2011-11-15,91231,,11,3,5070.0,48268R10,KSW,K S W INC,KSW,221330.0,Q,A,R,50698,3,5070.0,,,,50.0,507.0,,,,,,,3.0699,-3.3e-05,6367.0,1.0,3.05,19546.0533,KSW,10.0,9.0,4.0,9.0,8.0,10,10.0,1.0,5.0,3.0,7.0,9.0,1.0,7.0,9.0,5.0,10.0,4.0,10.0,5.0,3.0,7.0,6.0,6.0,10.0,5.0,2.0,,,7.0,,,10.0,8.0,8.0,8.0,9.0,6.0,,4.0,6.0,5.0,10.0,4.0,10.0,6.0,10.0,,,5.0,1.0,9,10.0,10,1
2011-11-16,91231,,11,3,5070.0,48268R10,KSW,K S W INC,KSW,221330.0,Q,A,R,50698,3,5070.0,,,,50.0,507.0,,,,,,,3.07,3.3e-05,6367.0,1.0,3.05,19546.69,KSW,10.0,9.0,4.0,9.0,8.0,10,10.0,1.0,5.0,3.0,7.0,9.0,1.0,7.0,9.0,5.0,10.0,4.0,10.0,5.0,3.0,7.0,6.0,6.0,10.0,5.0,2.0,,,7.0,,,10.0,8.0,8.0,8.0,9.0,6.0,,4.0,6.0,5.0,10.0,4.0,10.0,6.0,10.0,,,5.0,1.0,9,10.0,10,1
2011-11-17,91231,,11,3,5070.0,48268R10,KSW,K S W INC,KSW,221330.0,Q,A,R,50698,3,5070.0,,,,50.0,507.0,,,,,,,3.03,-0.013029,6367.0,1.0,3.03,19292.01,KSW,10.0,9.0,4.0,9.0,8.0,10,10.0,1.0,5.0,3.0,7.0,9.0,1.0,7.0,9.0,5.0,10.0,4.0,10.0,5.0,3.0,7.0,6.0,6.0,10.0,5.0,2.0,,,7.0,,,10.0,8.0,8.0,8.0,9.0,6.0,,4.0,6.0,5.0,10.0,4.0,10.0,6.0,10.0,,,5.0,1.0,9,10.0,10,1
2011-11-18,91231,,11,3,5070.0,48268R10,KSW,K S W INC,KSW,221330.0,Q,A,R,50698,3,5070.0,,,,50.0,507.0,,,,,,,3.03,0.0,6367.0,1.0,3.0201,19292.01,KSW,10.0,9.0,4.0,9.0,8.0,10,10.0,1.0,5.0,3.0,7.0,9.0,1.0,7.0,9.0,5.0,10.0,4.0,10.0,5.0,3.0,7.0,6.0,6.0,10.0,5.0,2.0,,,7.0,,,10.0,8.0,8.0,8.0,9.0,6.0,,4.0,6.0,5.0,10.0,4.0,10.0,6.0,10.0,,,5.0,1.0,9,10.0,10,1
2011-11-21,91231,,11,3,5070.0,48268R10,KSW,K S W INC,KSW,221330.0,Q,A,R,50698,3,5070.0,,,,50.0,507.0,,,,,,,3.03,0.0,6367.0,1.0,3.01,19292.01,KSW,10.0,9.0,4.0,9.0,8.0,10,10.0,1.0,5.0,3.0,7.0,9.0,1.0,7.0,9.0,5.0,10.0,4.0,10.0,5.0,3.0,7.0,6.0,6.0,10.0,5.0,2.0,,,7.0,,,10.0,8.0,8.0,8.0,9.0,6.0,,4.0,6.0,5.0,10.0,4.0,10.0,6.0,10.0,,,5.0,1.0,9,10.0,10,1
2011-11-22,91231,,11,3,5070.0,48268R10,KSW,K S W INC,KSW,221330.0,Q,A,R,50698,3,5070.0,,,,50.0,507.0,,,,,,,3.05,0.006601,6367.0,1.0,3.06,19419.35,KSW,10.0,9.0,4.0,9.0,8.0,10,10.0,1.0,5.0,3.0,7.0,9.0,1.0,7.0,9.0,5.0,10.0,4.0,10.0,5.0,3.0,7.0,6.0,6.0,10.0,5.0,2.0,,,7.0,,,10.0,8.0,8.0,8.0,9.0,6.0,,4.0,6.0,5.0,10.0,4.0,10.0,6.0,10.0,,,5.0,1.0,9,10.0,10,1
2011-11-23,91231,,11,3,5070.0,48268R10,KSW,K S W INC,KSW,221330.0,Q,A,R,50698,3,5070.0,,,,50.0,507.0,,,,,,,3.02,-0.009836,6367.0,1.0,3.02,19228.34,KSW,10.0,9.0,4.0,9.0,8.0,10,10.0,1.0,5.0,3.0,7.0,9.0,1.0,7.0,9.0,5.0,10.0,4.0,10.0,5.0,3.0,7.0,6.0,6.0,10.0,5.0,2.0,,,7.0,,,10.0,8.0,8.0,8.0,9.0,6.0,,4.0,6.0,5.0,10.0,4.0,10.0,6.0,10.0,,,5.0,1.0,9,10.0,10,1
2011-11-25,91231,,11,3,5070.0,48268R10,KSW,K S W INC,KSW,221330.0,Q,A,R,50698,3,5070.0,,,,50.0,507.0,,,,,,,3.07,0.016556,6367.0,1.0,3.0,19546.69,KSW,10.0,9.0,4.0,9.0,8.0,10,10.0,1.0,5.0,3.0,7.0,9.0,1.0,7.0,9.0,5.0,10.0,4.0,10.0,5.0,3.0,7.0,6.0,6.0,10.0,5.0,2.0,,,7.0,,,10.0,8.0,8.0,8.0,9.0,6.0,,4.0,6.0,5.0,10.0,4.0,10.0,6.0,10.0,,,5.0,1.0,9,10.0,10,1
2011-11-28,91231,,11,3,5070.0,48268R10,KSW,K S W INC,KSW,221330.0,Q,A,R,50698,3,5070.0,,,,50.0,507.0,,,,,,,3.11,0.013029,6367.0,1.0,3.11,19801.37,KSW,10.0,9.0,4.0,9.0,8.0,10,10.0,1.0,5.0,3.0,7.0,9.0,1.0,7.0,9.0,5.0,10.0,4.0,10.0,5.0,3.0,7.0,6.0,6.0,10.0,5.0,2.0,,,7.0,,,10.0,8.0,8.0,8.0,9.0,6.0,,4.0,6.0,5.0,10.0,4.0,10.0,6.0,10.0,,,5.0,1.0,9,10.0,10,1
2011-11-29,91231,,11,3,5070.0,48268R10,KSW,K S W INC,KSW,221330.0,Q,A,R,50698,3,5070.0,,,,50.0,507.0,,,,,,,3.05,-0.019293,6367.0,1.0,3.11,19419.35,KSW,10.0,9.0,4.0,9.0,8.0,10,10.0,1.0,5.0,3.0,7.0,9.0,1.0,7.0,9.0,5.0,10.0,4.0,10.0,5.0,3.0,7.0,6.0,6.0,10.0,5.0,2.0,,,7.0,,,10.0,8.0,8.0,8.0,9.0,6.0,,4.0,6.0,5.0,10.0,4.0,10.0,6.0,10.0,,,5.0,1.0,9,10.0,10,1
2011-11-30,91231,,11,3,5070.0,48268R10,KSW,K S W INC,KSW,221330.0,Q,A,R,50698,3,5070.0,,,,50.0,507.0,,,,,,,3.184,0.043934,6367.0,1.0,3.06,20272.528,KSW,10.0,9.0,4.0,9.0,8.0,10,10.0,1.0,5.0,3.0,7.0,9.0,1.0,7.0,9.0,5.0,10.0,4.0,10.0,5.0,3.0,7.0,6.0,6.0,10.0,5.0,2.0,,,7.0,,,10.0,8.0,8.0,8.0,9.0,6.0,,4.0,6.0,5.0,10.0,4.0,10.0,6.0,10.0,,,5.0,1.0,9,10.0,10,1
2011-12-01,91231,,11,3,5070.0,48268R10,KSW,K S W INC,KSW,221330.0,Q,A,R,50698,3,5070.0,,,,50.0,507.0,,,,,,,3.288,0.032663,6367.0,1.0,3.22,20934.696,KSW,10.0,9.0,4.0,9.0,8.0,10,10.0,1.0,5.0,3.0,7.0,9.0,1.0,7.0,9.0,5.0,10.0,4.0,10.0,5.0,3.0,7.0,6.0,6.0,10.0,5.0,2.0,,,7.0,,,10.0,5.0,8.0,8.0,9.0,7.0,,3.0,3.0,4.0,4.0,4.0,10.0,5.0,5.0,,,10.0,1.0,9,10.0,10,1
2011-12-02,91231,,11,3,5070.0,48268R10,KSW,K S W INC,KSW,221330.0,Q,A,R,50698,3,5070.0,,,,50.0,507.0,,,,,,,3.3699,0.024909,6367.0,1.0,3.3,21456.1533,KSW,10.0,9.0,4.0,9.0,8.0,10,10.0,1.0,5.0,3.0,7.0,9.0,1.0,7.0,9.0,5.0,10.0,4.0,10.0,5.0,3.0,7.0,6.0,6.0,10.0,5.0,2.0,,,7.0,,,10.0,5.0,8.0,8.0,9.0,7.0,,3.0,3.0,4.0,4.0,4.0,10.0,5.0,5.0,,,10.0,1.0,9,10.0,10,1
2011-12-05,91231,,11,3,5070.0,48268R10,KSW,K S W INC,KSW,221330.0,Q,A,R,50698,3,5070.0,,,,50.0,507.0,,,,,,,3.25,-0.03558,6367.0,1.0,3.31,20692.75,KSW,10.0,9.0,4.0,9.0,8.0,10,10.0,1.0,5.0,3.0,7.0,9.0,1.0,7.0,9.0,5.0,10.0,4.0,10.0,5.0,3.0,7.0,6.0,6.0,10.0,5.0,2.0,,,7.0,,,10.0,5.0,8.0,8.0,9.0,7.0,,3.0,3.0,4.0,4.0,4.0,10.0,5.0,5.0,,,10.0,1.0,9,10.0,10,1
2011-12-06,91231,,11,3,5070.0,48268R10,KSW,K S W INC,KSW,221330.0,Q,A,R,50698,3,5070.0,,,,50.0,507.0,,,,,,,3.36,0.033846,6367.0,1.0,3.26,21393.12,KSW,10.0,9.0,4.0,9.0,8.0,10,10.0,1.0,5.0,3.0,7.0,9.0,1.0,7.0,9.0,5.0,10.0,4.0,10.0,5.0,3.0,7.0,6.0,6.0,10.0,5.0,2.0,,,7.0,,,10.0,5.0,8.0,8.0,9.0,7.0,,3.0,3.0,4.0,4.0,4.0,10.0,5.0,5.0,,,10.0,1.0,9,10.0,10,1
2011-12-07,91231,,11,3,5070.0,48268R10,KSW,K S W INC,KSW,221330.0,Q,A,R,50698,3,5070.0,,,,50.0,507.0,,,,,,,3.31,-0.014881,6367.0,1.0,3.32,21074.77,KSW,10.0,9.0,4.0,9.0,8.0,10,10.0,1.0,5.0,3.0,7.0,9.0,1.0,7.0,9.0,5.0,10.0,4.0,10.0,5.0,3.0,7.0,6.0,6.0,10.0,5.0,2.0,,,7.0,,,10.0,5.0,8.0,8.0,9.0,7.0,,3.0,3.0,4.0,4.0,4.0,10.0,5.0,5.0,,,10.0,1.0,9,10.0,10,1
2011-12-08,91231,,11,3,5070.0,48268R10,KSW,K S W INC,KSW,221330.0,Q,A,R,50698,3,5070.0,,,,50.0,507.0,,,,,,,3.26,-0.015106,6367.0,1.0,3.3199,20756.42,KSW,10.0,9.0,4.0,9.0,8.0,10,10.0,1.0,5.0,3.0,7.0,9.0,1.0,7.0,9.0,5.0,10.0,4.0,10.0,5.0,3.0,7.0,6.0,6.0,10.0,5.0,2.0,,,7.0,,,10.0,5.0,8.0,8.0,9.0,7.0,,3.0,3.0,4.0,4.0,4.0,10.0,5.0,5.0,,,10.0,1.0,9,10.0,10,1
2011-12-09,91231,,11,3,5070.0,48268R10,KSW,K S W INC,KSW,221330.0,Q,A,R,50698,3,5070.0,,,,50.0,507.0,,,,,,,3.3,0.01227,6367.0,1.0,3.27,21011.1,KSW,10.0,9.0,4.0,9.0,8.0,10,10.0,1.0,5.0,3.0,7.0,9.0,1.0,7.0,9.0,5.0,10.0,4.0,10.0,5.0,3.0,7.0,6.0,6.0,10.0,5.0,2.0,,,7.0,,,10.0,5.0,8.0,8.0,9.0,7.0,,3.0,3.0,4.0,4.0,4.0,10.0,5.0,5.0,,,10.0,1.0,9,10.0,10,1
2011-12-12,91231,,11,3,5070.0,48268R10,KSW,K S W INC,KSW,221330.0,Q,A,R,50698,3,5070.0,,,,50.0,507.0,,,,,,,3.25,-0.015152,6367.0,1.0,3.25,20692.75,KSW,10.0,9.0,4.0,9.0,8.0,10,10.0,1.0,5.0,3.0,7.0,9.0,1.0,7.0,9.0,5.0,10.0,4.0,10.0,5.0,3.0,7.0,6.0,6.0,10.0,5.0,2.0,,,7.0,,,10.0,5.0,8.0,8.0,9.0,7.0,,3.0,3.0,4.0,4.0,4.0,10.0,5.0,5.0,,,10.0,1.0,9,10.0,10,1
2011-12-13,91231,,11,3,5070.0,48268R10,KSW,K S W INC,KSW,221330.0,Q,A,R,50698,3,5070.0,,,,50.0,507.0,,,,,,,3.3,0.015385,6367.0,1.0,3.25,21011.1,KSW,10.0,9.0,4.0,9.0,8.0,10,10.0,1.0,5.0,3.0,7.0,9.0,1.0,7.0,9.0,5.0,10.0,4.0,10.0,5.0,3.0,7.0,6.0,6.0,10.0,5.0,2.0,,,7.0,,,10.0,5.0,8.0,8.0,9.0,7.0,,3.0,3.0,4.0,4.0,4.0,10.0,5.0,5.0,,,10.0,1.0,9,10.0,10,1
2011-12-14,91231,,11,3,5070.0,48268R10,KSW,K S W INC,KSW,221330.0,Q,A,R,50698,3,5070.0,,,,50.0,507.0,,,,,,,3.25,-0.015152,6367.0,1.0,3.3,20692.75,KSW,10.0,9.0,4.0,9.0,8.0,10,10.0,1.0,5.0,3.0,7.0,9.0,1.0,7.0,9.0,5.0,10.0,4.0,10.0,5.0,3.0,7.0,6.0,6.0,10.0,5.0,2.0,,,7.0,,,10.0,5.0,8.0,8.0,9.0,7.0,,3.0,3.0,4.0,4.0,4.0,10.0,5.0,5.0,,,10.0,1.0,9,10.0,10,1
2011-12-15,91231,,11,3,5070.0,48268R10,KSW,K S W INC,KSW,221330.0,Q,A,R,50698,3,5070.0,,,,50.0,507.0,,,,,,,3.2508,0.000246,6367.0,1.0,3.25,20697.8436,KSW,10.0,9.0,4.0,9.0,8.0,10,10.0,1.0,5.0,3.0,7.0,9.0,1.0,7.0,9.0,5.0,10.0,4.0,10.0,5.0,3.0,7.0,6.0,6.0,10.0,5.0,2.0,,,7.0,,,10.0,5.0,8.0,8.0,9.0,7.0,,3.0,3.0,4.0,4.0,4.0,10.0,5.0,5.0,,,10.0,1.0,9,10.0,10,1
2011-12-16,91231,,11,3,5070.0,48268R10,KSW,K S W INC,KSW,221330.0,Q,A,R,50698,3,5070.0,,,,50.0,507.0,,,,,,,3.16,-0.027932,6367.0,1.0,3.19,20119.72,KSW,10.0,9.0,4.0,9.0,8.0,10,10.0,1.0,5.0,3.0,7.0,9.0,1.0,7.0,9.0,5.0,10.0,4.0,10.0,5.0,3.0,7.0,6.0,6.0,10.0,5.0,2.0,,,7.0,,,10.0,5.0,8.0,8.0,9.0,7.0,,3.0,3.0,4.0,4.0,4.0,10.0,5.0,5.0,,,10.0,1.0,9,10.0,10,1
2011-12-19,91231,,11,3,5070.0,48268R10,KSW,K S W INC,KSW,221330.0,Q,A,R,50698,3,5070.0,,,,50.0,507.0,,,,,,,3.07,-0.028481,6367.0,1.0,3.07,19546.69,KSW,10.0,9.0,4.0,9.0,8.0,10,10.0,1.0,5.0,3.0,7.0,9.0,1.0,7.0,9.0,5.0,10.0,4.0,10.0,5.0,3.0,7.0,6.0,6.0,10.0,5.0,2.0,,,7.0,,,10.0,5.0,8.0,8.0,9.0,7.0,,3.0,3.0,4.0,4.0,4.0,10.0,5.0,5.0,,,10.0,1.0,9,10.0,10,1
2011-12-20,91231,,11,3,5070.0,48268R10,KSW,K S W INC,KSW,221330.0,Q,A,R,50698,3,5070.0,,,,50.0,507.0,,,,,,,3.1,0.009772,6367.0,1.0,3.1,19737.7,KSW,10.0,9.0,4.0,9.0,8.0,10,10.0,1.0,5.0,3.0,7.0,9.0,1.0,7.0,9.0,5.0,10.0,4.0,10.0,5.0,3.0,7.0,6.0,6.0,10.0,5.0,2.0,,,7.0,,,10.0,5.0,8.0,8.0,9.0,7.0,,3.0,3.0,4.0,4.0,4.0,10.0,5.0,5.0,,,10.0,1.0,9,10.0,10,1
2011-12-21,91231,,11,3,5070.0,48268R10,KSW,K S W INC,KSW,221330.0,Q,A,R,50698,3,5070.0,,,,50.0,507.0,,,,,,,3.19,0.029032,6367.0,1.0,3.1,20310.73,KSW,10.0,9.0,4.0,9.0,8.0,10,10.0,1.0,5.0,3.0,7.0,9.0,1.0,7.0,9.0,5.0,10.0,4.0,10.0,5.0,3.0,7.0,6.0,6.0,10.0,5.0,2.0,,,7.0,,,10.0,5.0,8.0,8.0,9.0,7.0,,3.0,3.0,4.0,4.0,4.0,10.0,5.0,5.0,,,10.0,1.0,9,10.0,10,1
2011-12-22,91231,,11,3,5070.0,48268R10,KSW,K S W INC,KSW,221330.0,Q,A,R,50698,3,5070.0,,,,50.0,507.0,,,,,,,3.11,-0.025078,6367.0,1.0,3.192,19801.37,KSW,10.0,9.0,4.0,9.0,8.0,10,10.0,1.0,5.0,3.0,7.0,9.0,1.0,7.0,9.0,5.0,10.0,4.0,10.0,5.0,3.0,7.0,6.0,6.0,10.0,5.0,2.0,,,7.0,,,10.0,5.0,8.0,8.0,9.0,7.0,,3.0,3.0,4.0,4.0,4.0,10.0,5.0,5.0,,,10.0,1.0,9,10.0,10,1
2011-12-23,91231,,11,3,5070.0,48268R10,KSW,K S W INC,KSW,221330.0,Q,A,R,50698,3,5070.0,,,,50.0,507.0,,,,,,,3.37,0.083601,6367.0,1.0,3.26,21456.79,KSW,10.0,9.0,4.0,9.0,8.0,10,10.0,1.0,5.0,3.0,7.0,9.0,1.0,7.0,9.0,5.0,10.0,4.0,10.0,5.0,3.0,7.0,6.0,6.0,10.0,5.0,2.0,,,7.0,,,10.0,5.0,8.0,8.0,9.0,7.0,,3.0,3.0,4.0,4.0,4.0,10.0,5.0,5.0,,,10.0,1.0,9,10.0,10,1
2011-12-27,91231,,11,3,5070.0,48268R10,KSW,K S W INC,KSW,221330.0,Q,A,R,50698,3,5070.0,,,,50.0,507.0,,,,,,,3.284,-0.025519,6367.0,1.0,3.37,20909.228,KSW,10.0,9.0,4.0,9.0,8.0,10,10.0,1.0,5.0,3.0,7.0,9.0,1.0,7.0,9.0,5.0,10.0,4.0,10.0,5.0,3.0,7.0,6.0,6.0,10.0,5.0,2.0,,,7.0,,,10.0,5.0,8.0,8.0,9.0,7.0,,3.0,3.0,4.0,4.0,4.0,10.0,5.0,5.0,,,10.0,1.0,9,10.0,10,1
2011-12-28,91231,,11,3,5070.0,48268R10,KSW,K S W INC,KSW,221330.0,Q,A,R,50698,3,5070.0,,,,50.0,507.0,,,,,,,3.23,-0.016443,6367.0,1.0,3.23,20565.41,KSW,10.0,9.0,4.0,9.0,8.0,10,10.0,1.0,5.0,3.0,7.0,9.0,1.0,7.0,9.0,5.0,10.0,4.0,10.0,5.0,3.0,7.0,6.0,6.0,10.0,5.0,2.0,,,7.0,,,10.0,5.0,8.0,8.0,9.0,7.0,,3.0,3.0,4.0,4.0,4.0,10.0,5.0,5.0,,,10.0,1.0,9,10.0,10,1
2011-12-29,91231,,11,3,5070.0,48268R10,KSW,K S W INC,KSW,221330.0,Q,A,R,50698,3,5070.0,,,,50.0,507.0,,,,,,,3.29,0.018576,6367.0,1.0,3.3,20947.43,KSW,10.0,9.0,4.0,9.0,8.0,10,10.0,1.0,5.0,3.0,7.0,9.0,1.0,7.0,9.0,5.0,10.0,4.0,10.0,5.0,3.0,7.0,6.0,6.0,10.0,5.0,2.0,,,7.0,,,10.0,5.0,8.0,8.0,9.0,7.0,,3.0,3.0,4.0,4.0,4.0,10.0,5.0,5.0,,,10.0,1.0,9,10.0,10,1
2011-12-30,91231,,11,3,5070.0,48268R10,KSW,K S W INC,KSW,221330.0,Q,A,R,50698,3,5070.0,,,,50.0,507.0,,,,,,,3.33,0.012158,6367.0,1.0,3.24,21202.11,KSW,10.0,9.0,4.0,9.0,8.0,10,10.0,1.0,5.0,3.0,7.0,9.0,1.0,7.0,9.0,5.0,10.0,4.0,10.0,5.0,3.0,7.0,6.0,6.0,10.0,5.0,2.0,,,7.0,,,10.0,5.0,8.0,8.0,9.0,7.0,,3.0,3.0,4.0,4.0,4.0,10.0,5.0,5.0,,,10.0,1.0,9,10.0,10,1
2012-01-03,91231,,11,3,5070.0,48268R10,KSW,K S W INC,KSW,221330.0,Q,A,R,50698,3,5070.0,,,,50.0,507.0,,,,,,,3.3399,0.002973,6367.0,1.0,3.3499,21265.1433,KSW,10.0,9.0,4.0,9.0,8.0,10,10.0,1.0,5.0,3.0,7.0,9.0,1.0,7.0,9.0,5.0,10.0,4.0,10.0,5.0,3.0,7.0,6.0,6.0,10.0,5.0,2.0,,,7.0,,,10.0,5.0,7.0,9.0,9.0,7.0,,3.0,3.0,4.0,3.0,3.0,10.0,4.0,3.0,,,3.0,1.0,9,10.0,10,1
2012-01-04,91231,,11,3,5070.0,48268R10,KSW,K S W INC,KSW,221330.0,Q,A,R,50698,3,5070.0,,,,50.0,507.0,,,,,,,3.2001,-0.041858,6367.0,1.0,3.2601,20375.0367,KSW,10.0,9.0,4.0,9.0,8.0,10,10.0,1.0,5.0,3.0,7.0,9.0,1.0,7.0,9.0,5.0,10.0,4.0,10.0,5.0,3.0,7.0,6.0,6.0,10.0,5.0,2.0,,,7.0,,,10.0,5.0,7.0,9.0,9.0,7.0,,3.0,3.0,4.0,3.0,3.0,10.0,4.0,3.0,,,3.0,1.0,9,10.0,10,1
2012-01-05,91231,,11,3,5070.0,48268R10,KSW,K S W INC,KSW,221330.0,Q,A,R,50698,3,5070.0,,,,50.0,507.0,,,,,,,3.25,0.015593,6367.0,1.0,3.25,20692.75,KSW,10.0,9.0,4.0,9.0,8.0,10,10.0,1.0,5.0,3.0,7.0,9.0,1.0,7.0,9.0,5.0,10.0,4.0,10.0,5.0,3.0,7.0,6.0,6.0,10.0,5.0,2.0,,,7.0,,,10.0,5.0,7.0,9.0,9.0,7.0,,3.0,3.0,4.0,3.0,3.0,10.0,4.0,3.0,,,3.0,1.0,9,10.0,10,1
2012-01-06,91231,,11,3,5070.0,48268R10,KSW,K S W INC,KSW,221330.0,Q,A,R,50698,3,5070.0,,,,50.0,507.0,,,,,,,3.25,0.0,6367.0,1.0,3.25,20692.75,KSW,10.0,9.0,4.0,9.0,8.0,10,10.0,1.0,5.0,3.0,7.0,9.0,1.0,7.0,9.0,5.0,10.0,4.0,10.0,5.0,3.0,7.0,6.0,6.0,10.0,5.0,2.0,,,7.0,,,10.0,5.0,7.0,9.0,9.0,7.0,,3.0,3.0,4.0,3.0,3.0,10.0,4.0,3.0,,,3.0,1.0,9,10.0,10,1
2012-01-09,91231,,11,3,5070.0,48268R10,KSW,K S W INC,KSW,221330.0,Q,A,R,50698,3,5070.0,,,,50.0,507.0,,,,,,,3.2901,0.012338,6367.0,1.0,3.21,20948.0667,KSW,10.0,9.0,4.0,9.0,8.0,10,10.0,1.0,5.0,3.0,7.0,9.0,1.0,7.0,9.0,5.0,10.0,4.0,10.0,5.0,3.0,7.0,6.0,6.0,10.0,5.0,2.0,,,7.0,,,10.0,5.0,7.0,9.0,9.0,7.0,,3.0,3.0,4.0,3.0,3.0,10.0,4.0,3.0,,,3.0,1.0,9,10.0,10,1
2012-01-10,91231,,11,3,5070.0,48268R10,KSW,K S W INC,KSW,221330.0,Q,A,R,50698,3,5070.0,,,,50.0,507.0,,,,,,,3.26,-0.009149,6367.0,1.0,3.27,20756.42,KSW,10.0,9.0,4.0,9.0,8.0,10,10.0,1.0,5.0,3.0,7.0,9.0,1.0,7.0,9.0,5.0,10.0,4.0,10.0,5.0,3.0,7.0,6.0,6.0,10.0,5.0,2.0,,,7.0,,,10.0,5.0,7.0,9.0,9.0,7.0,,3.0,3.0,4.0,3.0,3.0,10.0,4.0,3.0,,,3.0,1.0,9,10.0,10,1
2012-01-11,91231,,11,3,5070.0,48268R10,KSW,K S W INC,KSW,221330.0,Q,A,R,50698,3,5070.0,,,,50.0,507.0,,,,,,,3.25,-0.003067,6367.0,1.0,3.26,20692.75,KSW,10.0,9.0,4.0,9.0,8.0,10,10.0,1.0,5.0,3.0,7.0,9.0,1.0,7.0,9.0,5.0,10.0,4.0,10.0,5.0,3.0,7.0,6.0,6.0,10.0,5.0,2.0,,,7.0,,,10.0,5.0,7.0,9.0,9.0,7.0,,3.0,3.0,4.0,3.0,3.0,10.0,4.0,3.0,,,3.0,1.0,9,10.0,10,1
2012-01-12,91231,,11,3,5070.0,48268R10,KSW,K S W INC,KSW,221330.0,Q,A,R,50698,3,5070.0,,,,50.0,507.0,,,,,,,3.25,0.0,6367.0,1.0,3.2,20692.75,KSW,10.0,9.0,4.0,9.0,8.0,10,10.0,1.0,5.0,3.0,7.0,9.0,1.0,7.0,9.0,5.0,10.0,4.0,10.0,5.0,3.0,7.0,6.0,6.0,10.0,5.0,2.0,,,7.0,,,10.0,5.0,7.0,9.0,9.0,7.0,,3.0,3.0,4.0,3.0,3.0,10.0,4.0,3.0,,,3.0,1.0,9,10.0,10,1
2012-01-13,91231,,11,3,5070.0,48268R10,KSW,K S W INC,KSW,221330.0,Q,A,R,50698,3,5070.0,,,,50.0,507.0,,,,,,,3.37,0.036923,6367.0,1.0,3.25,21456.79,KSW,10.0,9.0,4.0,9.0,8.0,10,10.0,1.0,5.0,3.0,7.0,9.0,1.0,7.0,9.0,5.0,10.0,4.0,10.0,5.0,3.0,7.0,6.0,6.0,10.0,5.0,2.0,,,7.0,,,10.0,5.0,7.0,9.0,9.0,7.0,,3.0,3.0,4.0,3.0,3.0,10.0,4.0,3.0,,,3.0,1.0,9,10.0,10,1
2012-01-17,91231,,11,3,5070.0,48268R10,KSW,K S W INC,KSW,221330.0,Q,A,R,50698,3,5070.0,,,,50.0,507.0,,,,,,,3.31,-0.017804,6367.0,1.0,3.35,21074.77,KSW,10.0,9.0,4.0,9.0,8.0,10,10.0,1.0,5.0,3.0,7.0,9.0,1.0,7.0,9.0,5.0,10.0,4.0,10.0,5.0,3.0,7.0,6.0,6.0,10.0,5.0,2.0,,,7.0,,,10.0,5.0,7.0,9.0,9.0,7.0,,3.0,3.0,4.0,3.0,3.0,10.0,4.0,3.0,,,3.0,1.0,9,10.0,10,1
2012-01-18,91231,,11,3,5070.0,48268R10,KSW,K S W INC,KSW,221330.0,Q,A,R,50698,3,5070.0,,,,50.0,507.0,,,,,,,3.35,0.012085,6367.0,1.0,3.35,21329.45,KSW,10.0,9.0,4.0,9.0,8.0,10,10.0,1.0,5.0,3.0,7.0,9.0,1.0,7.0,9.0,5.0,10.0,4.0,10.0,5.0,3.0,7.0,6.0,6.0,10.0,5.0,2.0,,,7.0,,,10.0,5.0,7.0,9.0,9.0,7.0,,3.0,3.0,4.0,3.0,3.0,10.0,4.0,3.0,,,3.0,1.0,9,10.0,10,1
2012-01-19,91231,,11,3,5070.0,48268R10,KSW,K S W INC,KSW,221330.0,Q,A,R,50698,3,5070.0,,,,50.0,507.0,,,,,,,3.37,0.00597,6367.0,1.0,3.31,21456.79,KSW,10.0,9.0,4.0,9.0,8.0,10,10.0,1.0,5.0,3.0,7.0,9.0,1.0,7.0,9.0,5.0,10.0,4.0,10.0,5.0,3.0,7.0,6.0,6.0,10.0,5.0,2.0,,,7.0,,,10.0,5.0,7.0,9.0,9.0,7.0,,3.0,3.0,4.0,3.0,3.0,10.0,4.0,3.0,,,3.0,1.0,9,10.0,10,1
2012-01-20,91231,,11,3,5070.0,48268R10,KSW,K S W INC,KSW,221330.0,Q,A,R,50698,3,5070.0,,,,50.0,507.0,,,,,,,3.35,-0.005935,6367.0,1.0,3.35,21329.45,KSW,10.0,9.0,4.0,9.0,8.0,10,10.0,1.0,5.0,3.0,7.0,9.0,1.0,7.0,9.0,5.0,10.0,4.0,10.0,5.0,3.0,7.0,6.0,6.0,10.0,5.0,2.0,,,7.0,,,10.0,5.0,7.0,9.0,9.0,7.0,,3.0,3.0,4.0,3.0,3.0,10.0,4.0,3.0,,,3.0,1.0,9,10.0,10,1
2012-01-23,91231,,11,3,5070.0,48268R10,KSW,K S W INC,KSW,221330.0,Q,A,R,50698,3,5070.0,,,,50.0,507.0,,,,,,,3.33,-0.00597,6367.0,1.0,3.28,21202.11,KSW,10.0,9.0,4.0,9.0,8.0,10,10.0,1.0,5.0,3.0,7.0,9.0,1.0,7.0,9.0,5.0,10.0,4.0,10.0,5.0,3.0,7.0,6.0,6.0,10.0,5.0,2.0,,,7.0,,,10.0,5.0,7.0,9.0,9.0,7.0,,3.0,3.0,4.0,3.0,3.0,10.0,4.0,3.0,,,3.0,1.0,9,10.0,10,1
2012-01-24,91231,,11,3,5070.0,48268R10,KSW,K S W INC,KSW,221330.0,Q,A,R,50698,3,5070.0,,,,50.0,507.0,,,,,,,3.3,-0.009009,6367.0,1.0,3.34,21011.1,KSW,10.0,9.0,4.0,9.0,8.0,10,10.0,1.0,5.0,3.0,7.0,9.0,1.0,7.0,9.0,5.0,10.0,4.0,10.0,5.0,3.0,7.0,6.0,6.0,10.0,5.0,2.0,,,7.0,,,10.0,5.0,7.0,9.0,9.0,7.0,,3.0,3.0,4.0,3.0,3.0,10.0,4.0,3.0,,,3.0,1.0,9,10.0,10,1
2012-01-25,91231,,11,3,5070.0,48268R10,KSW,K S W INC,KSW,221330.0,Q,A,R,50698,3,5070.0,,,,50.0,507.0,,,,,,,3.3,0.0,6367.0,1.0,3.3,21011.1,KSW,10.0,9.0,4.0,9.0,8.0,10,10.0,1.0,5.0,3.0,7.0,9.0,1.0,7.0,9.0,5.0,10.0,4.0,10.0,5.0,3.0,7.0,6.0,6.0,10.0,5.0,2.0,,,7.0,,,10.0,5.0,7.0,9.0,9.0,7.0,,3.0,3.0,4.0,3.0,3.0,10.0,4.0,3.0,,,3.0,1.0,9,10.0,10,1
2012-01-26,91231,,11,3,5070.0,48268R10,KSW,K S W INC,KSW,221330.0,Q,A,R,50698,3,5070.0,,,,50.0,507.0,,,,,,,3.3,0.0,6367.0,1.0,3.3,21011.1,KSW,10.0,9.0,4.0,9.0,8.0,10,10.0,1.0,5.0,3.0,7.0,9.0,1.0,7.0,9.0,5.0,10.0,4.0,10.0,5.0,3.0,7.0,6.0,6.0,10.0,5.0,2.0,,,7.0,,,10.0,5.0,7.0,9.0,9.0,7.0,,3.0,3.0,4.0,3.0,3.0,10.0,4.0,3.0,,,3.0,1.0,9,10.0,10,1
2012-01-27,91231,,11,3,5070.0,48268R10,KSW,K S W INC,KSW,221330.0,Q,A,R,50698,3,5070.0,,,,50.0,507.0,,,,,,,3.3,0.0,6367.0,1.0,3.28,21011.1,KSW,10.0,9.0,4.0,9.0,8.0,10,10.0,1.0,5.0,3.0,7.0,9.0,1.0,7.0,9.0,5.0,10.0,4.0,10.0,5.0,3.0,7.0,6.0,6.0,10.0,5.0,2.0,,,7.0,,,10.0,5.0,7.0,9.0,9.0,7.0,,3.0,3.0,4.0,3.0,3.0,10.0,4.0,3.0,,,3.0,1.0,9,10.0,10,1
2012-01-30,91231,,11,3,5070.0,48268R10,KSW,K S W INC,KSW,221330.0,Q,A,R,50698,3,5070.0,,,,50.0,507.0,,,,,,,3.31,0.00303,6367.0,1.0,3.28,21074.77,KSW,10.0,9.0,4.0,9.0,8.0,10,10.0,1.0,5.0,3.0,7.0,9.0,1.0,7.0,9.0,5.0,10.0,4.0,10.0,5.0,3.0,7.0,6.0,6.0,10.0,5.0,2.0,,,7.0,,,10.0,5.0,7.0,9.0,9.0,7.0,,3.0,3.0,4.0,3.0,3.0,10.0,4.0,3.0,,,3.0,1.0,9,10.0,10,1
2012-01-31,91231,,11,3,5070.0,48268R10,KSW,K S W INC,KSW,221330.0,Q,A,R,50698,3,5070.0,,,,50.0,507.0,,,,,,,3.36,0.015106,6367.0,1.0,3.28,21393.12,KSW,10.0,9.0,4.0,9.0,8.0,10,10.0,1.0,5.0,3.0,7.0,9.0,1.0,7.0,9.0,5.0,10.0,4.0,10.0,5.0,3.0,7.0,6.0,6.0,10.0,5.0,2.0,,,7.0,,,10.0,5.0,7.0,9.0,9.0,7.0,,3.0,3.0,4.0,3.0,3.0,10.0,4.0,3.0,,,3.0,1.0,9,10.0,10,1
2012-02-01,91231,,11,3,5070.0,48268R10,KSW,K S W INC,KSW,221330.0,Q,A,R,50698,3,5070.0,,,,50.0,507.0,,,,,,,3.4,0.011905,6367.0,1.0,3.34,21647.8,KSW,10.0,9.0,4.0,9.0,8.0,10,10.0,1.0,5.0,3.0,7.0,9.0,1.0,7.0,9.0,5.0,10.0,4.0,10.0,5.0,3.0,7.0,6.0,6.0,10.0,5.0,2.0,,,9.0,,,10.0,5.0,7.0,8.0,9.0,6.0,,4.0,4.0,4.0,8.0,3.0,10.0,3.0,8.0,,,7.0,1.0,9,10.0,10,1
2012-02-02,91231,,11,3,5070.0,48268R10,KSW,K S W INC,KSW,221330.0,Q,A,R,50698,3,5070.0,,,,50.0,507.0,,,,,,,3.35,-0.014706,6367.0,1.0,3.4,21329.45,KSW,10.0,9.0,4.0,9.0,8.0,10,10.0,1.0,5.0,3.0,7.0,9.0,1.0,7.0,9.0,5.0,10.0,4.0,10.0,5.0,3.0,7.0,6.0,6.0,10.0,5.0,2.0,,,9.0,,,10.0,5.0,7.0,8.0,9.0,6.0,,4.0,4.0,4.0,8.0,3.0,10.0,3.0,8.0,,,7.0,1.0,9,10.0,10,1
2012-02-03,91231,,11,3,5070.0,48268R10,KSW,K S W INC,KSW,221330.0,Q,A,R,50698,3,5070.0,,,,50.0,507.0,,,,,,,3.5901,0.071672,6367.0,1.0,3.36,22858.1667,KSW,10.0,9.0,4.0,9.0,8.0,10,10.0,1.0,5.0,3.0,7.0,9.0,1.0,7.0,9.0,5.0,10.0,4.0,10.0,5.0,3.0,7.0,6.0,6.0,10.0,5.0,2.0,,,9.0,,,10.0,5.0,7.0,8.0,9.0,6.0,,4.0,4.0,4.0,8.0,3.0,10.0,3.0,8.0,,,7.0,1.0,9,10.0,10,1
2012-02-06,91231,,11,3,5070.0,48268R10,KSW,K S W INC,KSW,221330.0,Q,A,R,50698,3,5070.0,,,,50.0,507.0,,,,,,,3.5899,-5.6e-05,6367.0,1.0,3.56,22856.8933,KSW,10.0,9.0,4.0,9.0,8.0,10,10.0,1.0,5.0,3.0,7.0,9.0,1.0,7.0,9.0,5.0,10.0,4.0,10.0,5.0,3.0,7.0,6.0,6.0,10.0,5.0,2.0,,,9.0,,,10.0,5.0,7.0,8.0,9.0,6.0,,4.0,4.0,4.0,8.0,3.0,10.0,3.0,8.0,,,7.0,1.0,9,10.0,10,1
2012-02-07,91231,,11,3,5070.0,48268R10,KSW,K S W INC,KSW,221330.0,Q,A,R,50698,3,5070.0,,,,50.0,507.0,,,,,,,3.55,-0.011115,6367.0,1.0,3.6,22602.85,KSW,10.0,9.0,4.0,9.0,8.0,10,10.0,1.0,5.0,3.0,7.0,9.0,1.0,7.0,9.0,5.0,10.0,4.0,10.0,5.0,3.0,7.0,6.0,6.0,10.0,5.0,2.0,,,9.0,,,10.0,5.0,7.0,8.0,9.0,6.0,,4.0,4.0,4.0,8.0,3.0,10.0,3.0,8.0,,,7.0,1.0,9,10.0,10,1
2012-02-08,91231,,11,3,5070.0,48268R10,KSW,K S W INC,KSW,221330.0,Q,A,R,50698,3,5070.0,,,,50.0,507.0,,,,,,,3.6,0.014084,6367.0,1.0,3.56,22921.2,KSW,10.0,9.0,4.0,9.0,8.0,10,10.0,1.0,5.0,3.0,7.0,9.0,1.0,7.0,9.0,5.0,10.0,4.0,10.0,5.0,3.0,7.0,6.0,6.0,10.0,5.0,2.0,,,9.0,,,10.0,5.0,7.0,8.0,9.0,6.0,,4.0,4.0,4.0,8.0,3.0,10.0,3.0,8.0,,,7.0,1.0,9,10.0,10,1
2012-02-09,91231,,11,3,5070.0,48268R10,KSW,K S W INC,KSW,221330.0,Q,A,R,50698,3,5070.0,,,,50.0,507.0,,,,,,,3.68,0.022222,6367.0,1.0,3.71,23430.56,KSW,10.0,9.0,4.0,9.0,8.0,10,10.0,1.0,5.0,3.0,7.0,9.0,1.0,7.0,9.0,5.0,10.0,4.0,10.0,5.0,3.0,7.0,6.0,6.0,10.0,5.0,2.0,,,9.0,,,10.0,5.0,7.0,8.0,9.0,6.0,,4.0,4.0,4.0,8.0,3.0,10.0,3.0,8.0,,,7.0,1.0,9,10.0,10,1
2012-02-10,91231,,11,3,5070.0,48268R10,KSW,K S W INC,KSW,221330.0,Q,A,R,50698,3,5070.0,,,,50.0,507.0,,,,,,,3.57,-0.029891,6367.0,1.0,3.64,22730.19,KSW,10.0,9.0,4.0,9.0,8.0,10,10.0,1.0,5.0,3.0,7.0,9.0,1.0,7.0,9.0,5.0,10.0,4.0,10.0,5.0,3.0,7.0,6.0,6.0,10.0,5.0,2.0,,,9.0,,,10.0,5.0,7.0,8.0,9.0,6.0,,4.0,4.0,4.0,8.0,3.0,10.0,3.0,8.0,,,7.0,1.0,9,10.0,10,1
2012-02-13,91231,,11,3,5070.0,48268R10,KSW,K S W INC,KSW,221330.0,Q,A,R,50698,3,5070.0,,,,50.0,507.0,,,,,,,3.57,0.0,6367.0,1.0,3.57,22730.19,KSW,10.0,9.0,4.0,9.0,8.0,10,10.0,1.0,5.0,3.0,7.0,9.0,1.0,7.0,9.0,5.0,10.0,4.0,10.0,5.0,3.0,7.0,6.0,6.0,10.0,5.0,2.0,,,9.0,,,10.0,5.0,7.0,8.0,9.0,6.0,,4.0,4.0,4.0,8.0,3.0,10.0,3.0,8.0,,,7.0,1.0,9,10.0,10,1
2012-02-14,91231,,11,3,5070.0,48268R10,KSW,K S W INC,KSW,221330.0,Q,A,R,50698,3,5070.0,,,,50.0,507.0,,,,,,,3.65,0.022409,6367.0,1.0,3.59,23239.55,KSW,10.0,9.0,4.0,9.0,8.0,10,10.0,1.0,5.0,3.0,7.0,9.0,1.0,7.0,9.0,5.0,10.0,4.0,10.0,5.0,3.0,7.0,6.0,6.0,10.0,5.0,2.0,,,9.0,,,10.0,5.0,7.0,8.0,9.0,6.0,,4.0,4.0,4.0,8.0,3.0,10.0,3.0,8.0,,,7.0,1.0,9,10.0,10,1
2012-02-15,91231,,11,3,5070.0,48268R10,KSW,K S W INC,KSW,221330.0,Q,A,R,50698,3,5070.0,,,,50.0,507.0,,,,,,,3.55,-0.027397,6367.0,1.0,3.65,22602.85,KSW,10.0,9.0,4.0,9.0,8.0,10,10.0,1.0,5.0,3.0,7.0,9.0,1.0,7.0,9.0,5.0,10.0,4.0,10.0,5.0,3.0,7.0,6.0,6.0,10.0,5.0,2.0,,,9.0,,,10.0,5.0,7.0,8.0,9.0,6.0,,4.0,4.0,4.0,8.0,3.0,10.0,3.0,8.0,,,7.0,1.0,9,10.0,10,1
2012-02-16,91231,,11,3,5070.0,48268R10,KSW,K S W INC,KSW,221330.0,Q,A,R,50698,3,5070.0,,,,50.0,507.0,,,,,,,3.586,0.010141,6367.0,1.0,3.71,22832.062,KSW,10.0,9.0,4.0,9.0,8.0,10,10.0,1.0,5.0,3.0,7.0,9.0,1.0,7.0,9.0,5.0,10.0,4.0,10.0,5.0,3.0,7.0,6.0,6.0,10.0,5.0,2.0,,,9.0,,,10.0,5.0,7.0,8.0,9.0,6.0,,4.0,4.0,4.0,8.0,3.0,10.0,3.0,8.0,,,7.0,1.0,9,10.0,10,1
2012-02-17,91231,,11,3,5070.0,48268R10,KSW,K S W INC,KSW,221330.0,Q,A,R,50698,3,5070.0,,,,50.0,507.0,,,,,,,3.75,0.045733,6367.0,1.0,3.6,23876.25,KSW,10.0,9.0,4.0,9.0,8.0,10,10.0,1.0,5.0,3.0,7.0,9.0,1.0,7.0,9.0,5.0,10.0,4.0,10.0,5.0,3.0,7.0,6.0,6.0,10.0,5.0,2.0,,,9.0,,,10.0,5.0,7.0,8.0,9.0,6.0,,4.0,4.0,4.0,8.0,3.0,10.0,3.0,8.0,,,7.0,1.0,9,10.0,10,1
2012-02-21,91231,,11,3,5070.0,48268R10,KSW,K S W INC,KSW,221330.0,Q,A,R,50698,3,5070.0,,,,50.0,507.0,,,,,,,3.75,0.0,6367.0,1.0,3.752,23876.25,KSW,10.0,9.0,4.0,9.0,8.0,10,10.0,1.0,5.0,3.0,7.0,9.0,1.0,7.0,9.0,5.0,10.0,4.0,10.0,5.0,3.0,7.0,6.0,6.0,10.0,5.0,2.0,,,9.0,,,10.0,5.0,7.0,8.0,9.0,6.0,,4.0,4.0,4.0,8.0,3.0,10.0,3.0,8.0,,,7.0,1.0,9,10.0,10,1
2012-02-22,91231,,11,3,5070.0,48268R10,KSW,K S W INC,KSW,221330.0,Q,A,R,50698,3,5070.0,,,,50.0,507.0,,,,,,,3.6282,-0.03248,6367.0,1.0,3.71,23100.7494,KSW,10.0,9.0,4.0,9.0,8.0,10,10.0,1.0,5.0,3.0,7.0,9.0,1.0,7.0,9.0,5.0,10.0,4.0,10.0,5.0,3.0,7.0,6.0,6.0,10.0,5.0,2.0,,,9.0,,,10.0,5.0,7.0,8.0,9.0,6.0,,4.0,4.0,4.0,8.0,3.0,10.0,3.0,8.0,,,7.0,1.0,9,10.0,10,1
2012-02-23,91231,,11,3,5070.0,48268R10,KSW,K S W INC,KSW,221330.0,Q,A,R,50698,3,5070.0,,,,50.0,507.0,,,,,,,3.6499,0.005981,6367.0,1.0,3.57,23238.9133,KSW,10.0,9.0,4.0,9.0,8.0,10,10.0,1.0,5.0,3.0,7.0,9.0,1.0,7.0,9.0,5.0,10.0,4.0,10.0,5.0,3.0,7.0,6.0,6.0,10.0,5.0,2.0,,,9.0,,,10.0,5.0,7.0,8.0,9.0,6.0,,4.0,4.0,4.0,8.0,3.0,10.0,3.0,8.0,,,7.0,1.0,9,10.0,10,1
2012-02-24,91231,,11,3,5070.0,48268R10,KSW,K S W INC,KSW,221330.0,Q,A,R,50698,3,5070.0,,,,50.0,507.0,,,,,,,3.66,0.002767,6367.0,1.0,3.65,23303.22,KSW,10.0,9.0,4.0,9.0,8.0,10,10.0,1.0,5.0,3.0,7.0,9.0,1.0,7.0,9.0,5.0,10.0,4.0,10.0,5.0,3.0,7.0,6.0,6.0,10.0,5.0,2.0,,,9.0,,,10.0,5.0,7.0,8.0,9.0,6.0,,4.0,4.0,4.0,8.0,3.0,10.0,3.0,8.0,,,7.0,1.0,9,10.0,10,1
2012-02-27,91231,,11,3,5070.0,48268R10,KSW,K S W INC,KSW,221330.0,Q,A,R,50698,3,5070.0,,,,50.0,507.0,,,,,,,3.72,0.016393,6367.0,1.0,3.63,23685.24,KSW,10.0,9.0,4.0,9.0,8.0,10,10.0,1.0,5.0,3.0,7.0,9.0,1.0,7.0,9.0,5.0,10.0,4.0,10.0,5.0,3.0,7.0,6.0,6.0,10.0,5.0,2.0,,,9.0,,,10.0,5.0,7.0,8.0,9.0,6.0,,4.0,4.0,4.0,8.0,3.0,10.0,3.0,8.0,,,7.0,1.0,9,10.0,10,1
2012-02-28,91231,,11,3,5070.0,48268R10,KSW,K S W INC,KSW,221330.0,Q,A,R,50698,3,5070.0,,,,50.0,507.0,,,,,,,3.69,-0.008065,6367.0,1.0,3.6401,23494.23,KSW,10.0,9.0,4.0,9.0,8.0,10,10.0,1.0,5.0,3.0,7.0,9.0,1.0,7.0,9.0,5.0,10.0,4.0,10.0,5.0,3.0,7.0,6.0,6.0,10.0,5.0,2.0,,,9.0,,,10.0,5.0,7.0,8.0,9.0,6.0,,4.0,4.0,4.0,8.0,3.0,10.0,3.0,8.0,,,7.0,1.0,9,10.0,10,1
2012-02-29,91231,,11,3,5070.0,48268R10,KSW,K S W INC,KSW,221330.0,Q,A,R,50698,3,5070.0,,,,50.0,507.0,,,,,,,3.71,0.00542,6367.0,1.0,3.72,23621.57,KSW,10.0,9.0,4.0,9.0,8.0,10,10.0,1.0,5.0,3.0,7.0,9.0,1.0,7.0,9.0,5.0,10.0,4.0,10.0,5.0,3.0,7.0,6.0,6.0,10.0,5.0,2.0,,,9.0,,,10.0,5.0,7.0,8.0,9.0,6.0,,4.0,4.0,4.0,8.0,3.0,10.0,3.0,8.0,,,7.0,1.0,9,10.0,10,1
2012-03-01,91231,,11,3,5070.0,48268R10,KSW,K S W INC,KSW,221330.0,Q,A,R,50698,3,5070.0,,,,50.0,507.0,,,,,,,3.76,0.013477,6367.0,1.0,3.74,23939.92,KSW,10.0,9.0,4.0,9.0,8.0,10,10.0,1.0,5.0,3.0,7.0,9.0,1.0,7.0,9.0,5.0,10.0,4.0,10.0,5.0,3.0,7.0,6.0,6.0,10.0,5.0,2.0,,,7.0,,,10.0,6.0,4.0,8.0,9.0,6.0,,,,,2.0,3.0,10.0,1.0,2.0,,,5.0,1.0,9,10.0,10,1
2012-03-02,91231,,11,3,5070.0,48268R10,KSW,K S W INC,KSW,221330.0,Q,A,R,50698,3,5070.0,,,,50.0,507.0,,,,,,,3.7499,-0.002686,6367.0,1.0,3.7499,23875.6133,KSW,10.0,9.0,4.0,9.0,8.0,10,10.0,1.0,5.0,3.0,7.0,9.0,1.0,7.0,9.0,5.0,10.0,4.0,10.0,5.0,3.0,7.0,6.0,6.0,10.0,5.0,2.0,,,7.0,,,10.0,6.0,4.0,8.0,9.0,6.0,,,,,2.0,3.0,10.0,1.0,2.0,,,5.0,1.0,9,10.0,10,1
2012-03-05,91231,,11,3,5070.0,48268R10,KSW,K S W INC,KSW,221330.0,Q,A,R,50698,3,5070.0,,,,50.0,507.0,,,,,,,3.74,-0.00264,6367.0,1.0,3.73,23812.58,KSW,10.0,9.0,4.0,9.0,8.0,10,10.0,1.0,5.0,3.0,7.0,9.0,1.0,7.0,9.0,5.0,10.0,4.0,10.0,5.0,3.0,7.0,6.0,6.0,10.0,5.0,2.0,,,7.0,,,10.0,6.0,4.0,8.0,9.0,6.0,,,,,2.0,3.0,10.0,1.0,2.0,,,5.0,1.0,9,10.0,10,1
2012-03-06,91231,,11,3,5070.0,48268R10,KSW,K S W INC,KSW,221330.0,Q,A,R,50698,3,5070.0,,,,50.0,507.0,,,,,,,3.73,-0.002674,6367.0,1.0,3.69,23748.91,KSW,10.0,9.0,4.0,9.0,8.0,10,10.0,1.0,5.0,3.0,7.0,9.0,1.0,7.0,9.0,5.0,10.0,4.0,10.0,5.0,3.0,7.0,6.0,6.0,10.0,5.0,2.0,,,7.0,,,10.0,6.0,4.0,8.0,9.0,6.0,,,,,2.0,3.0,10.0,1.0,2.0,,,5.0,1.0,9,10.0,10,1
2012-03-07,91231,,11,3,5070.0,48268R10,KSW,K S W INC,KSW,221330.0,Q,A,R,50698,3,5070.0,,,,50.0,507.0,,,,,,,3.76,0.008043,6367.0,1.0,3.76,23939.92,KSW,10.0,9.0,4.0,9.0,8.0,10,10.0,1.0,5.0,3.0,7.0,9.0,1.0,7.0,9.0,5.0,10.0,4.0,10.0,5.0,3.0,7.0,6.0,6.0,10.0,5.0,2.0,,,7.0,,,10.0,6.0,4.0,8.0,9.0,6.0,,,,,2.0,3.0,10.0,1.0,2.0,,,5.0,1.0,9,10.0,10,1
2012-03-08,91231,,11,3,5070.0,48268R10,KSW,K S W INC,KSW,221330.0,Q,A,R,50698,3,5070.0,,,,50.0,507.0,,,,,,,3.75,-0.00266,6367.0,1.0,3.75,23876.25,KSW,10.0,9.0,4.0,9.0,8.0,10,10.0,1.0,5.0,3.0,7.0,9.0,1.0,7.0,9.0,5.0,10.0,4.0,10.0,5.0,3.0,7.0,6.0,6.0,10.0,5.0,2.0,,,7.0,,,10.0,6.0,4.0,8.0,9.0,6.0,,,,,2.0,3.0,10.0,1.0,2.0,,,5.0,1.0,9,10.0,10,1
2012-03-09,91231,,11,3,5070.0,48268R10,KSW,K S W INC,KSW,221330.0,Q,A,R,50698,3,5070.0,,,,50.0,507.0,,,,,,,3.77,0.005333,6367.0,1.0,3.76,24003.59,KSW,10.0,9.0,4.0,9.0,8.0,10,10.0,1.0,5.0,3.0,7.0,9.0,1.0,7.0,9.0,5.0,10.0,4.0,10.0,5.0,3.0,7.0,6.0,6.0,10.0,5.0,2.0,,,7.0,,,10.0,6.0,4.0,8.0,9.0,6.0,,,,,2.0,3.0,10.0,1.0,2.0,,,5.0,1.0,9,10.0,10,1
2012-03-12,91231,,11,3,5070.0,48268R10,KSW,K S W INC,KSW,221330.0,Q,A,R,50698,3,5070.0,,,,50.0,507.0,,,,,,,3.99,0.058355,6367.0,1.0,3.81,25404.33,KSW,10.0,9.0,4.0,9.0,8.0,10,10.0,1.0,5.0,3.0,7.0,9.0,1.0,7.0,9.0,5.0,10.0,4.0,10.0,5.0,3.0,7.0,6.0,6.0,10.0,5.0,2.0,,,7.0,,,10.0,6.0,4.0,8.0,9.0,6.0,,,,,2.0,3.0,10.0,1.0,2.0,,,5.0,1.0,9,10.0,10,1
2012-03-13,91231,,11,3,5070.0,48268R10,KSW,K S W INC,KSW,221330.0,Q,A,R,50698,3,5070.0,,,,50.0,507.0,,,,,,,4.0,0.002506,6367.0,1.0,4.0,25468.0,KSW,10.0,9.0,4.0,9.0,8.0,10,10.0,1.0,5.0,3.0,7.0,9.0,1.0,7.0,9.0,5.0,10.0,4.0,10.0,5.0,3.0,7.0,6.0,6.0,10.0,5.0,2.0,,,7.0,,,10.0,6.0,4.0,8.0,9.0,6.0,,,,,2.0,3.0,10.0,1.0,2.0,,,5.0,1.0,9,10.0,10,1
2012-03-14,91231,,11,3,5070.0,48268R10,KSW,K S W INC,KSW,221330.0,Q,A,R,50698,3,5070.0,,,,50.0,507.0,,,,,,,3.99,-0.0025,6367.0,1.0,3.95,25404.33,KSW,10.0,9.0,4.0,9.0,8.0,10,10.0,1.0,5.0,3.0,7.0,9.0,1.0,7.0,9.0,5.0,10.0,4.0,10.0,5.0,3.0,7.0,6.0,6.0,10.0,5.0,2.0,,,7.0,,,10.0,6.0,4.0,8.0,9.0,6.0,,,,,2.0,3.0,10.0,1.0,2.0,,,5.0,1.0,9,10.0,10,1
2012-03-15,91231,,11,3,5070.0,48268R10,KSW,K S W INC,KSW,221330.0,Q,A,R,50698,3,5070.0,,,,50.0,507.0,,,,,,,3.97,-0.005013,6367.0,1.0,4.0,25276.99,KSW,10.0,9.0,4.0,9.0,8.0,10,10.0,1.0,5.0,3.0,7.0,9.0,1.0,7.0,9.0,5.0,10.0,4.0,10.0,5.0,3.0,7.0,6.0,6.0,10.0,5.0,2.0,,,7.0,,,10.0,6.0,4.0,8.0,9.0,6.0,,,,,2.0,3.0,10.0,1.0,2.0,,,5.0,1.0,9,10.0,10,1
2012-03-16,91231,,11,3,5070.0,48268R10,KSW,K S W INC,KSW,221330.0,Q,A,R,50698,3,5070.0,,,,50.0,507.0,,,,,,,4.0,0.007557,6367.0,1.0,3.95,25468.0,KSW,10.0,9.0,4.0,9.0,8.0,10,10.0,1.0,5.0,3.0,7.0,9.0,1.0,7.0,9.0,5.0,10.0,4.0,10.0,5.0,3.0,7.0,6.0,6.0,10.0,5.0,2.0,,,7.0,,,10.0,6.0,4.0,8.0,9.0,6.0,,,,,2.0,3.0,10.0,1.0,2.0,,,5.0,1.0,9,10.0,10,1
2012-03-19,91231,,11,3,5070.0,48268R10,KSW,K S W INC,KSW,221330.0,Q,A,R,50698,3,5070.0,,,,50.0,507.0,,,,,,,3.91,-0.0225,6367.0,1.0,4.0,24894.97,KSW,10.0,9.0,4.0,9.0,8.0,10,10.0,1.0,5.0,3.0,7.0,9.0,1.0,7.0,9.0,5.0,10.0,4.0,10.0,5.0,3.0,7.0,6.0,6.0,10.0,5.0,2.0,,,7.0,,,10.0,6.0,4.0,8.0,9.0,6.0,,,,,2.0,3.0,10.0,1.0,2.0,,,5.0,1.0,9,10.0,10,1
2012-03-20,91231,,11,3,5070.0,48268R10,KSW,K S W INC,KSW,221330.0,Q,A,R,50698,3,5070.0,,,,50.0,507.0,,,,,,,3.88,-0.007673,6367.0,1.0,3.84,24703.96,KSW,10.0,9.0,4.0,9.0,8.0,10,10.0,1.0,5.0,3.0,7.0,9.0,1.0,7.0,9.0,5.0,10.0,4.0,10.0,5.0,3.0,7.0,6.0,6.0,10.0,5.0,2.0,,,7.0,,,10.0,6.0,4.0,8.0,9.0,6.0,,,,,2.0,3.0,10.0,1.0,2.0,,,5.0,1.0,9,10.0,10,1
2012-03-21,91231,,11,3,5070.0,48268R10,KSW,K S W INC,KSW,221330.0,Q,A,R,50698,3,5070.0,,,,50.0,507.0,,,,,,,3.91,0.007732,6367.0,1.0,3.82,24894.97,KSW,10.0,9.0,4.0,9.0,8.0,10,10.0,1.0,5.0,3.0,7.0,9.0,1.0,7.0,9.0,5.0,10.0,4.0,10.0,5.0,3.0,7.0,6.0,6.0,10.0,5.0,2.0,,,7.0,,,10.0,6.0,4.0,8.0,9.0,6.0,,,,,2.0,3.0,10.0,1.0,2.0,,,5.0,1.0,9,10.0,10,1
2012-03-22,91231,,11,3,5070.0,48268R10,KSW,K S W INC,KSW,221330.0,Q,A,R,50698,3,5070.0,,,,50.0,507.0,,,,,,,3.88,-0.007673,6367.0,1.0,3.8,24703.96,KSW,10.0,9.0,4.0,9.0,8.0,10,10.0,1.0,5.0,3.0,7.0,9.0,1.0,7.0,9.0,5.0,10.0,4.0,10.0,5.0,3.0,7.0,6.0,6.0,10.0,5.0,2.0,,,7.0,,,10.0,6.0,4.0,8.0,9.0,6.0,,,,,2.0,3.0,10.0,1.0,2.0,,,5.0,1.0,9,10.0,10,1
2012-03-23,91231,,11,3,5070.0,48268R10,KSW,K S W INC,KSW,221330.0,Q,A,R,50698,3,5070.0,,,,50.0,507.0,,,,,,,3.81,-0.018041,6367.0,1.0,3.86,24258.27,KSW,10.0,9.0,4.0,9.0,8.0,10,10.0,1.0,5.0,3.0,7.0,9.0,1.0,7.0,9.0,5.0,10.0,4.0,10.0,5.0,3.0,7.0,6.0,6.0,10.0,5.0,2.0,,,7.0,,,10.0,6.0,4.0,8.0,9.0,6.0,,,,,2.0,3.0,10.0,1.0,2.0,,,5.0,1.0,9,10.0,10,1
2012-03-26,91231,,11,3,5070.0,48268R10,KSW,K S W INC,KSW,221330.0,Q,A,R,50698,3,5070.0,,,,50.0,507.0,,,,,,,3.92,0.028871,6367.0,1.0,3.86,24958.64,KSW,10.0,9.0,4.0,9.0,8.0,10,10.0,1.0,5.0,3.0,7.0,9.0,1.0,7.0,9.0,5.0,10.0,4.0,10.0,5.0,3.0,7.0,6.0,6.0,10.0,5.0,2.0,,,7.0,,,10.0,6.0,4.0,8.0,9.0,6.0,,,,,2.0,3.0,10.0,1.0,2.0,,,5.0,1.0,9,10.0,10,1
2012-03-27,91231,,11,3,5070.0,48268R10,KSW,K S W INC,KSW,221330.0,Q,A,R,50698,3,5070.0,,,,50.0,507.0,,,,,,,3.9,-0.005102,6367.0,1.0,3.79,24831.3,KSW,10.0,9.0,4.0,9.0,8.0,10,10.0,1.0,5.0,3.0,7.0,9.0,1.0,7.0,9.0,5.0,10.0,4.0,10.0,5.0,3.0,7.0,6.0,6.0,10.0,5.0,2.0,,,7.0,,,10.0,6.0,4.0,8.0,9.0,6.0,,,,,2.0,3.0,10.0,1.0,2.0,,,5.0,1.0,9,10.0,10,1
2012-03-28,91231,,11,3,5070.0,48268R10,KSW,K S W INC,KSW,221330.0,Q,A,R,50698,3,5070.0,,,,50.0,507.0,,,,,,,3.92,0.005128,6367.0,1.0,3.9,24958.64,KSW,10.0,9.0,4.0,9.0,8.0,10,10.0,1.0,5.0,3.0,7.0,9.0,1.0,7.0,9.0,5.0,10.0,4.0,10.0,5.0,3.0,7.0,6.0,6.0,10.0,5.0,2.0,,,7.0,,,10.0,6.0,4.0,8.0,9.0,6.0,,,,,2.0,3.0,10.0,1.0,2.0,,,5.0,1.0,9,10.0,10,1
2012-03-29,91231,,11,3,5070.0,48268R10,KSW,K S W INC,KSW,221330.0,Q,A,R,50698,3,5070.0,,,,50.0,507.0,,,,,,,3.91,-0.002551,6367.0,1.0,3.92,24894.97,KSW,10.0,9.0,4.0,9.0,8.0,10,10.0,1.0,5.0,3.0,7.0,9.0,1.0,7.0,9.0,5.0,10.0,4.0,10.0,5.0,3.0,7.0,6.0,6.0,10.0,5.0,2.0,,,7.0,,,10.0,6.0,4.0,8.0,9.0,6.0,,,,,2.0,3.0,10.0,1.0,2.0,,,5.0,1.0,9,10.0,10,1
2012-03-30,91231,,11,3,5070.0,48268R10,KSW,K S W INC,KSW,221330.0,Q,A,R,50698,3,5070.0,,,,50.0,507.0,,,,,,,3.9,-0.002558,6367.0,1.0,3.87,24831.3,KSW,10.0,9.0,4.0,9.0,8.0,10,10.0,1.0,5.0,3.0,7.0,9.0,1.0,7.0,9.0,5.0,10.0,4.0,10.0,5.0,3.0,7.0,6.0,6.0,10.0,5.0,2.0,,,7.0,,,10.0,6.0,4.0,8.0,9.0,6.0,,,,,2.0,3.0,10.0,1.0,2.0,,,5.0,1.0,9,10.0,10,1
2012-04-02,91231,,11,3,5070.0,48268R10,KSW,K S W INC,KSW,221330.0,Q,A,R,50698,3,5070.0,,,,50.0,507.0,,,,,,,3.85,-0.012821,6367.0,1.0,3.85,24512.95,KSW,10.0,9.0,4.0,9.0,8.0,10,10.0,1.0,5.0,3.0,7.0,9.0,1.0,7.0,9.0,5.0,10.0,4.0,10.0,5.0,3.0,7.0,6.0,6.0,10.0,5.0,2.0,,,6.0,,,10.0,8.0,6.0,8.0,8.0,6.0,,6.0,9.0,7.0,3.0,4.0,10.0,5.0,4.0,,,7.0,1.0,9,10.0,10,1
2012-04-03,91231,,11,3,5070.0,48268R10,KSW,K S W INC,KSW,221330.0,Q,A,R,50698,3,5070.0,,,,50.0,507.0,,,,,,,3.85,0.0,6367.0,1.0,3.82,24512.95,KSW,10.0,9.0,4.0,9.0,8.0,10,10.0,1.0,5.0,3.0,7.0,9.0,1.0,7.0,9.0,5.0,10.0,4.0,10.0,5.0,3.0,7.0,6.0,6.0,10.0,5.0,2.0,,,6.0,,,10.0,8.0,6.0,8.0,8.0,6.0,,6.0,9.0,7.0,3.0,4.0,10.0,5.0,4.0,,,7.0,1.0,9,10.0,10,1
2012-04-04,91231,,11,3,5070.0,48268R10,KSW,K S W INC,KSW,221330.0,Q,A,R,50698,3,5070.0,,,,50.0,507.0,,,,,,,3.84,-0.002597,6367.0,1.0,3.85,24449.28,KSW,10.0,9.0,4.0,9.0,8.0,10,10.0,1.0,5.0,3.0,7.0,9.0,1.0,7.0,9.0,5.0,10.0,4.0,10.0,5.0,3.0,7.0,6.0,6.0,10.0,5.0,2.0,,,6.0,,,10.0,8.0,6.0,8.0,8.0,6.0,,6.0,9.0,7.0,3.0,4.0,10.0,5.0,4.0,,,7.0,1.0,9,10.0,10,1
2012-04-05,91231,,11,3,5070.0,48268R10,KSW,K S W INC,KSW,221330.0,Q,A,R,50698,3,5070.0,,,,50.0,507.0,,,,,,,3.78,-0.015625,6367.0,1.0,3.81,24067.26,KSW,10.0,9.0,4.0,9.0,8.0,10,10.0,1.0,5.0,3.0,7.0,9.0,1.0,7.0,9.0,5.0,10.0,4.0,10.0,5.0,3.0,7.0,6.0,6.0,10.0,5.0,2.0,,,6.0,,,10.0,8.0,6.0,8.0,8.0,6.0,,6.0,9.0,7.0,3.0,4.0,10.0,5.0,4.0,,,7.0,1.0,9,10.0,10,1
2012-04-09,91231,,11,3,5070.0,48268R10,KSW,K S W INC,KSW,221330.0,Q,A,R,50698,3,5070.0,,,,50.0,507.0,,,,,,,3.89,0.029101,6367.0,1.0,3.76,24767.63,KSW,10.0,9.0,4.0,9.0,8.0,10,10.0,1.0,5.0,3.0,7.0,9.0,1.0,7.0,9.0,5.0,10.0,4.0,10.0,5.0,3.0,7.0,6.0,6.0,10.0,5.0,2.0,,,6.0,,,10.0,8.0,6.0,8.0,8.0,6.0,,6.0,9.0,7.0,3.0,4.0,10.0,5.0,4.0,,,7.0,1.0,9,10.0,10,1
2012-04-10,91231,,11,3,5070.0,48268R10,KSW,K S W INC,KSW,221330.0,Q,A,R,50698,3,5070.0,,,,50.0,507.0,,,,,,,3.86,-0.007712,6367.0,1.0,3.82,24576.62,KSW,10.0,9.0,4.0,9.0,8.0,10,10.0,1.0,5.0,3.0,7.0,9.0,1.0,7.0,9.0,5.0,10.0,4.0,10.0,5.0,3.0,7.0,6.0,6.0,10.0,5.0,2.0,,,6.0,,,10.0,8.0,6.0,8.0,8.0,6.0,,6.0,9.0,7.0,3.0,4.0,10.0,5.0,4.0,,,7.0,1.0,9,10.0,10,1
2012-04-11,91231,,11,3,5070.0,48268R10,KSW,K S W INC,KSW,221330.0,Q,A,R,50698,3,5070.0,,,,50.0,507.0,,,,,,,3.86,0.0,6367.0,1.0,3.85,24576.62,KSW,10.0,9.0,4.0,9.0,8.0,10,10.0,1.0,5.0,3.0,7.0,9.0,1.0,7.0,9.0,5.0,10.0,4.0,10.0,5.0,3.0,7.0,6.0,6.0,10.0,5.0,2.0,,,6.0,,,10.0,8.0,6.0,8.0,8.0,6.0,,6.0,9.0,7.0,3.0,4.0,10.0,5.0,4.0,,,7.0,1.0,9,10.0,10,1
2012-04-12,91231,,11,3,5070.0,48268R10,KSW,K S W INC,KSW,221330.0,Q,A,R,50698,3,5070.0,,,,50.0,507.0,,,,,,,3.94,0.020725,6367.0,1.0,3.85,25085.98,KSW,10.0,9.0,4.0,9.0,8.0,10,10.0,1.0,5.0,3.0,7.0,9.0,1.0,7.0,9.0,5.0,10.0,4.0,10.0,5.0,3.0,7.0,6.0,6.0,10.0,5.0,2.0,,,6.0,,,10.0,8.0,6.0,8.0,8.0,6.0,,6.0,9.0,7.0,3.0,4.0,10.0,5.0,4.0,,,7.0,1.0,9,10.0,10,1
2012-04-13,91231,,11,3,5070.0,48268R10,KSW,K S W INC,KSW,221330.0,Q,A,R,50698,3,5070.0,,,,50.0,507.0,,,,,,,3.93,-0.002538,6367.0,1.0,3.95,25022.31,KSW,10.0,9.0,4.0,9.0,8.0,10,10.0,1.0,5.0,3.0,7.0,9.0,1.0,7.0,9.0,5.0,10.0,4.0,10.0,5.0,3.0,7.0,6.0,6.0,10.0,5.0,2.0,,,6.0,,,10.0,8.0,6.0,8.0,8.0,6.0,,6.0,9.0,7.0,3.0,4.0,10.0,5.0,4.0,,,7.0,1.0,9,10.0,10,1
2012-04-16,91231,,11,3,5070.0,48268R10,KSW,K S W INC,KSW,221330.0,Q,A,R,50698,3,5070.0,,,,50.0,507.0,,,,,,,3.93,0.0,6367.0,1.0,3.76,25022.31,KSW,10.0,9.0,4.0,9.0,8.0,10,10.0,1.0,5.0,3.0,7.0,9.0,1.0,7.0,9.0,5.0,10.0,4.0,10.0,5.0,3.0,7.0,6.0,6.0,10.0,5.0,2.0,,,6.0,,,10.0,8.0,6.0,8.0,8.0,6.0,,6.0,9.0,7.0,3.0,4.0,10.0,5.0,4.0,,,7.0,1.0,9,10.0,10,1
2012-04-17,91231,,11,3,5070.0,48268R10,KSW,K S W INC,KSW,221330.0,Q,A,R,50698,3,5070.0,,,,50.0,507.0,,,,,,,3.95,0.005089,6367.0,1.0,3.78,25149.65,KSW,10.0,9.0,4.0,9.0,8.0,10,10.0,1.0,5.0,3.0,7.0,9.0,1.0,7.0,9.0,5.0,10.0,4.0,10.0,5.0,3.0,7.0,6.0,6.0,10.0,5.0,2.0,,,6.0,,,10.0,8.0,6.0,8.0,8.0,6.0,,6.0,9.0,7.0,3.0,4.0,10.0,5.0,4.0,,,7.0,1.0,9,10.0,10,1
2012-04-18,91231,,11,3,5070.0,48268R10,KSW,K S W INC,KSW,221330.0,Q,A,R,50698,3,5070.0,,,,50.0,507.0,,,,,,,3.94,-0.002532,6367.0,1.0,3.94,25085.98,KSW,10.0,9.0,4.0,9.0,8.0,10,10.0,1.0,5.0,3.0,7.0,9.0,1.0,7.0,9.0,5.0,10.0,4.0,10.0,5.0,3.0,7.0,6.0,6.0,10.0,5.0,2.0,,,6.0,,,10.0,8.0,6.0,8.0,8.0,6.0,,6.0,9.0,7.0,3.0,4.0,10.0,5.0,4.0,,,7.0,1.0,9,10.0,10,1
2012-04-19,91231,,11,3,5070.0,48268R10,KSW,K S W INC,KSW,221330.0,Q,A,R,50698,3,5070.0,,,,50.0,507.0,,,,,,,3.88,-0.015228,6367.0,1.0,3.92,24703.96,KSW,10.0,9.0,4.0,9.0,8.0,10,10.0,1.0,5.0,3.0,7.0,9.0,1.0,7.0,9.0,5.0,10.0,4.0,10.0,5.0,3.0,7.0,6.0,6.0,10.0,5.0,2.0,,,6.0,,,10.0,8.0,6.0,8.0,8.0,6.0,,6.0,9.0,7.0,3.0,4.0,10.0,5.0,4.0,,,7.0,1.0,9,10.0,10,1
2012-04-20,91231,,11,3,5070.0,48268R10,KSW,K S W INC,KSW,221330.0,Q,A,R,50698,3,5070.0,,,,50.0,507.0,,,,,,,3.81,-0.018041,6367.0,1.0,3.94,24258.27,KSW,10.0,9.0,4.0,9.0,8.0,10,10.0,1.0,5.0,3.0,7.0,9.0,1.0,7.0,9.0,5.0,10.0,4.0,10.0,5.0,3.0,7.0,6.0,6.0,10.0,5.0,2.0,,,6.0,,,10.0,8.0,6.0,8.0,8.0,6.0,,6.0,9.0,7.0,3.0,4.0,10.0,5.0,4.0,,,7.0,1.0,9,10.0,10,1
2012-04-23,91231,,11,3,5070.0,48268R10,KSW,K S W INC,KSW,221330.0,Q,A,R,50698,3,5070.0,,,,50.0,507.0,,,,,,,3.9,0.023622,6367.0,1.0,3.87,24831.3,KSW,10.0,9.0,4.0,9.0,8.0,10,10.0,1.0,5.0,3.0,7.0,9.0,1.0,7.0,9.0,5.0,10.0,4.0,10.0,5.0,3.0,7.0,6.0,6.0,10.0,5.0,2.0,,,6.0,,,10.0,8.0,6.0,8.0,8.0,6.0,,6.0,9.0,7.0,3.0,4.0,10.0,5.0,4.0,,,7.0,1.0,9,10.0,10,1
2012-04-24,91231,,11,3,5070.0,48268R10,KSW,K S W INC,KSW,221330.0,Q,A,R,50698,3,5070.0,,,,50.0,507.0,,,,,,,3.88,-0.005128,6367.0,1.0,3.88,24703.96,KSW,10.0,9.0,4.0,9.0,8.0,10,10.0,1.0,5.0,3.0,7.0,9.0,1.0,7.0,9.0,5.0,10.0,4.0,10.0,5.0,3.0,7.0,6.0,6.0,10.0,5.0,2.0,,,6.0,,,10.0,8.0,6.0,8.0,8.0,6.0,,6.0,9.0,7.0,3.0,4.0,10.0,5.0,4.0,,,7.0,1.0,9,10.0,10,1
2012-04-25,91231,,11,3,5070.0,48268R10,KSW,K S W INC,KSW,221330.0,Q,A,R,50698,3,5070.0,,,,50.0,507.0,,,,,,,3.88,0.0,6367.0,1.0,3.86,24703.96,KSW,10.0,9.0,4.0,9.0,8.0,10,10.0,1.0,5.0,3.0,7.0,9.0,1.0,7.0,9.0,5.0,10.0,4.0,10.0,5.0,3.0,7.0,6.0,6.0,10.0,5.0,2.0,,,6.0,,,10.0,8.0,6.0,8.0,8.0,6.0,,6.0,9.0,7.0,3.0,4.0,10.0,5.0,4.0,,,7.0,1.0,9,10.0,10,1
2012-04-26,91231,,11,3,5070.0,48268R10,KSW,K S W INC,KSW,221330.0,Q,A,R,50698,3,5070.0,,,,50.0,507.0,,,,,,,3.83,-0.012887,6367.0,1.0,3.82,24385.61,KSW,10.0,9.0,4.0,9.0,8.0,10,10.0,1.0,5.0,3.0,7.0,9.0,1.0,7.0,9.0,5.0,10.0,4.0,10.0,5.0,3.0,7.0,6.0,6.0,10.0,5.0,2.0,,,6.0,,,10.0,8.0,6.0,8.0,8.0,6.0,,6.0,9.0,7.0,3.0,4.0,10.0,5.0,4.0,,,7.0,1.0,9,10.0,10,1
2012-04-27,91231,,11,3,5070.0,48268R10,KSW,K S W INC,KSW,221330.0,Q,A,R,50698,3,5070.0,,,,50.0,507.0,,,,,,,3.93,0.02611,6367.0,1.0,3.82,25022.31,KSW,10.0,9.0,4.0,9.0,8.0,10,10.0,1.0,5.0,3.0,7.0,9.0,1.0,7.0,9.0,5.0,10.0,4.0,10.0,5.0,3.0,7.0,6.0,6.0,10.0,5.0,2.0,,,6.0,,,10.0,8.0,6.0,8.0,8.0,6.0,,6.0,9.0,7.0,3.0,4.0,10.0,5.0,4.0,,,7.0,1.0,9,10.0,10,1
2012-04-30,91231,,11,3,5070.0,48268R10,KSW,K S W INC,KSW,221330.0,Q,A,R,50698,3,5070.0,,,,50.0,507.0,,,,,,,3.9001,-0.007608,6367.0,1.0,3.91,24831.9367,KSW,10.0,9.0,4.0,9.0,8.0,10,10.0,1.0,5.0,3.0,7.0,9.0,1.0,7.0,9.0,5.0,10.0,4.0,10.0,5.0,3.0,7.0,6.0,6.0,10.0,5.0,2.0,,,6.0,,,10.0,8.0,6.0,8.0,8.0,6.0,,6.0,9.0,7.0,3.0,4.0,10.0,5.0,4.0,,,7.0,1.0,9,10.0,10,1
2012-05-01,91231,,11,3,5070.0,48268R10,KSW,K S W INC,KSW,221330.0,Q,A,R,50698,3,5070.0,,,,50.0,507.0,,,,,,,3.8,-0.025666,6367.0,1.0,3.92,24194.6,KSW,10.0,9.0,4.0,9.0,8.0,10,10.0,1.0,5.0,3.0,7.0,9.0,1.0,7.0,9.0,5.0,10.0,4.0,10.0,5.0,3.0,7.0,6.0,6.0,10.0,5.0,2.0,,,6.0,,,10.0,8.0,6.0,9.0,8.0,6.0,,7.0,9.0,7.0,5.0,4.0,10.0,5.0,5.0,,,7.0,1.0,9,10.0,10,1
2012-05-02,91231,,11,3,5070.0,48268R10,KSW,K S W INC,KSW,221330.0,Q,A,R,50698,3,5070.0,,,,50.0,507.0,,,,,,,3.8799,0.021026,6367.0,1.0,3.87,24703.3233,KSW,10.0,9.0,4.0,9.0,8.0,10,10.0,1.0,5.0,3.0,7.0,9.0,1.0,7.0,9.0,5.0,10.0,4.0,10.0,5.0,3.0,7.0,6.0,6.0,10.0,5.0,2.0,,,6.0,,,10.0,8.0,6.0,9.0,8.0,6.0,,7.0,9.0,7.0,5.0,4.0,10.0,5.0,5.0,,,7.0,1.0,9,10.0,10,1
2012-05-03,91231,,11,3,5070.0,48268R10,KSW,K S W INC,KSW,221330.0,Q,A,R,50698,3,5070.0,,,,50.0,507.0,,,,,,,3.89,0.002603,6367.0,1.0,3.7601,24767.63,KSW,10.0,9.0,4.0,9.0,8.0,10,10.0,1.0,5.0,3.0,7.0,9.0,1.0,7.0,9.0,5.0,10.0,4.0,10.0,5.0,3.0,7.0,6.0,6.0,10.0,5.0,2.0,,,6.0,,,10.0,8.0,6.0,9.0,8.0,6.0,,7.0,9.0,7.0,5.0,4.0,10.0,5.0,5.0,,,7.0,1.0,9,10.0,10,1
2012-05-04,91231,,11,3,5070.0,48268R10,KSW,K S W INC,KSW,221330.0,Q,A,R,50698,3,5070.0,,,,50.0,507.0,,,,,,,3.85,-0.010283,6367.0,1.0,3.87,24512.95,KSW,10.0,9.0,4.0,9.0,8.0,10,10.0,1.0,5.0,3.0,7.0,9.0,1.0,7.0,9.0,5.0,10.0,4.0,10.0,5.0,3.0,7.0,6.0,6.0,10.0,5.0,2.0,,,6.0,,,10.0,8.0,6.0,9.0,8.0,6.0,,7.0,9.0,7.0,5.0,4.0,10.0,5.0,5.0,,,7.0,1.0,9,10.0,10,1
2012-05-07,91231,,11,3,5070.0,48268R10,KSW,K S W INC,KSW,221330.0,Q,A,R,50698,3,5070.0,,,,50.0,507.0,,,,,,,3.97,0.031169,6367.0,1.0,3.9,25276.99,KSW,10.0,9.0,4.0,9.0,8.0,10,10.0,1.0,5.0,3.0,7.0,9.0,1.0,7.0,9.0,5.0,10.0,4.0,10.0,5.0,3.0,7.0,6.0,6.0,10.0,5.0,2.0,,,6.0,,,10.0,8.0,6.0,9.0,8.0,6.0,,7.0,9.0,7.0,5.0,4.0,10.0,5.0,5.0,,,7.0,1.0,9,10.0,10,1
2012-05-08,91231,,11,3,5070.0,48268R10,KSW,K S W INC,KSW,221330.0,Q,A,R,50698,3,5070.0,,,,50.0,507.0,,,,,,,3.93,-0.010076,6367.0,1.0,3.98,25022.31,KSW,10.0,9.0,4.0,9.0,8.0,10,10.0,1.0,5.0,3.0,7.0,9.0,1.0,7.0,9.0,5.0,10.0,4.0,10.0,5.0,3.0,7.0,6.0,6.0,10.0,5.0,2.0,,,6.0,,,10.0,8.0,6.0,9.0,8.0,6.0,,7.0,9.0,7.0,5.0,4.0,10.0,5.0,5.0,,,7.0,1.0,9,10.0,10,1
2012-05-09,91231,,11,3,5070.0,48268R10,KSW,K S W INC,KSW,221330.0,Q,A,R,50698,3,5070.0,,,,50.0,507.0,,,,,,,3.95,0.005089,6367.0,1.0,3.93,25149.65,KSW,10.0,9.0,4.0,9.0,8.0,10,10.0,1.0,5.0,3.0,7.0,9.0,1.0,7.0,9.0,5.0,10.0,4.0,10.0,5.0,3.0,7.0,6.0,6.0,10.0,5.0,2.0,,,6.0,,,10.0,8.0,6.0,9.0,8.0,6.0,,7.0,9.0,7.0,5.0,4.0,10.0,5.0,5.0,,,7.0,1.0,9,10.0,10,1
2012-05-10,91231,,11,3,5070.0,48268R10,KSW,K S W INC,KSW,221330.0,Q,A,R,50698,3,5070.0,,,,50.0,507.0,,,,,,,4.0,0.012658,6367.0,1.0,4.0,25468.0,KSW,10.0,9.0,4.0,9.0,8.0,10,10.0,1.0,5.0,3.0,7.0,9.0,1.0,7.0,9.0,5.0,10.0,4.0,10.0,5.0,3.0,7.0,6.0,6.0,10.0,5.0,2.0,,,6.0,,,10.0,8.0,6.0,9.0,8.0,6.0,,7.0,9.0,7.0,5.0,4.0,10.0,5.0,5.0,,,7.0,1.0,9,10.0,10,1
2012-05-11,91231,,11,3,5070.0,48268R10,KSW,K S W INC,KSW,221330.0,Q,A,R,50698,3,5070.0,,,,50.0,507.0,,,,,,,4.07,0.0175,6367.0,1.0,4.0,25913.69,KSW,10.0,9.0,4.0,9.0,8.0,10,10.0,1.0,5.0,3.0,7.0,9.0,1.0,7.0,9.0,5.0,10.0,4.0,10.0,5.0,3.0,7.0,6.0,6.0,10.0,5.0,2.0,,,6.0,,,10.0,8.0,6.0,9.0,8.0,6.0,,7.0,9.0,7.0,5.0,4.0,10.0,5.0,5.0,,,7.0,1.0,9,10.0,10,1
2012-05-14,91231,,11,3,5070.0,48268R10,KSW,K S W INC,KSW,221330.0,Q,A,R,50698,3,5070.0,,,,50.0,507.0,,,,,,,4.09,0.004914,6387.0,1.0,4.02,26122.83,KSW,10.0,9.0,4.0,9.0,8.0,10,10.0,1.0,5.0,3.0,7.0,9.0,1.0,7.0,9.0,5.0,10.0,4.0,10.0,5.0,3.0,7.0,6.0,6.0,10.0,5.0,2.0,,,6.0,,,10.0,8.0,6.0,9.0,8.0,6.0,,7.0,9.0,7.0,5.0,4.0,10.0,5.0,5.0,,,7.0,1.0,9,10.0,10,1
2012-05-15,91231,,11,3,5070.0,48268R10,KSW,K S W INC,KSW,221330.0,Q,A,R,50698,3,5070.0,,,,50.0,507.0,,,,,,,4.09,0.0,6387.0,1.0,4.018,26122.83,KSW,10.0,9.0,4.0,9.0,8.0,10,10.0,1.0,5.0,3.0,7.0,9.0,1.0,7.0,9.0,5.0,10.0,4.0,10.0,5.0,3.0,7.0,6.0,6.0,10.0,5.0,2.0,,,6.0,,,10.0,8.0,6.0,9.0,8.0,6.0,,7.0,9.0,7.0,5.0,4.0,10.0,5.0,5.0,,,7.0,1.0,9,10.0,10,1
2012-05-16,91231,,11,3,5070.0,48268R10,KSW,K S W INC,KSW,221330.0,Q,A,R,50698,3,5070.0,,,,50.0,507.0,1252.0,0.2,0.0,,,,4.0,0.026895,6387.0,1.0,3.96,25548.0,KSW,10.0,9.0,4.0,9.0,8.0,10,10.0,1.0,5.0,3.0,7.0,9.0,1.0,7.0,9.0,5.0,10.0,4.0,10.0,5.0,3.0,7.0,6.0,6.0,10.0,5.0,2.0,,,6.0,,,10.0,8.0,6.0,9.0,8.0,6.0,,7.0,9.0,7.0,5.0,4.0,10.0,5.0,5.0,,,7.0,1.0,9,10.0,10,1
2012-05-17,91231,,11,3,5070.0,48268R10,KSW,K S W INC,KSW,221330.0,Q,A,R,50698,3,5070.0,,,,50.0,507.0,,,,,,,3.9496,-0.0126,6387.0,1.0,3.96,25226.0952,KSW,10.0,9.0,4.0,9.0,8.0,10,10.0,1.0,5.0,3.0,7.0,9.0,1.0,7.0,9.0,5.0,10.0,4.0,10.0,5.0,3.0,7.0,6.0,6.0,10.0,5.0,2.0,,,6.0,,,10.0,8.0,6.0,9.0,8.0,6.0,,7.0,9.0,7.0,5.0,4.0,10.0,5.0,5.0,,,7.0,1.0,9,10.0,10,1
2012-05-18,91231,,11,3,5070.0,48268R10,KSW,K S W INC,KSW,221330.0,Q,A,R,50698,3,5070.0,,,,50.0,507.0,,,,,,,3.95,0.000101,6387.0,1.0,3.95,25228.65,KSW,10.0,9.0,4.0,9.0,8.0,10,10.0,1.0,5.0,3.0,7.0,9.0,1.0,7.0,9.0,5.0,10.0,4.0,10.0,5.0,3.0,7.0,6.0,6.0,10.0,5.0,2.0,,,6.0,,,10.0,8.0,6.0,9.0,8.0,6.0,,7.0,9.0,7.0,5.0,4.0,10.0,5.0,5.0,,,7.0,1.0,9,10.0,10,1
2012-05-21,91231,,11,3,5070.0,48268R10,KSW,K S W INC,KSW,221330.0,Q,A,R,50698,3,5070.0,,,,50.0,507.0,,,,,,,4.138,0.047595,6387.0,1.0,4.11,26429.406,KSW,10.0,9.0,4.0,9.0,8.0,10,10.0,1.0,5.0,3.0,7.0,9.0,1.0,7.0,9.0,5.0,10.0,4.0,10.0,5.0,3.0,7.0,6.0,6.0,10.0,5.0,2.0,,,6.0,,,10.0,8.0,6.0,9.0,8.0,6.0,,7.0,9.0,7.0,5.0,4.0,10.0,5.0,5.0,,,7.0,1.0,9,10.0,10,1
2012-05-22,91231,,11,3,5070.0,48268R10,KSW,K S W INC,KSW,221330.0,Q,A,R,50698,3,5070.0,,,,50.0,507.0,,,,,,,4.02,-0.028516,6387.0,1.0,4.15,25675.74,KSW,10.0,9.0,4.0,9.0,8.0,10,10.0,1.0,5.0,3.0,7.0,9.0,1.0,7.0,9.0,5.0,10.0,4.0,10.0,5.0,3.0,7.0,6.0,6.0,10.0,5.0,2.0,,,6.0,,,10.0,8.0,6.0,9.0,8.0,6.0,,7.0,9.0,7.0,5.0,4.0,10.0,5.0,5.0,,,7.0,1.0,9,10.0,10,1
2012-05-23,91231,,11,3,5070.0,48268R10,KSW,K S W INC,KSW,221330.0,Q,A,R,50698,3,5070.0,,,,50.0,507.0,,,,,,,4.02,0.0,6387.0,1.0,4.02,25675.74,KSW,10.0,9.0,4.0,9.0,8.0,10,10.0,1.0,5.0,3.0,7.0,9.0,1.0,7.0,9.0,5.0,10.0,4.0,10.0,5.0,3.0,7.0,6.0,6.0,10.0,5.0,2.0,,,6.0,,,10.0,8.0,6.0,9.0,8.0,6.0,,7.0,9.0,7.0,5.0,4.0,10.0,5.0,5.0,,,7.0,1.0,9,10.0,10,1
2012-05-24,91231,,11,3,5070.0,48268R10,KSW,K S W INC,KSW,221330.0,Q,A,R,50698,3,5070.0,,,,50.0,507.0,,,,,,,3.93,-0.022388,6387.0,1.0,4.04,25100.91,KSW,10.0,9.0,4.0,9.0,8.0,10,10.0,1.0,5.0,3.0,7.0,9.0,1.0,7.0,9.0,5.0,10.0,4.0,10.0,5.0,3.0,7.0,6.0,6.0,10.0,5.0,2.0,,,6.0,,,10.0,8.0,6.0,9.0,8.0,6.0,,7.0,9.0,7.0,5.0,4.0,10.0,5.0,5.0,,,7.0,1.0,9,10.0,10,1
2012-05-25,91231,,11,3,5070.0,48268R10,KSW,K S W INC,KSW,221330.0,Q,A,R,50698,3,5070.0,,,,50.0,507.0,,,,,,,3.95,0.005089,6387.0,1.0,3.94,25228.65,KSW,10.0,9.0,4.0,9.0,8.0,10,10.0,1.0,5.0,3.0,7.0,9.0,1.0,7.0,9.0,5.0,10.0,4.0,10.0,5.0,3.0,7.0,6.0,6.0,10.0,5.0,2.0,,,6.0,,,10.0,8.0,6.0,9.0,8.0,6.0,,7.0,9.0,7.0,5.0,4.0,10.0,5.0,5.0,,,7.0,1.0,9,10.0,10,1
2012-05-29,91231,,11,3,5070.0,48268R10,KSW,K S W INC,KSW,221330.0,Q,A,R,50698,3,5070.0,,,,50.0,507.0,,,,,,,3.89,-0.01519,6387.0,1.0,3.9,24845.43,KSW,10.0,9.0,4.0,9.0,8.0,10,10.0,1.0,5.0,3.0,7.0,9.0,1.0,7.0,9.0,5.0,10.0,4.0,10.0,5.0,3.0,7.0,6.0,6.0,10.0,5.0,2.0,,,6.0,,,10.0,8.0,6.0,9.0,8.0,6.0,,7.0,9.0,7.0,5.0,4.0,10.0,5.0,5.0,,,7.0,1.0,9,10.0,10,1
2012-05-30,91231,,11,3,5070.0,48268R10,KSW,K S W INC,KSW,221330.0,Q,A,R,50698,3,5070.0,,,,50.0,507.0,,,,,,,3.89,0.0,6387.0,1.0,3.89,24845.43,KSW,10.0,9.0,4.0,9.0,8.0,10,10.0,1.0,5.0,3.0,7.0,9.0,1.0,7.0,9.0,5.0,10.0,4.0,10.0,5.0,3.0,7.0,6.0,6.0,10.0,5.0,2.0,,,6.0,,,10.0,8.0,6.0,9.0,8.0,6.0,,7.0,9.0,7.0,5.0,4.0,10.0,5.0,5.0,,,7.0,1.0,9,10.0,10,1
2012-05-31,91231,,11,3,5070.0,48268R10,KSW,K S W INC,KSW,221330.0,Q,A,R,50698,3,5070.0,,,,50.0,507.0,,,,,,,3.9,0.002571,6387.0,1.0,3.89,24909.3,KSW,10.0,9.0,4.0,9.0,8.0,10,10.0,1.0,5.0,3.0,7.0,9.0,1.0,7.0,9.0,5.0,10.0,4.0,10.0,5.0,3.0,7.0,6.0,6.0,10.0,5.0,2.0,,,6.0,,,10.0,8.0,6.0,9.0,8.0,6.0,,7.0,9.0,7.0,5.0,4.0,10.0,5.0,5.0,,,7.0,1.0,9,10.0,10,1
2012-06-01,91231,,11,3,5070.0,48268R10,KSW,K S W INC,KSW,221330.0,Q,A,R,50698,3,5070.0,,,,50.0,507.0,,,,,,,3.77,-0.033333,6387.0,1.0,3.86,24078.99,KSW,10.0,9.0,4.0,9.0,8.0,10,10.0,1.0,5.0,3.0,7.0,9.0,1.0,7.0,9.0,5.0,10.0,4.0,10.0,5.0,3.0,7.0,6.0,6.0,10.0,5.0,2.0,,,5.0,,,10.0,6.0,6.0,8.0,8.0,5.0,,3.0,9.0,,1.0,5.0,10.0,9.0,1.0,,,7.0,1.0,9,10.0,10,1
2012-06-04,91231,,11,3,5070.0,48268R10,KSW,K S W INC,KSW,221330.0,Q,A,R,50698,3,5070.0,,,,50.0,507.0,,,,,,,3.79,0.005305,6387.0,1.0,3.73,24206.73,KSW,10.0,9.0,4.0,9.0,8.0,10,10.0,1.0,5.0,3.0,7.0,9.0,1.0,7.0,9.0,5.0,10.0,4.0,10.0,5.0,3.0,7.0,6.0,6.0,10.0,5.0,2.0,,,5.0,,,10.0,6.0,6.0,8.0,8.0,5.0,,3.0,9.0,,1.0,5.0,10.0,9.0,1.0,,,7.0,1.0,9,10.0,10,1
2012-06-05,91231,,11,3,5070.0,48268R10,KSW,K S W INC,KSW,221330.0,Q,A,R,50698,3,5070.0,,,,50.0,507.0,,,,,,,3.74,-0.013193,6387.0,1.0,3.8,23887.38,KSW,10.0,9.0,4.0,9.0,8.0,10,10.0,1.0,5.0,3.0,7.0,9.0,1.0,7.0,9.0,5.0,10.0,4.0,10.0,5.0,3.0,7.0,6.0,6.0,10.0,5.0,2.0,,,5.0,,,10.0,6.0,6.0,8.0,8.0,5.0,,3.0,9.0,,1.0,5.0,10.0,9.0,1.0,,,7.0,1.0,9,10.0,10,1
2012-06-06,91231,,11,3,5070.0,48268R10,KSW,K S W INC,KSW,221330.0,Q,A,R,50698,3,5070.0,,,,50.0,507.0,,,,,,,3.85,0.029412,6387.0,1.0,3.79,24589.95,KSW,10.0,9.0,4.0,9.0,8.0,10,10.0,1.0,5.0,3.0,7.0,9.0,1.0,7.0,9.0,5.0,10.0,4.0,10.0,5.0,3.0,7.0,6.0,6.0,10.0,5.0,2.0,,,5.0,,,10.0,6.0,6.0,8.0,8.0,5.0,,3.0,9.0,,1.0,5.0,10.0,9.0,1.0,,,7.0,1.0,9,10.0,10,1
2012-06-07,91231,,11,3,5070.0,48268R10,KSW,K S W INC,KSW,221330.0,Q,A,R,50698,3,5070.0,,,,50.0,507.0,,,,,,,3.83,-0.005195,6387.0,1.0,3.84,24462.21,KSW,10.0,9.0,4.0,9.0,8.0,10,10.0,1.0,5.0,3.0,7.0,9.0,1.0,7.0,9.0,5.0,10.0,4.0,10.0,5.0,3.0,7.0,6.0,6.0,10.0,5.0,2.0,,,5.0,,,10.0,6.0,6.0,8.0,8.0,5.0,,3.0,9.0,,1.0,5.0,10.0,9.0,1.0,,,7.0,1.0,9,10.0,10,1
2012-06-08,91231,,11,3,5070.0,48268R10,KSW,K S W INC,KSW,221330.0,Q,A,R,50698,3,5070.0,,,,50.0,507.0,,,,,,,3.84,0.002611,6387.0,1.0,3.82,24526.08,KSW,10.0,9.0,4.0,9.0,8.0,10,10.0,1.0,5.0,3.0,7.0,9.0,1.0,7.0,9.0,5.0,10.0,4.0,10.0,5.0,3.0,7.0,6.0,6.0,10.0,5.0,2.0,,,5.0,,,10.0,6.0,6.0,8.0,8.0,5.0,,3.0,9.0,,1.0,5.0,10.0,9.0,1.0,,,7.0,1.0,9,10.0,10,1
2012-06-11,91231,,11,3,5070.0,48268R10,KSW,K S W INC,KSW,221330.0,Q,A,R,50698,3,5070.0,,,,50.0,507.0,,,,,,,3.8276,-0.003229,6387.0,1.0,3.89,24446.8812,KSW,10.0,9.0,4.0,9.0,8.0,10,10.0,1.0,5.0,3.0,7.0,9.0,1.0,7.0,9.0,5.0,10.0,4.0,10.0,5.0,3.0,7.0,6.0,6.0,10.0,5.0,2.0,,,5.0,,,10.0,6.0,6.0,8.0,8.0,5.0,,3.0,9.0,,1.0,5.0,10.0,9.0,1.0,,,7.0,1.0,9,10.0,10,1
2012-06-12,91231,,11,3,5070.0,48268R10,KSW,K S W INC,KSW,221330.0,Q,A,R,50698,3,5070.0,,,,50.0,507.0,,,,,,,-3.85,0.005852,6387.0,1.0,,-24589.95,KSW,10.0,9.0,4.0,9.0,8.0,10,10.0,1.0,5.0,3.0,7.0,9.0,1.0,7.0,9.0,5.0,10.0,4.0,10.0,5.0,3.0,7.0,6.0,6.0,10.0,5.0,2.0,,,5.0,,,10.0,6.0,6.0,8.0,8.0,5.0,,3.0,9.0,,1.0,5.0,10.0,9.0,1.0,,,7.0,1.0,9,10.0,10,1
2012-06-13,91231,,11,3,5070.0,48268R10,KSW,K S W INC,KSW,221330.0,Q,A,R,50698,3,5070.0,,,,50.0,507.0,,,,,,,3.88,0.007792,6387.0,1.0,3.76,24781.56,KSW,10.0,9.0,4.0,9.0,8.0,10,10.0,1.0,5.0,3.0,7.0,9.0,1.0,7.0,9.0,5.0,10.0,4.0,10.0,5.0,3.0,7.0,6.0,6.0,10.0,5.0,2.0,,,5.0,,,10.0,6.0,6.0,8.0,8.0,5.0,,3.0,9.0,,1.0,5.0,10.0,9.0,1.0,,,7.0,1.0,9,10.0,10,1
2012-06-14,91231,,11,3,5070.0,48268R10,KSW,K S W INC,KSW,221330.0,Q,A,R,50698,3,5070.0,,,,50.0,507.0,,,,,,,3.85,-0.007732,6387.0,1.0,3.9,24589.95,KSW,10.0,9.0,4.0,9.0,8.0,10,10.0,1.0,5.0,3.0,7.0,9.0,1.0,7.0,9.0,5.0,10.0,4.0,10.0,5.0,3.0,7.0,6.0,6.0,10.0,5.0,2.0,,,5.0,,,10.0,6.0,6.0,8.0,8.0,5.0,,3.0,9.0,,1.0,5.0,10.0,9.0,1.0,,,7.0,1.0,9,10.0,10,1
2012-06-15,91231,,11,3,5070.0,48268R10,KSW,K S W INC,KSW,221330.0,Q,A,R,50698,3,5070.0,,,,50.0,507.0,,,,,,,3.79,-0.015584,6387.0,1.0,3.86,24206.73,KSW,10.0,9.0,4.0,9.0,8.0,10,10.0,1.0,5.0,3.0,7.0,9.0,1.0,7.0,9.0,5.0,10.0,4.0,10.0,5.0,3.0,7.0,6.0,6.0,10.0,5.0,2.0,,,5.0,,,10.0,6.0,6.0,8.0,8.0,5.0,,3.0,9.0,,1.0,5.0,10.0,9.0,1.0,,,7.0,1.0,9,10.0,10,1
2012-06-18,91231,,11,3,5070.0,48268R10,KSW,K S W INC,KSW,221330.0,Q,A,R,50698,3,5070.0,,,,50.0,507.0,,,,,,,3.85,0.015831,6387.0,1.0,3.75,24589.95,KSW,10.0,9.0,4.0,9.0,8.0,10,10.0,1.0,5.0,3.0,7.0,9.0,1.0,7.0,9.0,5.0,10.0,4.0,10.0,5.0,3.0,7.0,6.0,6.0,10.0,5.0,2.0,,,5.0,,,10.0,6.0,6.0,8.0,8.0,5.0,,3.0,9.0,,1.0,5.0,10.0,9.0,1.0,,,7.0,1.0,9,10.0,10,1
2012-06-19,91231,,11,3,5070.0,48268R10,KSW,K S W INC,KSW,221330.0,Q,A,R,50698,3,5070.0,,,,50.0,507.0,,,,,,,3.75,-0.025974,6387.0,1.0,3.78,23951.25,KSW,10.0,9.0,4.0,9.0,8.0,10,10.0,1.0,5.0,3.0,7.0,9.0,1.0,7.0,9.0,5.0,10.0,4.0,10.0,5.0,3.0,7.0,6.0,6.0,10.0,5.0,2.0,,,5.0,,,10.0,6.0,6.0,8.0,8.0,5.0,,3.0,9.0,,1.0,5.0,10.0,9.0,1.0,,,7.0,1.0,9,10.0,10,1
2012-06-20,91231,,11,3,5070.0,48268R10,KSW,K S W INC,KSW,221330.0,Q,A,R,50698,3,5070.0,,,,50.0,507.0,,,,,,,3.74,-0.002667,6387.0,1.0,3.73,23887.38,KSW,10.0,9.0,4.0,9.0,8.0,10,10.0,1.0,5.0,3.0,7.0,9.0,1.0,7.0,9.0,5.0,10.0,4.0,10.0,5.0,3.0,7.0,6.0,6.0,10.0,5.0,2.0,,,5.0,,,10.0,6.0,6.0,8.0,8.0,5.0,,3.0,9.0,,1.0,5.0,10.0,9.0,1.0,,,7.0,1.0,9,10.0,10,1
2012-06-21,91231,,11,3,5070.0,48268R10,KSW,K S W INC,KSW,221330.0,Q,A,R,50698,3,5070.0,,,,50.0,507.0,,,,,,,3.84,0.026738,6387.0,1.0,3.7001,24526.08,KSW,10.0,9.0,4.0,9.0,8.0,10,10.0,1.0,5.0,3.0,7.0,9.0,1.0,7.0,9.0,5.0,10.0,4.0,10.0,5.0,3.0,7.0,6.0,6.0,10.0,5.0,2.0,,,5.0,,,10.0,6.0,6.0,8.0,8.0,5.0,,3.0,9.0,,1.0,5.0,10.0,9.0,1.0,,,7.0,1.0,9,10.0,10,1
2012-06-22,91231,,11,3,5070.0,48268R10,KSW,K S W INC,KSW,221330.0,Q,A,R,50698,3,5070.0,,,,50.0,507.0,,,,,,,3.75,-0.023437,6387.0,1.0,3.78,23951.25,KSW,10.0,9.0,4.0,9.0,8.0,10,10.0,1.0,5.0,3.0,7.0,9.0,1.0,7.0,9.0,5.0,10.0,4.0,10.0,5.0,3.0,7.0,6.0,6.0,10.0,5.0,2.0,,,5.0,,,10.0,6.0,6.0,8.0,8.0,5.0,,3.0,9.0,,1.0,5.0,10.0,9.0,1.0,,,7.0,1.0,9,10.0,10,1
2012-06-25,91231,,11,3,5070.0,48268R10,KSW,K S W INC,KSW,221330.0,Q,A,R,50698,3,5070.0,,,,50.0,507.0,,,,,,,3.7945,0.011867,6387.0,1.0,3.7511,24235.4715,KSW,10.0,9.0,4.0,9.0,8.0,10,10.0,1.0,5.0,3.0,7.0,9.0,1.0,7.0,9.0,5.0,10.0,4.0,10.0,5.0,3.0,7.0,6.0,6.0,10.0,5.0,2.0,,,5.0,,,10.0,6.0,6.0,8.0,8.0,5.0,,3.0,9.0,,1.0,5.0,10.0,9.0,1.0,,,7.0,1.0,9,10.0,10,1
2012-06-26,91231,,11,3,5070.0,48268R10,KSW,K S W INC,KSW,221330.0,Q,A,R,50698,3,5070.0,,,,50.0,507.0,,,,,,,3.85,0.014626,6387.0,1.0,3.81,24589.95,KSW,10.0,9.0,4.0,9.0,8.0,10,10.0,1.0,5.0,3.0,7.0,9.0,1.0,7.0,9.0,5.0,10.0,4.0,10.0,5.0,3.0,7.0,6.0,6.0,10.0,5.0,2.0,,,5.0,,,10.0,6.0,6.0,8.0,8.0,5.0,,3.0,9.0,,1.0,5.0,10.0,9.0,1.0,,,7.0,1.0,9,10.0,10,1
2012-06-27,91231,,11,3,5070.0,48268R10,KSW,K S W INC,KSW,221330.0,Q,A,R,50698,3,5070.0,,,,50.0,507.0,,,,,,,3.78,-0.018182,6387.0,1.0,3.89,24142.86,KSW,10.0,9.0,4.0,9.0,8.0,10,10.0,1.0,5.0,3.0,7.0,9.0,1.0,7.0,9.0,5.0,10.0,4.0,10.0,5.0,3.0,7.0,6.0,6.0,10.0,5.0,2.0,,,5.0,,,10.0,6.0,6.0,8.0,8.0,5.0,,3.0,9.0,,1.0,5.0,10.0,9.0,1.0,,,7.0,1.0,9,10.0,10,1
2012-06-28,91231,,11,3,5070.0,48268R10,KSW,K S W INC,KSW,221330.0,Q,A,R,50698,3,5070.0,,,,50.0,507.0,,,,,,,3.82,0.010582,6387.0,1.0,3.76,24398.34,KSW,10.0,9.0,4.0,9.0,8.0,10,10.0,1.0,5.0,3.0,7.0,9.0,1.0,7.0,9.0,5.0,10.0,4.0,10.0,5.0,3.0,7.0,6.0,6.0,10.0,5.0,2.0,,,5.0,,,10.0,6.0,6.0,8.0,8.0,5.0,,3.0,9.0,,1.0,5.0,10.0,9.0,1.0,,,7.0,1.0,9,10.0,10,1
2012-06-29,91231,,11,3,5070.0,48268R10,KSW,K S W INC,KSW,221330.0,Q,A,R,50698,3,5070.0,,,,50.0,507.0,,,,,,,4.05,0.060209,6387.0,1.0,3.81,25867.35,KSW,10.0,9.0,4.0,9.0,8.0,10,10.0,1.0,5.0,3.0,7.0,9.0,1.0,7.0,9.0,5.0,10.0,4.0,10.0,5.0,3.0,7.0,6.0,6.0,10.0,5.0,2.0,,,5.0,,,10.0,6.0,6.0,8.0,8.0,5.0,,3.0,9.0,,1.0,5.0,10.0,9.0,1.0,,,7.0,1.0,9,10.0,10,1
2012-07-02,91231,,11,3,5070.0,48268R10,KSW,K S W INC,KSW,221330.0,Q,A,R,50698,3,5070.0,,,,50.0,507.0,,,,,,,3.88,-0.041975,6387.0,1.0,4.0,24781.56,KSW,10.0,9.0,3.0,9.0,7.0,1,10.0,1.0,5.0,5.0,8.0,9.0,1.0,10.0,7.0,3.0,10.0,10.0,10.0,10.0,10.0,7.0,5.0,4.0,9.0,6.0,10.0,,,5.0,,,10.0,8.0,3.0,8.0,8.0,5.0,,7.0,9.0,7.0,5.0,5.0,10.0,5.0,5.0,,,8.0,1.0,9,10.0,10,1
2012-07-03,91231,,11,3,5070.0,48268R10,KSW,K S W INC,KSW,221330.0,Q,A,R,50698,3,5070.0,,,,50.0,507.0,,,,,,,3.78,-0.025773,6387.0,1.0,3.77,24142.86,KSW,10.0,9.0,3.0,9.0,7.0,1,10.0,1.0,5.0,5.0,8.0,9.0,1.0,10.0,7.0,3.0,10.0,10.0,10.0,10.0,10.0,7.0,5.0,4.0,9.0,6.0,10.0,,,5.0,,,10.0,8.0,3.0,8.0,8.0,5.0,,7.0,9.0,7.0,5.0,5.0,10.0,5.0,5.0,,,8.0,1.0,9,10.0,10,1
2012-07-05,91231,,11,3,5070.0,48268R10,KSW,K S W INC,KSW,221330.0,Q,A,R,50698,3,5070.0,,,,50.0,507.0,,,,,,,3.84,0.015873,6387.0,1.0,3.78,24526.08,KSW,10.0,9.0,3.0,9.0,7.0,1,10.0,1.0,5.0,5.0,8.0,9.0,1.0,10.0,7.0,3.0,10.0,10.0,10.0,10.0,10.0,7.0,5.0,4.0,9.0,6.0,10.0,,,5.0,,,10.0,8.0,3.0,8.0,8.0,5.0,,7.0,9.0,7.0,5.0,5.0,10.0,5.0,5.0,,,8.0,1.0,9,10.0,10,1
2012-07-06,91231,,11,3,5070.0,48268R10,KSW,K S W INC,KSW,221330.0,Q,A,R,50698,3,5070.0,,,,50.0,507.0,,,,,,,3.89,0.013021,6387.0,1.0,3.86,24845.43,KSW,10.0,9.0,3.0,9.0,7.0,1,10.0,1.0,5.0,5.0,8.0,9.0,1.0,10.0,7.0,3.0,10.0,10.0,10.0,10.0,10.0,7.0,5.0,4.0,9.0,6.0,10.0,,,5.0,,,10.0,8.0,3.0,8.0,8.0,5.0,,7.0,9.0,7.0,5.0,5.0,10.0,5.0,5.0,,,8.0,1.0,9,10.0,10,1
2012-07-09,91231,,11,3,5070.0,48268R10,KSW,K S W INC,KSW,221330.0,Q,A,R,50698,3,5070.0,,,,50.0,507.0,,,,,,,3.89,0.0,6387.0,1.0,3.87,24845.43,KSW,10.0,9.0,3.0,9.0,7.0,1,10.0,1.0,5.0,5.0,8.0,9.0,1.0,10.0,7.0,3.0,10.0,10.0,10.0,10.0,10.0,7.0,5.0,4.0,9.0,6.0,10.0,,,5.0,,,10.0,8.0,3.0,8.0,8.0,5.0,,7.0,9.0,7.0,5.0,5.0,10.0,5.0,5.0,,,8.0,1.0,9,10.0,10,1
2012-07-10,91231,,11,3,5070.0,48268R10,KSW,K S W INC,KSW,221330.0,Q,A,R,50698,3,5070.0,,,,50.0,507.0,,,,,,,3.88,-0.002571,6387.0,1.0,3.9,24781.56,KSW,10.0,9.0,3.0,9.0,7.0,1,10.0,1.0,5.0,5.0,8.0,9.0,1.0,10.0,7.0,3.0,10.0,10.0,10.0,10.0,10.0,7.0,5.0,4.0,9.0,6.0,10.0,,,5.0,,,10.0,8.0,3.0,8.0,8.0,5.0,,7.0,9.0,7.0,5.0,5.0,10.0,5.0,5.0,,,8.0,1.0,9,10.0,10,1
2012-07-11,91231,,11,3,5070.0,48268R10,KSW,K S W INC,KSW,221330.0,Q,A,R,50698,3,5070.0,,,,50.0,507.0,,,,,,,3.8989,0.004871,6387.0,1.0,3.85,24902.2743,KSW,10.0,9.0,3.0,9.0,7.0,1,10.0,1.0,5.0,5.0,8.0,9.0,1.0,10.0,7.0,3.0,10.0,10.0,10.0,10.0,10.0,7.0,5.0,4.0,9.0,6.0,10.0,,,5.0,,,10.0,8.0,3.0,8.0,8.0,5.0,,7.0,9.0,7.0,5.0,5.0,10.0,5.0,5.0,,,8.0,1.0,9,10.0,10,1
2012-07-12,91231,,11,3,5070.0,48268R10,KSW,K S W INC,KSW,221330.0,Q,A,R,50698,3,5070.0,,,,50.0,507.0,,,,,,,3.889,-0.002539,6387.0,1.0,3.88,24839.043,KSW,10.0,9.0,3.0,9.0,7.0,1,10.0,1.0,5.0,5.0,8.0,9.0,1.0,10.0,7.0,3.0,10.0,10.0,10.0,10.0,10.0,7.0,5.0,4.0,9.0,6.0,10.0,,,5.0,,,10.0,8.0,3.0,8.0,8.0,5.0,,7.0,9.0,7.0,5.0,5.0,10.0,5.0,5.0,,,8.0,1.0,9,10.0,10,1
2012-07-13,91231,,11,3,5070.0,48268R10,KSW,K S W INC,KSW,221330.0,Q,A,R,50698,3,5070.0,,,,50.0,507.0,,,,,,,3.83,-0.015171,6387.0,1.0,3.881,24462.21,KSW,10.0,9.0,3.0,9.0,7.0,1,10.0,1.0,5.0,5.0,8.0,9.0,1.0,10.0,7.0,3.0,10.0,10.0,10.0,10.0,10.0,7.0,5.0,4.0,9.0,6.0,10.0,,,5.0,,,10.0,8.0,3.0,8.0,8.0,5.0,,7.0,9.0,7.0,5.0,5.0,10.0,5.0,5.0,,,8.0,1.0,9,10.0,10,1
2012-07-16,91231,,11,3,5070.0,48268R10,KSW,K S W INC,KSW,221330.0,Q,A,R,50698,3,5070.0,,,,50.0,507.0,,,,,,,3.7899,-0.01047,6387.0,1.0,3.8,24206.0913,KSW,10.0,9.0,3.0,9.0,7.0,1,10.0,1.0,5.0,5.0,8.0,9.0,1.0,10.0,7.0,3.0,10.0,10.0,10.0,10.0,10.0,7.0,5.0,4.0,9.0,6.0,10.0,,,5.0,,,10.0,8.0,3.0,8.0,8.0,5.0,,7.0,9.0,7.0,5.0,5.0,10.0,5.0,5.0,,,8.0,1.0,9,10.0,10,1
2012-07-17,91231,,11,3,5070.0,48268R10,KSW,K S W INC,KSW,221330.0,Q,A,R,50698,3,5070.0,,,,50.0,507.0,,,,,,,3.77,-0.005251,6387.0,1.0,3.8,24078.99,KSW,10.0,9.0,3.0,9.0,7.0,1,10.0,1.0,5.0,5.0,8.0,9.0,1.0,10.0,7.0,3.0,10.0,10.0,10.0,10.0,10.0,7.0,5.0,4.0,9.0,6.0,10.0,,,5.0,,,10.0,8.0,3.0,8.0,8.0,5.0,,7.0,9.0,7.0,5.0,5.0,10.0,5.0,5.0,,,8.0,1.0,9,10.0,10,1
2012-07-18,91231,,11,3,5070.0,48268R10,KSW,K S W INC,KSW,221330.0,Q,A,R,50698,3,5070.0,,,,50.0,507.0,,,,,,,3.72,-0.013263,6387.0,1.0,3.75,23759.64,KSW,10.0,9.0,3.0,9.0,7.0,1,10.0,1.0,5.0,5.0,8.0,9.0,1.0,10.0,7.0,3.0,10.0,10.0,10.0,10.0,10.0,7.0,5.0,4.0,9.0,6.0,10.0,,,5.0,,,10.0,8.0,3.0,8.0,8.0,5.0,,7.0,9.0,7.0,5.0,5.0,10.0,5.0,5.0,,,8.0,1.0,9,10.0,10,1
2012-07-19,91231,,11,3,5070.0,48268R10,KSW,K S W INC,KSW,221330.0,Q,A,R,50698,3,5070.0,,,,50.0,507.0,,,,,,,3.7299,0.002661,6387.0,1.0,3.69,23822.8713,KSW,10.0,9.0,3.0,9.0,7.0,1,10.0,1.0,5.0,5.0,8.0,9.0,1.0,10.0,7.0,3.0,10.0,10.0,10.0,10.0,10.0,7.0,5.0,4.0,9.0,6.0,10.0,,,5.0,,,10.0,8.0,3.0,8.0,8.0,5.0,,7.0,9.0,7.0,5.0,5.0,10.0,5.0,5.0,,,8.0,1.0,9,10.0,10,1
2012-07-20,91231,,11,3,5070.0,48268R10,KSW,K S W INC,KSW,221330.0,Q,A,R,50698,3,5070.0,,,,50.0,507.0,,,,,,,3.71,-0.005335,6387.0,1.0,3.68,23695.77,KSW,10.0,9.0,3.0,9.0,7.0,1,10.0,1.0,5.0,5.0,8.0,9.0,1.0,10.0,7.0,3.0,10.0,10.0,10.0,10.0,10.0,7.0,5.0,4.0,9.0,6.0,10.0,,,5.0,,,10.0,8.0,3.0,8.0,8.0,5.0,,7.0,9.0,7.0,5.0,5.0,10.0,5.0,5.0,,,8.0,1.0,9,10.0,10,1
2012-07-23,91231,,11,3,5070.0,48268R10,KSW,K S W INC,KSW,221330.0,Q,A,R,50698,3,5070.0,,,,50.0,507.0,,,,,,,3.74,0.008086,6387.0,1.0,3.69,23887.38,KSW,10.0,9.0,3.0,9.0,7.0,1,10.0,1.0,5.0,5.0,8.0,9.0,1.0,10.0,7.0,3.0,10.0,10.0,10.0,10.0,10.0,7.0,5.0,4.0,9.0,6.0,10.0,,,5.0,,,10.0,8.0,3.0,8.0,8.0,5.0,,7.0,9.0,7.0,5.0,5.0,10.0,5.0,5.0,,,8.0,1.0,9,10.0,10,1
2012-07-24,91231,,11,3,5070.0,48268R10,KSW,K S W INC,KSW,221330.0,Q,A,R,50698,3,5070.0,,,,50.0,507.0,,,,,,,3.7,-0.010695,6387.0,1.0,3.67,23631.9,KSW,10.0,9.0,3.0,9.0,7.0,1,10.0,1.0,5.0,5.0,8.0,9.0,1.0,10.0,7.0,3.0,10.0,10.0,10.0,10.0,10.0,7.0,5.0,4.0,9.0,6.0,10.0,,,5.0,,,10.0,8.0,3.0,8.0,8.0,5.0,,7.0,9.0,7.0,5.0,5.0,10.0,5.0,5.0,,,8.0,1.0,9,10.0,10,1
2012-07-25,91231,,11,3,5070.0,48268R10,KSW,K S W INC,KSW,221330.0,Q,A,R,50698,3,5070.0,,,,50.0,507.0,,,,,,,3.7,0.0,6387.0,1.0,3.7,23631.9,KSW,10.0,9.0,3.0,9.0,7.0,1,10.0,1.0,5.0,5.0,8.0,9.0,1.0,10.0,7.0,3.0,10.0,10.0,10.0,10.0,10.0,7.0,5.0,4.0,9.0,6.0,10.0,,,5.0,,,10.0,8.0,3.0,8.0,8.0,5.0,,7.0,9.0,7.0,5.0,5.0,10.0,5.0,5.0,,,8.0,1.0,9,10.0,10,1
2012-07-26,91231,,11,3,5070.0,48268R10,KSW,K S W INC,KSW,221330.0,Q,A,R,50698,3,5070.0,,,,50.0,507.0,,,,,,,3.69,-0.002703,6387.0,1.0,3.72,23568.03,KSW,10.0,9.0,3.0,9.0,7.0,1,10.0,1.0,5.0,5.0,8.0,9.0,1.0,10.0,7.0,3.0,10.0,10.0,10.0,10.0,10.0,7.0,5.0,4.0,9.0,6.0,10.0,,,5.0,,,10.0,8.0,3.0,8.0,8.0,5.0,,7.0,9.0,7.0,5.0,5.0,10.0,5.0,5.0,,,8.0,1.0,9,10.0,10,1
2012-07-27,91231,,11,3,5070.0,48268R10,KSW,K S W INC,KSW,221330.0,Q,A,R,50698,3,5070.0,,,,50.0,507.0,,,,,,,3.7,0.00271,6387.0,1.0,3.7,23631.9,KSW,10.0,9.0,3.0,9.0,7.0,1,10.0,1.0,5.0,5.0,8.0,9.0,1.0,10.0,7.0,3.0,10.0,10.0,10.0,10.0,10.0,7.0,5.0,4.0,9.0,6.0,10.0,,,5.0,,,10.0,8.0,3.0,8.0,8.0,5.0,,7.0,9.0,7.0,5.0,5.0,10.0,5.0,5.0,,,8.0,1.0,9,10.0,10,1
2012-07-30,91231,,11,3,5070.0,48268R10,KSW,K S W INC,KSW,221330.0,Q,A,R,50698,3,5070.0,,,,50.0,507.0,,,,,,,3.7,0.0,6387.0,1.0,3.75,23631.9,KSW,10.0,9.0,3.0,9.0,7.0,1,10.0,1.0,5.0,5.0,8.0,9.0,1.0,10.0,7.0,3.0,10.0,10.0,10.0,10.0,10.0,7.0,5.0,4.0,9.0,6.0,10.0,,,5.0,,,10.0,8.0,3.0,8.0,8.0,5.0,,7.0,9.0,7.0,5.0,5.0,10.0,5.0,5.0,,,8.0,1.0,9,10.0,10,1
2012-07-31,91231,,11,3,5070.0,48268R10,KSW,K S W INC,KSW,221330.0,Q,A,R,50698,3,5070.0,,,,50.0,507.0,,,,,,,3.76,0.016216,6387.0,1.0,3.68,24015.12,KSW,10.0,9.0,3.0,9.0,7.0,1,10.0,1.0,5.0,5.0,8.0,9.0,1.0,10.0,7.0,3.0,10.0,10.0,10.0,10.0,10.0,7.0,5.0,4.0,9.0,6.0,10.0,,,5.0,,,10.0,8.0,3.0,8.0,8.0,5.0,,7.0,9.0,7.0,5.0,5.0,10.0,5.0,5.0,,,8.0,1.0,9,10.0,10,1
2012-08-01,91231,,11,3,5070.0,48268R10,KSW,K S W INC,KSW,221330.0,Q,A,R,50698,3,5070.0,,,,50.0,507.0,,,,,,,3.75,-0.00266,6387.0,1.0,3.73,23951.25,KSW,10.0,9.0,3.0,9.0,7.0,1,10.0,1.0,5.0,5.0,8.0,9.0,1.0,10.0,7.0,3.0,10.0,10.0,10.0,10.0,10.0,7.0,5.0,4.0,9.0,6.0,10.0,,,5.0,,,10.0,8.0,5.0,9.0,8.0,5.0,,6.0,9.0,7.0,8.0,5.0,10.0,6.0,9.0,,,5.0,1.0,9,10.0,10,1
2012-08-02,91231,,11,3,5070.0,48268R10,KSW,K S W INC,KSW,221330.0,Q,A,R,50698,3,5070.0,,,,50.0,507.0,,,,,,,3.77,0.005333,6387.0,1.0,3.65,24078.99,KSW,10.0,9.0,3.0,9.0,7.0,1,10.0,1.0,5.0,5.0,8.0,9.0,1.0,10.0,7.0,3.0,10.0,10.0,10.0,10.0,10.0,7.0,5.0,4.0,9.0,6.0,10.0,,,5.0,,,10.0,8.0,5.0,9.0,8.0,5.0,,6.0,9.0,7.0,8.0,5.0,10.0,6.0,9.0,,,5.0,1.0,9,10.0,10,1
2012-08-03,91231,,11,3,5070.0,48268R10,KSW,K S W INC,KSW,221330.0,Q,A,R,50698,3,5070.0,,,,50.0,507.0,,,,,,,3.77,0.0,6387.0,1.0,3.9,24078.99,KSW,10.0,9.0,3.0,9.0,7.0,1,10.0,1.0,5.0,5.0,8.0,9.0,1.0,10.0,7.0,3.0,10.0,10.0,10.0,10.0,10.0,7.0,5.0,4.0,9.0,6.0,10.0,,,5.0,,,10.0,8.0,5.0,9.0,8.0,5.0,,6.0,9.0,7.0,8.0,5.0,10.0,6.0,9.0,,,5.0,1.0,9,10.0,10,1
2012-08-06,91231,,11,3,5070.0,48268R10,KSW,K S W INC,KSW,221330.0,Q,A,R,50698,3,5070.0,,,,50.0,507.0,,,,,,,3.85,0.02122,6387.0,1.0,3.8,24589.95,KSW,10.0,9.0,3.0,9.0,7.0,1,10.0,1.0,5.0,5.0,8.0,9.0,1.0,10.0,7.0,3.0,10.0,10.0,10.0,10.0,10.0,7.0,5.0,4.0,9.0,6.0,10.0,,,5.0,,,10.0,8.0,5.0,9.0,8.0,5.0,,6.0,9.0,7.0,8.0,5.0,10.0,6.0,9.0,,,5.0,1.0,9,10.0,10,1
2012-08-07,91231,,11,3,5070.0,48268R10,KSW,K S W INC,KSW,221330.0,Q,A,R,50698,3,5070.0,,,,50.0,507.0,,,,,,,3.88,0.007792,6387.0,1.0,3.85,24781.56,KSW,10.0,9.0,3.0,9.0,7.0,1,10.0,1.0,5.0,5.0,8.0,9.0,1.0,10.0,7.0,3.0,10.0,10.0,10.0,10.0,10.0,7.0,5.0,4.0,9.0,6.0,10.0,,,5.0,,,10.0,8.0,5.0,9.0,8.0,5.0,,6.0,9.0,7.0,8.0,5.0,10.0,6.0,9.0,,,5.0,1.0,9,10.0,10,1
2012-08-08,91231,,11,3,5070.0,48268R10,KSW,K S W INC,KSW,221330.0,Q,A,R,50698,3,5070.0,,,,50.0,507.0,,,,,,,3.9,0.005155,6387.0,1.0,3.88,24909.3,KSW,10.0,9.0,3.0,9.0,7.0,1,10.0,1.0,5.0,5.0,8.0,9.0,1.0,10.0,7.0,3.0,10.0,10.0,10.0,10.0,10.0,7.0,5.0,4.0,9.0,6.0,10.0,,,5.0,,,10.0,8.0,5.0,9.0,8.0,5.0,,6.0,9.0,7.0,8.0,5.0,10.0,6.0,9.0,,,5.0,1.0,9,10.0,10,1
2012-08-09,91231,,11,3,5070.0,48268R10,KSW,K S W INC,KSW,221330.0,Q,A,R,50698,3,5070.0,,,,50.0,507.0,,,,,,,3.89,-0.002564,6387.0,1.0,3.9,24845.43,KSW,10.0,9.0,3.0,9.0,7.0,1,10.0,1.0,5.0,5.0,8.0,9.0,1.0,10.0,7.0,3.0,10.0,10.0,10.0,10.0,10.0,7.0,5.0,4.0,9.0,6.0,10.0,,,5.0,,,10.0,8.0,5.0,9.0,8.0,5.0,,6.0,9.0,7.0,8.0,5.0,10.0,6.0,9.0,,,5.0,1.0,9,10.0,10,1
2012-08-10,91231,,11,3,5070.0,48268R10,KSW,K S W INC,KSW,221330.0,Q,A,R,50698,3,5070.0,,,,50.0,507.0,,,,,,,3.78,-0.028278,6387.0,1.0,3.8999,24142.86,KSW,10.0,9.0,3.0,9.0,7.0,1,10.0,1.0,5.0,5.0,8.0,9.0,1.0,10.0,7.0,3.0,10.0,10.0,10.0,10.0,10.0,7.0,5.0,4.0,9.0,6.0,10.0,,,5.0,,,10.0,8.0,5.0,9.0,8.0,5.0,,6.0,9.0,7.0,8.0,5.0,10.0,6.0,9.0,,,5.0,1.0,9,10.0,10,1
2012-08-13,91231,,11,3,5070.0,48268R10,KSW,K S W INC,KSW,221330.0,Q,A,R,50698,3,5070.0,,,,50.0,507.0,,,,,,,3.88,0.026455,6387.0,1.0,3.76,24781.56,KSW,10.0,9.0,3.0,9.0,7.0,1,10.0,1.0,5.0,5.0,8.0,9.0,1.0,10.0,7.0,3.0,10.0,10.0,10.0,10.0,10.0,7.0,5.0,4.0,9.0,6.0,10.0,,,5.0,,,10.0,8.0,5.0,9.0,8.0,5.0,,6.0,9.0,7.0,8.0,5.0,10.0,6.0,9.0,,,5.0,1.0,9,10.0,10,1
2012-08-14,91231,,11,3,5070.0,48268R10,KSW,K S W INC,KSW,221330.0,Q,A,R,50698,3,5070.0,,,,50.0,507.0,,,,,,,3.8699,-0.002603,6387.0,1.0,3.86,24717.0513,KSW,10.0,9.0,3.0,9.0,7.0,1,10.0,1.0,5.0,5.0,8.0,9.0,1.0,10.0,7.0,3.0,10.0,10.0,10.0,10.0,10.0,7.0,5.0,4.0,9.0,6.0,10.0,,,5.0,,,10.0,8.0,5.0,9.0,8.0,5.0,,6.0,9.0,7.0,8.0,5.0,10.0,6.0,9.0,,,5.0,1.0,9,10.0,10,1
2012-08-15,91231,,11,3,5070.0,48268R10,KSW,K S W INC,KSW,221330.0,Q,A,R,50698,3,5070.0,,,,50.0,507.0,,,,,,,3.85,-0.005142,6387.0,1.0,3.6,24589.95,KSW,10.0,9.0,3.0,9.0,7.0,1,10.0,1.0,5.0,5.0,8.0,9.0,1.0,10.0,7.0,3.0,10.0,10.0,10.0,10.0,10.0,7.0,5.0,4.0,9.0,6.0,10.0,,,5.0,,,10.0,8.0,5.0,9.0,8.0,5.0,,6.0,9.0,7.0,8.0,5.0,10.0,6.0,9.0,,,5.0,1.0,9,10.0,10,1
2012-08-16,91231,,11,3,5070.0,48268R10,KSW,K S W INC,KSW,221330.0,Q,A,R,50698,3,5070.0,,,,50.0,507.0,,,,,,,3.86,0.002597,6387.0,1.0,3.84,24653.82,KSW,10.0,9.0,3.0,9.0,7.0,1,10.0,1.0,5.0,5.0,8.0,9.0,1.0,10.0,7.0,3.0,10.0,10.0,10.0,10.0,10.0,7.0,5.0,4.0,9.0,6.0,10.0,,,5.0,,,10.0,8.0,5.0,9.0,8.0,5.0,,6.0,9.0,7.0,8.0,5.0,10.0,6.0,9.0,,,5.0,1.0,9,10.0,10,1
2012-08-17,91231,,11,3,5070.0,48268R10,KSW,K S W INC,KSW,221330.0,Q,A,R,50698,3,5070.0,,,,50.0,507.0,,,,,,,3.87,0.002591,6387.0,1.0,3.85,24717.69,KSW,10.0,9.0,3.0,9.0,7.0,1,10.0,1.0,5.0,5.0,8.0,9.0,1.0,10.0,7.0,3.0,10.0,10.0,10.0,10.0,10.0,7.0,5.0,4.0,9.0,6.0,10.0,,,5.0,,,10.0,8.0,5.0,9.0,8.0,5.0,,6.0,9.0,7.0,8.0,5.0,10.0,6.0,9.0,,,5.0,1.0,9,10.0,10,1
2012-08-20,91231,,11,3,5070.0,48268R10,KSW,K S W INC,KSW,221330.0,Q,A,R,50698,3,5070.0,,,,50.0,507.0,,,,,,,3.95,0.020672,6387.0,1.0,3.97,25228.65,KSW,10.0,9.0,3.0,9.0,7.0,1,10.0,1.0,5.0,5.0,8.0,9.0,1.0,10.0,7.0,3.0,10.0,10.0,10.0,10.0,10.0,7.0,5.0,4.0,9.0,6.0,10.0,,,5.0,,,10.0,8.0,5.0,9.0,8.0,5.0,,6.0,9.0,7.0,8.0,5.0,10.0,6.0,9.0,,,5.0,1.0,9,10.0,10,1
2012-08-21,91231,,11,3,5070.0,48268R10,KSW,K S W INC,KSW,221330.0,Q,A,R,50698,3,5070.0,,,,50.0,507.0,,,,,,,3.93,-0.005063,6387.0,1.0,3.97,25100.91,KSW,10.0,9.0,3.0,9.0,7.0,1,10.0,1.0,5.0,5.0,8.0,9.0,1.0,10.0,7.0,3.0,10.0,10.0,10.0,10.0,10.0,7.0,5.0,4.0,9.0,6.0,10.0,,,5.0,,,10.0,8.0,5.0,9.0,8.0,5.0,,6.0,9.0,7.0,8.0,5.0,10.0,6.0,9.0,,,5.0,1.0,9,10.0,10,1
2012-08-22,91231,,11,3,5070.0,48268R10,KSW,K S W INC,KSW,221330.0,Q,A,R,50698,3,5070.0,,,,50.0,507.0,,,,,,,3.92,-0.002545,6387.0,1.0,3.9,25037.04,KSW,10.0,9.0,3.0,9.0,7.0,1,10.0,1.0,5.0,5.0,8.0,9.0,1.0,10.0,7.0,3.0,10.0,10.0,10.0,10.0,10.0,7.0,5.0,4.0,9.0,6.0,10.0,,,5.0,,,10.0,8.0,5.0,9.0,8.0,5.0,,6.0,9.0,7.0,8.0,5.0,10.0,6.0,9.0,,,5.0,1.0,9,10.0,10,1
2012-08-23,91231,,11,3,5070.0,48268R10,KSW,K S W INC,KSW,221330.0,Q,A,R,50698,3,5070.0,,,,50.0,507.0,,,,,,,3.92,0.0,6387.0,1.0,3.92,25037.04,KSW,10.0,9.0,3.0,9.0,7.0,1,10.0,1.0,5.0,5.0,8.0,9.0,1.0,10.0,7.0,3.0,10.0,10.0,10.0,10.0,10.0,7.0,5.0,4.0,9.0,6.0,10.0,,,5.0,,,10.0,8.0,5.0,9.0,8.0,5.0,,6.0,9.0,7.0,8.0,5.0,10.0,6.0,9.0,,,5.0,1.0,9,10.0,10,1
2012-08-24,91231,,11,3,5070.0,48268R10,KSW,K S W INC,KSW,221330.0,Q,A,R,50698,3,5070.0,,,,50.0,507.0,,,,,,,3.9354,0.003929,6387.0,1.0,3.96,25135.3998,KSW,10.0,9.0,3.0,9.0,7.0,1,10.0,1.0,5.0,5.0,8.0,9.0,1.0,10.0,7.0,3.0,10.0,10.0,10.0,10.0,10.0,7.0,5.0,4.0,9.0,6.0,10.0,,,5.0,,,10.0,8.0,5.0,9.0,8.0,5.0,,6.0,9.0,7.0,8.0,5.0,10.0,6.0,9.0,,,5.0,1.0,9,10.0,10,1
2012-08-27,91231,,11,3,5070.0,48268R10,KSW,K S W INC,KSW,221330.0,Q,A,R,50698,3,5070.0,,,,50.0,507.0,,,,,,,3.96,0.006251,6387.0,1.0,3.94,25292.52,KSW,10.0,9.0,3.0,9.0,7.0,1,10.0,1.0,5.0,5.0,8.0,9.0,1.0,10.0,7.0,3.0,10.0,10.0,10.0,10.0,10.0,7.0,5.0,4.0,9.0,6.0,10.0,,,5.0,,,10.0,8.0,5.0,9.0,8.0,5.0,,6.0,9.0,7.0,8.0,5.0,10.0,6.0,9.0,,,5.0,1.0,9,10.0,10,1
2012-08-28,91231,,11,3,5070.0,48268R10,KSW,K S W INC,KSW,221330.0,Q,A,R,50698,3,5070.0,,,,50.0,507.0,,,,,,,3.96,0.0,6387.0,1.0,3.95,25292.52,KSW,10.0,9.0,3.0,9.0,7.0,1,10.0,1.0,5.0,5.0,8.0,9.0,1.0,10.0,7.0,3.0,10.0,10.0,10.0,10.0,10.0,7.0,5.0,4.0,9.0,6.0,10.0,,,5.0,,,10.0,8.0,5.0,9.0,8.0,5.0,,6.0,9.0,7.0,8.0,5.0,10.0,6.0,9.0,,,5.0,1.0,9,10.0,10,1
2012-08-29,91231,,11,3,5070.0,48268R10,KSW,K S W INC,KSW,221330.0,Q,A,R,50698,3,5070.0,,,,50.0,507.0,,,,,,,3.96,0.0,6387.0,1.0,3.95,25292.52,KSW,10.0,9.0,3.0,9.0,7.0,1,10.0,1.0,5.0,5.0,8.0,9.0,1.0,10.0,7.0,3.0,10.0,10.0,10.0,10.0,10.0,7.0,5.0,4.0,9.0,6.0,10.0,,,5.0,,,10.0,8.0,5.0,9.0,8.0,5.0,,6.0,9.0,7.0,8.0,5.0,10.0,6.0,9.0,,,5.0,1.0,9,10.0,10,1
2012-08-30,91231,,11,3,5070.0,48268R10,KSW,K S W INC,KSW,221330.0,Q,A,R,50698,3,5070.0,,,,50.0,507.0,,,,,,,3.96,0.0,6387.0,1.0,3.92,25292.52,KSW,10.0,9.0,3.0,9.0,7.0,1,10.0,1.0,5.0,5.0,8.0,9.0,1.0,10.0,7.0,3.0,10.0,10.0,10.0,10.0,10.0,7.0,5.0,4.0,9.0,6.0,10.0,,,5.0,,,10.0,8.0,5.0,9.0,8.0,5.0,,6.0,9.0,7.0,8.0,5.0,10.0,6.0,9.0,,,5.0,1.0,9,10.0,10,1
2012-08-31,91231,,11,3,5070.0,48268R10,KSW,K S W INC,KSW,221330.0,Q,A,R,50698,3,5070.0,,,,50.0,507.0,,,,,,,3.96,0.0,6387.0,1.0,3.88,25292.52,KSW,10.0,9.0,3.0,9.0,7.0,1,10.0,1.0,5.0,5.0,8.0,9.0,1.0,10.0,7.0,3.0,10.0,10.0,10.0,10.0,10.0,7.0,5.0,4.0,9.0,6.0,10.0,,,5.0,,,10.0,8.0,5.0,9.0,8.0,5.0,,6.0,9.0,7.0,8.0,5.0,10.0,6.0,9.0,,,5.0,1.0,9,10.0,10,1
2012-09-04,91231,,11,3,5070.0,48268R10,KSW,K S W INC,KSW,221330.0,Q,A,R,50698,3,5070.0,,,,50.0,507.0,,,,,,,3.97,0.002525,6387.0,1.0,4.0,25356.39,KSW,10.0,9.0,3.0,9.0,7.0,1,10.0,1.0,5.0,5.0,8.0,9.0,1.0,10.0,7.0,3.0,10.0,10.0,10.0,10.0,10.0,7.0,5.0,4.0,9.0,6.0,10.0,,,5.0,,,10.0,7.0,5.0,8.0,8.0,5.0,,6.0,8.0,6.0,4.0,6.0,10.0,8.0,3.0,2.0,1.0,6.0,1.0,9,10.0,10,1
2012-09-05,91231,,11,3,5070.0,48268R10,KSW,K S W INC,KSW,221330.0,Q,A,R,50698,3,5070.0,,,,50.0,507.0,,,,,,,4.02,0.012594,6387.0,1.0,3.96,25675.74,KSW,10.0,9.0,3.0,9.0,7.0,1,10.0,1.0,5.0,5.0,8.0,9.0,1.0,10.0,7.0,3.0,10.0,10.0,10.0,10.0,10.0,7.0,5.0,4.0,9.0,6.0,10.0,,,5.0,,,10.0,7.0,5.0,8.0,8.0,5.0,,6.0,8.0,6.0,4.0,6.0,10.0,8.0,3.0,2.0,1.0,6.0,1.0,9,10.0,10,1
2012-09-06,91231,,11,3,5070.0,48268R10,KSW,K S W INC,KSW,221330.0,Q,A,R,50698,3,5070.0,,,,50.0,507.0,,,,,,,4.06,0.00995,6387.0,1.0,3.8959,25931.22,KSW,10.0,9.0,3.0,9.0,7.0,1,10.0,1.0,5.0,5.0,8.0,9.0,1.0,10.0,7.0,3.0,10.0,10.0,10.0,10.0,10.0,7.0,5.0,4.0,9.0,6.0,10.0,,,5.0,,,10.0,7.0,5.0,8.0,8.0,5.0,,6.0,8.0,6.0,4.0,6.0,10.0,8.0,3.0,2.0,1.0,6.0,1.0,9,10.0,10,1
2012-09-07,91231,,11,3,5070.0,48268R10,KSW,K S W INC,KSW,221330.0,Q,A,R,50698,3,5070.0,,,,50.0,507.0,,,,,,,4.07,0.002463,6387.0,1.0,4.06,25995.09,KSW,10.0,9.0,3.0,9.0,7.0,1,10.0,1.0,5.0,5.0,8.0,9.0,1.0,10.0,7.0,3.0,10.0,10.0,10.0,10.0,10.0,7.0,5.0,4.0,9.0,6.0,10.0,,,5.0,,,10.0,7.0,5.0,8.0,8.0,5.0,,6.0,8.0,6.0,4.0,6.0,10.0,8.0,3.0,2.0,1.0,6.0,1.0,9,10.0,10,1
2012-09-10,91231,,11,3,5070.0,48268R10,KSW,K S W INC,KSW,221330.0,Q,A,R,50698,3,5070.0,,,,50.0,507.0,,,,,,,4.97,0.22113,6387.0,1.0,4.97,31743.39,KSW,10.0,9.0,3.0,9.0,7.0,1,10.0,1.0,5.0,5.0,8.0,9.0,1.0,10.0,7.0,3.0,10.0,10.0,10.0,10.0,10.0,7.0,5.0,4.0,9.0,6.0,10.0,,,5.0,,,10.0,7.0,5.0,8.0,8.0,5.0,,6.0,8.0,6.0,4.0,6.0,10.0,8.0,3.0,2.0,1.0,6.0,1.0,9,10.0,10,1
2012-09-11,91231,,11,3,5070.0,48268R10,KSW,K S W INC,KSW,221330.0,Q,A,R,50698,3,5070.0,,,,50.0,507.0,,,,,,,4.97,0.0,6387.0,1.0,4.97,31743.39,KSW,10.0,9.0,3.0,9.0,7.0,1,10.0,1.0,5.0,5.0,8.0,9.0,1.0,10.0,7.0,3.0,10.0,10.0,10.0,10.0,10.0,7.0,5.0,4.0,9.0,6.0,10.0,,,5.0,,,10.0,7.0,5.0,8.0,8.0,5.0,,6.0,8.0,6.0,4.0,6.0,10.0,8.0,3.0,2.0,1.0,6.0,1.0,9,10.0,10,1
2012-09-12,91231,,11,3,5070.0,48268R10,KSW,K S W INC,KSW,221330.0,Q,A,R,50698,3,5070.0,,,,50.0,507.0,,,,,,,4.97,0.0,6387.0,1.0,4.97,31743.39,KSW,10.0,9.0,3.0,9.0,7.0,1,10.0,1.0,5.0,5.0,8.0,9.0,1.0,10.0,7.0,3.0,10.0,10.0,10.0,10.0,10.0,7.0,5.0,4.0,9.0,6.0,10.0,,,5.0,,,10.0,7.0,5.0,8.0,8.0,5.0,,6.0,8.0,6.0,4.0,6.0,10.0,8.0,3.0,2.0,1.0,6.0,1.0,9,10.0,10,1
2012-09-13,91231,,11,3,5070.0,48268R10,KSW,K S W INC,KSW,221330.0,Q,A,R,50698,3,5070.0,,,,50.0,507.0,,,,,,,4.985,0.003018,6387.0,1.0,4.97,31839.195,KSW,10.0,9.0,3.0,9.0,7.0,1,10.0,1.0,5.0,5.0,8.0,9.0,1.0,10.0,7.0,3.0,10.0,10.0,10.0,10.0,10.0,7.0,5.0,4.0,9.0,6.0,10.0,,,5.0,,,10.0,7.0,5.0,8.0,8.0,5.0,,6.0,8.0,6.0,4.0,6.0,10.0,8.0,3.0,2.0,1.0,6.0,1.0,9,10.0,10,1
2012-09-14,91231,,11,3,5070.0,48268R10,KSW,K S W INC,KSW,221330.0,Q,A,R,50698,3,5070.0,,,,50.0,507.0,,,,,,,5.0,0.003009,6387.0,1.0,4.98,31935.0,KSW,10.0,9.0,3.0,9.0,7.0,1,10.0,1.0,5.0,5.0,8.0,9.0,1.0,10.0,7.0,3.0,10.0,10.0,10.0,10.0,10.0,7.0,5.0,4.0,9.0,6.0,10.0,,,5.0,,,10.0,7.0,5.0,8.0,8.0,5.0,,6.0,8.0,6.0,4.0,6.0,10.0,8.0,3.0,2.0,1.0,6.0,1.0,9,10.0,10,1
2012-09-17,91231,,11,3,5070.0,48268R10,KSW,K S W INC,KSW,221330.0,Q,A,R,50698,3,5070.0,,,,50.0,507.0,,,,,,,4.98,-0.004,6387.0,1.0,4.98,31807.26,KSW,10.0,9.0,3.0,9.0,7.0,1,10.0,1.0,5.0,5.0,8.0,9.0,1.0,10.0,7.0,3.0,10.0,10.0,10.0,10.0,10.0,7.0,5.0,4.0,9.0,6.0,10.0,,,5.0,,,10.0,7.0,5.0,8.0,8.0,5.0,,6.0,8.0,6.0,4.0,6.0,10.0,8.0,3.0,2.0,1.0,6.0,1.0,9,10.0,10,1
2012-09-18,91231,,11,3,5070.0,48268R10,KSW,K S W INC,KSW,221330.0,Q,A,R,50698,3,5070.0,,,,50.0,507.0,,,,,,,4.98,0.0,6387.0,1.0,5.0,31807.26,KSW,10.0,9.0,3.0,9.0,7.0,1,10.0,1.0,5.0,5.0,8.0,9.0,1.0,10.0,7.0,3.0,10.0,10.0,10.0,10.0,10.0,7.0,5.0,4.0,9.0,6.0,10.0,,,5.0,,,10.0,7.0,5.0,8.0,8.0,5.0,,6.0,8.0,6.0,4.0,6.0,10.0,8.0,3.0,2.0,1.0,6.0,1.0,9,10.0,10,1
2012-09-19,91231,,11,3,5070.0,48268R10,KSW,K S W INC,KSW,221330.0,Q,A,R,50698,3,5070.0,,,,50.0,507.0,,,,,,,4.99,0.002008,6387.0,1.0,4.98,31871.13,KSW,10.0,9.0,3.0,9.0,7.0,1,10.0,1.0,5.0,5.0,8.0,9.0,1.0,10.0,7.0,3.0,10.0,10.0,10.0,10.0,10.0,7.0,5.0,4.0,9.0,6.0,10.0,,,5.0,,,10.0,7.0,5.0,8.0,8.0,5.0,,6.0,8.0,6.0,4.0,6.0,10.0,8.0,3.0,2.0,1.0,6.0,1.0,9,10.0,10,1
2012-09-20,91231,,11,3,5070.0,48268R10,KSW,K S W INC,KSW,221330.0,Q,A,R,50698,3,5070.0,,,,50.0,507.0,,,,,,,4.99,0.0,6387.0,1.0,4.98,31871.13,KSW,10.0,9.0,3.0,9.0,7.0,1,10.0,1.0,5.0,5.0,8.0,9.0,1.0,10.0,7.0,3.0,10.0,10.0,10.0,10.0,10.0,7.0,5.0,4.0,9.0,6.0,10.0,,,5.0,,,10.0,7.0,5.0,8.0,8.0,5.0,,6.0,8.0,6.0,4.0,6.0,10.0,8.0,3.0,2.0,1.0,6.0,1.0,9,10.0,10,1
2012-09-21,91231,,11,3,5070.0,48268R10,KSW,K S W INC,KSW,221330.0,Q,A,R,50698,3,5070.0,,,,50.0,507.0,,,,,,,4.99,0.0,6387.0,1.0,4.98,31871.13,KSW,10.0,9.0,3.0,9.0,7.0,1,10.0,1.0,5.0,5.0,8.0,9.0,1.0,10.0,7.0,3.0,10.0,10.0,10.0,10.0,10.0,7.0,5.0,4.0,9.0,6.0,10.0,,,5.0,,,10.0,7.0,5.0,8.0,8.0,5.0,,6.0,8.0,6.0,4.0,6.0,10.0,8.0,3.0,2.0,1.0,6.0,1.0,9,10.0,10,1
2012-09-24,91231,,11,3,5070.0,48268R10,KSW,K S W INC,KSW,221330.0,Q,A,R,50698,3,5070.0,,,,50.0,507.0,,,,,,,4.99,0.0,6387.0,1.0,4.98,31871.13,KSW,10.0,9.0,3.0,9.0,7.0,1,10.0,1.0,5.0,5.0,8.0,9.0,1.0,10.0,7.0,3.0,10.0,10.0,10.0,10.0,10.0,7.0,5.0,4.0,9.0,6.0,10.0,,,5.0,,,10.0,7.0,5.0,8.0,8.0,5.0,,6.0,8.0,6.0,4.0,6.0,10.0,8.0,3.0,2.0,1.0,6.0,1.0,9,10.0,10,1
2012-09-25,91231,,11,3,5070.0,48268R10,KSW,K S W INC,KSW,221330.0,Q,A,R,50698,3,5070.0,,,,50.0,507.0,,,,,,,4.99,0.0,6387.0,1.0,4.98,31871.13,KSW,10.0,9.0,3.0,9.0,7.0,1,10.0,1.0,5.0,5.0,8.0,9.0,1.0,10.0,7.0,3.0,10.0,10.0,10.0,10.0,10.0,7.0,5.0,4.0,9.0,6.0,10.0,,,5.0,,,10.0,7.0,5.0,8.0,8.0,5.0,,6.0,8.0,6.0,4.0,6.0,10.0,8.0,3.0,2.0,1.0,6.0,1.0,9,10.0,10,1
2012-09-26,91231,,11,3,5070.0,48268R10,KSW,K S W INC,KSW,221330.0,Q,A,R,50698,3,5070.0,,,,50.0,507.0,,,,,,,4.98,-0.002004,6387.0,1.0,4.98,31807.26,KSW,10.0,9.0,3.0,9.0,7.0,1,10.0,1.0,5.0,5.0,8.0,9.0,1.0,10.0,7.0,3.0,10.0,10.0,10.0,10.0,10.0,7.0,5.0,4.0,9.0,6.0,10.0,,,5.0,,,10.0,7.0,5.0,8.0,8.0,5.0,,6.0,8.0,6.0,4.0,6.0,10.0,8.0,3.0,2.0,1.0,6.0,1.0,9,10.0,10,1
2012-09-27,91231,,11,3,5070.0,48268R10,KSW,K S W INC,KSW,221330.0,Q,A,R,50698,3,5070.0,,,,50.0,507.0,,,,,,,5.0,0.004016,6387.0,1.0,4.99,31935.0,KSW,10.0,9.0,3.0,9.0,7.0,1,10.0,1.0,5.0,5.0,8.0,9.0,1.0,10.0,7.0,3.0,10.0,10.0,10.0,10.0,10.0,7.0,5.0,4.0,9.0,6.0,10.0,,,5.0,,,10.0,7.0,5.0,8.0,8.0,5.0,,6.0,8.0,6.0,4.0,6.0,10.0,8.0,3.0,2.0,1.0,6.0,1.0,9,10.0,10,1
2012-09-28,91231,,11,3,5070.0,48268R10,KSW,K S W INC,KSW,221330.0,Q,A,R,50698,3,5070.0,,,,50.0,507.0,,,,,,,4.9801,-0.00398,6387.0,1.0,4.99,31807.8987,KSW,10.0,9.0,3.0,9.0,7.0,1,10.0,1.0,5.0,5.0,8.0,9.0,1.0,10.0,7.0,3.0,10.0,10.0,10.0,10.0,10.0,7.0,5.0,4.0,9.0,6.0,10.0,,,5.0,,,10.0,7.0,5.0,8.0,8.0,5.0,,6.0,8.0,6.0,4.0,6.0,10.0,8.0,3.0,2.0,1.0,6.0,1.0,9,10.0,10,1
2012-10-01,91231,,11,3,5070.0,48268R10,KSW,K S W INC,KSW,221330.0,Q,A,R,50698,3,5070.0,,,,50.0,507.0,,,,,,,4.99,0.001988,6387.0,1.0,5.0,31871.13,KSW,10.0,9.0,3.0,9.0,7.0,1,10.0,1.0,5.0,5.0,8.0,9.0,1.0,10.0,7.0,3.0,10.0,10.0,10.0,10.0,10.0,7.0,5.0,4.0,9.0,6.0,10.0,,,4.0,,,,6.0,4.0,8.0,7.0,5.0,,6.0,8.0,6.0,1.0,2.0,10.0,5.0,1.0,,,8.0,1.0,8,4.0,10,1
2012-10-02,91231,,11,3,5070.0,48268R10,KSW,K S W INC,KSW,221330.0,Q,A,R,50698,3,5070.0,,,,50.0,507.0,,,,,,,4.99,0.0,6387.0,1.0,4.99,31871.13,KSW,10.0,9.0,3.0,9.0,7.0,1,10.0,1.0,5.0,5.0,8.0,9.0,1.0,10.0,7.0,3.0,10.0,10.0,10.0,10.0,10.0,7.0,5.0,4.0,9.0,6.0,10.0,,,4.0,,,,6.0,4.0,8.0,7.0,5.0,,6.0,8.0,6.0,1.0,2.0,10.0,5.0,1.0,,,8.0,1.0,8,4.0,10,1
2012-10-03,91231,,11,3,5070.0,48268R10,KSW,K S W INC,KSW,221330.0,Q,A,R,50698,3,5070.0,,,,50.0,507.0,,,,,,,4.9917,0.000341,6387.0,1.0,4.99,31881.9879,KSW,10.0,9.0,3.0,9.0,7.0,1,10.0,1.0,5.0,5.0,8.0,9.0,1.0,10.0,7.0,3.0,10.0,10.0,10.0,10.0,10.0,7.0,5.0,4.0,9.0,6.0,10.0,,,4.0,,,,6.0,4.0,8.0,7.0,5.0,,6.0,8.0,6.0,1.0,2.0,10.0,5.0,1.0,,,8.0,1.0,8,4.0,10,1
2012-10-04,91231,,11,3,5070.0,48268R10,KSW,K S W INC,KSW,221330.0,Q,A,R,50698,3,5070.0,,,,50.0,507.0,,,,,,,5.0,0.001663,6387.0,1.0,4.99,31935.0,KSW,10.0,9.0,3.0,9.0,7.0,1,10.0,1.0,5.0,5.0,8.0,9.0,1.0,10.0,7.0,3.0,10.0,10.0,10.0,10.0,10.0,7.0,5.0,4.0,9.0,6.0,10.0,,,4.0,,,,6.0,4.0,8.0,7.0,5.0,,6.0,8.0,6.0,1.0,2.0,10.0,5.0,1.0,,,8.0,1.0,8,4.0,10,1
2012-10-05,91231,,11,3,5070.0,48268R10,KSW,K S W INC,KSW,221330.0,Q,A,R,50698,3,5070.0,,,,50.0,507.0,,,,,,,4.99,-0.002,6387.0,1.0,4.99,31871.13,KSW,10.0,9.0,3.0,9.0,7.0,1,10.0,1.0,5.0,5.0,8.0,9.0,1.0,10.0,7.0,3.0,10.0,10.0,10.0,10.0,10.0,7.0,5.0,4.0,9.0,6.0,10.0,,,4.0,,,,6.0,4.0,8.0,7.0,5.0,,6.0,8.0,6.0,1.0,2.0,10.0,5.0,1.0,,,8.0,1.0,8,4.0,10,1
2012-10-08,91231,,11,3,5070.0,48268R10,KSW,K S W INC,KSW,221330.0,Q,A,R,50698,3,5070.0,,,,50.0,507.0,,,,,,,4.99,0.0,6387.0,1.0,4.99,31871.13,KSW,10.0,9.0,3.0,9.0,7.0,1,10.0,1.0,5.0,5.0,8.0,9.0,1.0,10.0,7.0,3.0,10.0,10.0,10.0,10.0,10.0,7.0,5.0,4.0,9.0,6.0,10.0,,,4.0,,,,6.0,4.0,8.0,7.0,5.0,,6.0,8.0,6.0,1.0,2.0,10.0,5.0,1.0,,,8.0,1.0,8,4.0,10,1
2012-10-09,91231,,11,3,5070.0,48268R10,KSW,K S W INC,KSW,221330.0,Q,A,R,50698,3,5070.0,,,,50.0,507.0,,,,,,,4.99,0.0,6387.0,1.0,4.99,31871.13,KSW,10.0,9.0,3.0,9.0,7.0,1,10.0,1.0,5.0,5.0,8.0,9.0,1.0,10.0,7.0,3.0,10.0,10.0,10.0,10.0,10.0,7.0,5.0,4.0,9.0,6.0,10.0,,,4.0,,,,6.0,4.0,8.0,7.0,5.0,,6.0,8.0,6.0,1.0,2.0,10.0,5.0,1.0,,,8.0,1.0,8,4.0,10,1
2012-10-10,91231,,11,3,5070.0,48268R10,KSW,K S W INC,KSW,221330.0,Q,A,R,50698,3,5070.0,,,,50.0,507.0,,,,,,,5.0,0.002004,6387.0,1.0,4.99,31935.0,KSW,10.0,9.0,3.0,9.0,7.0,1,10.0,1.0,5.0,5.0,8.0,9.0,1.0,10.0,7.0,3.0,10.0,10.0,10.0,10.0,10.0,7.0,5.0,4.0,9.0,6.0,10.0,,,4.0,,,,6.0,4.0,8.0,7.0,5.0,,6.0,8.0,6.0,1.0,2.0,10.0,5.0,1.0,,,8.0,1.0,8,4.0,10,1
2012-10-11,91231,,11,3,5070.0,48268R10,KSW,K S W INC,KSW,221330.0,Q,A,R,50698,3,5070.0,,233.0,,50.0,507.0,,,,,0.0,0.0,5.0,0.0,6387.0,1.0,5.0,31935.0,KSW,10.0,9.0,3.0,9.0,7.0,1,10.0,1.0,5.0,5.0,8.0,9.0,1.0,10.0,7.0,3.0,10.0,10.0,10.0,10.0,10.0,7.0,5.0,4.0,9.0,6.0,10.0,,,4.0,,,,6.0,4.0,8.0,7.0,5.0,,6.0,8.0,6.0,1.0,2.0,10.0,5.0,1.0,,,8.0,1.0,8,4.0,10,1
2012-10-12,91231,,11,3,5070.0,48268R10,KSW,K S W INC,KSW,221330.0,Q,A,R,50698,3,5070.0,,,,50.0,507.0,3225.0,5.0,-1.0,,,,,,,,,,<undefined>,10.0,9.0,3.0,9.0,7.0,1,10.0,1.0,5.0,5.0,8.0,9.0,1.0,10.0,7.0,3.0,10.0,10.0,10.0,10.0,10.0,7.0,5.0,4.0,9.0,6.0,10.0,,,4.0,,,,6.0,4.0,8.0,7.0,5.0,,6.0,8.0,6.0,1.0,2.0,10.0,5.0,1.0,,,8.0,1.0,8,4.0,10,1
