,PERMNO,NAMEENDT,SHRCD,EXCHCD,SICCD,NCUSIP,TICKER,COMNAM,TSYMBOL,NAICS,PRIMEXCH,TRDSTAT,SECSTAT,PERMCO,HEXCD,HSICCD,CUSIP,DLSTCD,NEXTDT,HSICMG,HSICIG,DISTCD,DIVAMT,FACPR,ACPERM,NWPERM,DLPRC,PRC,RET,SHROUT,CFACPR,OPENPRC,MARKETCAP,TAQ_TICKER,pNYSE_size,pNYSE_value,pNYSE_prof,pNYSE_dur,pNYSE_valprof,pNYSE_fscore,pNYSE_debtiss,pNYSE_repurch,pNYSE_nissa,pNYSE_accruals,pNYSE_growth,pNYSE_aturnover,pNYSE_gmargins,pNYSE_divp,pNYSE_ep,pNYSE_cfp,pNYSE_noa,pNYSE_inv,pNYSE_invcap,pNYSE_igrowth,pNYSE_sgrowth,pNYSE_lev,pNYSE_roaa,pNYSE_roea,pNYSE_sp,pNYSE_gltnoa,pNYSE_divg,pNYSE_invaci,pNYSE_mom,pNYSE_indmom,pNYSE_valmom,pNYSE_valmomprof,pNYSE_shortint,pNYSE_mom12,pNYSE_momrev,pNYSE_lrrev,pNYSE_valuem,pNYSE_nissm,pNYSE_sue,pNYSE_roe,pNYSE_rome,pNYSE_roa,pNYSE_strev,pNYSE_ivol,pNYSE_betaarb,pNYSE_season,pNYSE_indrrev,pNYSE_indrrevlv,pNYSE_indmomrev,pNYSE_ciss,pNYSE_price,pNYSE_age,pNYSE_shvol,pNYSE_exchsw,pNYSE_ipo
2008-01-31,92546,20100119.0,11,2,6770.0,80306T10,FYR,SAPPHIRE INDUSTRIALS CORP,FYR,,A,A,R,52937,2,6770.0,,,,67.0,677.0,,,,,,,9.03,,100000.0,1.0,9.05,903000.0,FYR,,,,,,1,,,,,,,,,,,,,,,,,,,,,,,,4.0,,,,,,,,,,,,,,,,,,,,,,10,,10,10
2008-02-01,92546,,11,2,6770.0,80306T10,FYR,SAPPHIRE INDUSTRIALS CORP,FYR,,A,A,R,52937,2,6770.0,,,,67.0,677.0,,,,,,,9.01,-0.002215,100000.0,1.0,9.04,901000.0,FYR,,,,,,1,,,,,,,,,,,,,,,,,,,,,,,,6.0,,,,,,,,,,,,,4.0,,,,3.0,3.0,3.0,,2.0,10,,10,10
2008-02-04,92546,,11,2,6770.0,80306T10,FYR,SAPPHIRE INDUSTRIALS CORP,FYR,,A,A,R,52937,2,6770.0,,,,67.0,677.0,,,,,,,9.02,0.00111,100000.0,1.0,9.02,902000.0,FYR,,,,,,1,,,,,,,,,,,,,,,,,,,,,,,,6.0,,,,,,,,,,,,,4.0,,,,3.0,3.0,3.0,,2.0,10,,10,10
2008-02-05,92546,,11,2,6770.0,80306T10,FYR,SAPPHIRE INDUSTRIALS CORP,FYR,,A,A,R,52937,2,6770.0,,,,67.0,677.0,,,,,,,9.02,0.0,100000.0,1.0,9.01,902000.0,FYR,,,,,,1,,,,,,,,,,,,,,,,,,,,,,,,6.0,,,,,,,,,,,,,4.0,,,,3.0,3.0,3.0,,2.0,10,,10,10
2008-02-06,92546,,11,2,6770.0,80306T10,FYR,SAPPHIRE INDUSTRIALS CORP,FYR,,A,A,R,52937,2,6770.0,,,,67.0,677.0,,,,,,,9.02,0.0,100000.0,1.0,9.01,902000.0,FYR,,,,,,1,,,,,,,,,,,,,,,,,,,,,,,,6.0,,,,,,,,,,,,,4.0,,,,3.0,3.0,3.0,,2.0,10,,10,10
2008-02-07,92546,,11,2,6770.0,80306T10,FYR,SAPPHIRE INDUSTRIALS CORP,FYR,,A,A,R,52937,2,6770.0,,,,67.0,677.0,,,,,,,9.03,0.001109,100000.0,1.0,9.05,903000.0,FYR,,,,,,1,,,,,,,,,,,,,,,,,,,,,,,,6.0,,,,,,,,,,,,,4.0,,,,3.0,3.0,3.0,,2.0,10,,10,10
2008-02-08,92546,,11,2,6770.0,80306T10,FYR,SAPPHIRE INDUSTRIALS CORP,FYR,,A,A,R,52937,2,6770.0,,,,67.0,677.0,,,,,,,9.04,0.001107,100000.0,1.0,9.03,904000.0,FYR,,,,,,1,,,,,,,,,,,,,,,,,,,,,,,,6.0,,,,,,,,,,,,,4.0,,,,3.0,3.0,3.0,,2.0,10,,10,10
2008-02-11,92546,,11,2,6770.0,80306T10,FYR,SAPPHIRE INDUSTRIALS CORP,FYR,,A,A,R,52937,2,6770.0,,,,67.0,677.0,,,,,,,9.04,0.0,100000.0,1.0,9.08,904000.0,FYR,,,,,,1,,,,,,,,,,,,,,,,,,,,,,,,6.0,,,,,,,,,,,,,4.0,,,,3.0,3.0,3.0,,2.0,10,,10,10
2008-02-12,92546,,11,2,6770.0,80306T10,FYR,SAPPHIRE INDUSTRIALS CORP,FYR,,A,A,R,52937,2,6770.0,,,,67.0,677.0,,,,,,,9.04,0.0,100000.0,1.0,9.1,904000.0,FYR,,,,,,1,,,,,,,,,,,,,,,,,,,,,,,,6.0,,,,,,,,,,,,,4.0,,,,3.0,3.0,3.0,,2.0,10,,10,10
2008-02-13,92546,,11,2,6770.0,80306T10,FYR,SAPPHIRE INDUSTRIALS CORP,FYR,,A,A,R,52937,2,6770.0,,,,67.0,677.0,,,,,,,9.06,0.002212,100000.0,1.0,9.07,906000.0,FYR,,,,,,1,,,,,,,,,,,,,,,,,,,,,,,,6.0,,,,,,,,,,,,,4.0,,,,3.0,3.0,3.0,,2.0,10,,10,10
2008-02-14,92546,,11,2,6770.0,80306T10,FYR,SAPPHIRE INDUSTRIALS CORP,FYR,,A,A,R,52937,2,6770.0,,,,67.0,677.0,,,,,,,9.05,-0.001104,100000.0,1.0,9.08,905000.0,FYR,,,,,,1,,,,,,,,,,,,,,,,,,,,,,,,6.0,,,,,,,,,,,,,4.0,,,,3.0,3.0,3.0,,2.0,10,,10,10
2008-02-15,92546,,11,2,6770.0,80306T10,FYR,SAPPHIRE INDUSTRIALS CORP,FYR,,A,A,R,52937,2,6770.0,,,,67.0,677.0,,,,,,,9.04,-0.001105,100000.0,1.0,9.04,904000.0,FYR,,,,,,1,,,,,,,,,,,,,,,,,,,,,,,,6.0,,,,,,,,,,,,,4.0,,,,3.0,3.0,3.0,,2.0,10,,10,10
2008-02-19,92546,,11,2,6770.0,80306T10,FYR,SAPPHIRE INDUSTRIALS CORP,FYR,,A,A,R,52937,2,6770.0,,,,67.0,677.0,,,,,,,9.02,-0.002212,100000.0,1.0,9.13,902000.0,FYR,,,,,,1,,,,,,,,,,,,,,,,,,,,,,,,6.0,,,,,,,,,,,,,4.0,,,,3.0,3.0,3.0,,2.0,10,,10,10
2008-02-20,92546,,11,2,6770.0,80306T10,FYR,SAPPHIRE INDUSTRIALS CORP,FYR,,A,A,R,52937,2,6770.0,,,,67.0,677.0,,,,,,,9.05,0.003326,100000.0,1.0,9.04,905000.0,FYR,,,,,,1,,,,,,,,,,,,,,,,,,,,,,,,6.0,,,,,,,,,,,,,4.0,,,,3.0,3.0,3.0,,2.0,10,,10,10
2008-02-21,92546,,11,2,6770.0,80306T10,FYR,SAPPHIRE INDUSTRIALS CORP,FYR,,A,A,R,52937,2,6770.0,,,,67.0,677.0,,,,,,,9.05,0.0,100000.0,1.0,9.05,905000.0,FYR,,,,,,1,,,,,,,,,,,,,,,,,,,,,,,,6.0,,,,,,,,,,,,,4.0,,,,3.0,3.0,3.0,,2.0,10,,10,10
2008-02-22,92546,,11,2,6770.0,80306T10,FYR,SAPPHIRE INDUSTRIALS CORP,FYR,,A,A,R,52937,2,6770.0,,,,67.0,677.0,,,,,,,9.05,0.0,100000.0,1.0,9.07,905000.0,FYR,,,,,,1,,,,,,,,,,,,,,,,,,,,,,,,6.0,,,,,,,,,,,,,4.0,,,,3.0,3.0,3.0,,2.0,10,,10,10
2008-02-25,92546,,11,2,6770.0,80306T10,FYR,SAPPHIRE INDUSTRIALS CORP,FYR,,A,A,R,52937,2,6770.0,,,,67.0,677.0,,,,,,,9.08,0.003315,100000.0,1.0,9.05,908000.0,FYR,,,,,,1,,,,,,,,,,,,,,,,,,,,,,,,6.0,,,,,,,,,,,,,4.0,,,,3.0,3.0,3.0,,2.0,10,,10,10
2008-02-26,92546,,11,2,6770.0,80306T10,FYR,SAPPHIRE INDUSTRIALS CORP,FYR,,A,A,R,52937,2,6770.0,,,,67.0,677.0,,,,,,,9.11,0.003304,100000.0,1.0,9.08,911000.0,FYR,,,,,,1,,,,,,,,,,,,,,,,,,,,,,,,6.0,,,,,,,,,,,,,4.0,,,,3.0,3.0,3.0,,2.0,10,,10,10
2008-02-27,92546,,11,2,6770.0,80306T10,FYR,SAPPHIRE INDUSTRIALS CORP,FYR,,A,A,R,52937,2,6770.0,,,,67.0,677.0,,,,,,,9.11,0.0,100000.0,1.0,9.1,911000.0,FYR,,,,,,1,,,,,,,,,,,,,,,,,,,,,,,,6.0,,,,,,,,,,,,,4.0,,,,3.0,3.0,3.0,,2.0,10,,10,10
2008-02-28,92546,,11,2,6770.0,80306T10,FYR,SAPPHIRE INDUSTRIALS CORP,FYR,,A,A,R,52937,2,6770.0,,,,67.0,677.0,,,,,,,9.11,0.0,100000.0,1.0,9.1,911000.0,FYR,,,,,,1,,,,,,,,,,,,,,,,,,,,,,,,6.0,,,,,,,,,,,,,4.0,,,,3.0,3.0,3.0,,2.0,10,,10,10
2008-02-29,92546,,11,2,6770.0,80306T10,FYR,SAPPHIRE INDUSTRIALS CORP,FYR,,A,A,R,52937,2,6770.0,,,,67.0,677.0,,,,,,,9.11,0.0,103000.0,1.0,9.08,938330.0,FYR,,,,,,1,,,,,,,,,,,,,,,,,,,,,,,,6.0,,,,,,,,,,,,,4.0,,,,3.0,3.0,3.0,,2.0,10,,10,10
2008-03-03,92546,,11,2,6770.0,80306T10,FYR,SAPPHIRE INDUSTRIALS CORP,FYR,,A,A,R,52937,2,6770.0,,,,67.0,677.0,,,,,,,9.09,-0.002195,103000.0,1.0,9.13,936270.0,FYR,,,,,,1,,,,,,,,,,,,,,,,,,,,,,,,4.0,,,,,,,,,,,,,4.0,,,,2.0,1.0,1.0,,2.0,10,10.0,10,10
2008-03-04,92546,,11,2,6770.0,80306T10,FYR,SAPPHIRE INDUSTRIALS CORP,FYR,,A,A,R,52937,2,6770.0,,,,67.0,677.0,,,,,,,9.08,-0.0011,103000.0,1.0,9.09,935240.0,FYR,,,,,,1,,,,,,,,,,,,,,,,,,,,,,,,4.0,,,,,,,,,,,,,4.0,,,,2.0,1.0,1.0,,2.0,10,10.0,10,10
2008-03-05,92546,,11,2,6770.0,80306T10,FYR,SAPPHIRE INDUSTRIALS CORP,FYR,,A,A,R,52937,2,6770.0,,,,67.0,677.0,,,,,,,9.09,0.001101,103000.0,1.0,9.07,936270.0,FYR,,,,,,1,,,,,,,,,,,,,,,,,,,,,,,,4.0,,,,,,,,,,,,,4.0,,,,2.0,1.0,1.0,,2.0,10,10.0,10,10
2008-03-06,92546,,11,2,6770.0,80306T10,FYR,SAPPHIRE INDUSTRIALS CORP,FYR,,A,A,R,52937,2,6770.0,,,,67.0,677.0,,,,,,,9.09,0.0,103000.0,1.0,9.09,936270.0,FYR,,,,,,1,,,,,,,,,,,,,,,,,,,,,,,,4.0,,,,,,,,,,,,,4.0,,,,2.0,1.0,1.0,,2.0,10,10.0,10,10
2008-03-07,92546,,11,2,6770.0,80306T10,FYR,SAPPHIRE INDUSTRIALS CORP,FYR,,A,A,R,52937,2,6770.0,,,,67.0,677.0,,,,,,,9.1,0.0011,103000.0,1.0,9.09,937300.0,FYR,,,,,,1,,,,,,,,,,,,,,,,,,,,,,,,4.0,,,,,,,,,,,,,4.0,,,,2.0,1.0,1.0,,2.0,10,10.0,10,10
2008-03-10,92546,,11,2,6770.0,80306T10,FYR,SAPPHIRE INDUSTRIALS CORP,FYR,,A,A,R,52937,2,6770.0,,,,67.0,677.0,,,,,,,9.1,0.0,103000.0,1.0,9.08,937300.0,FYR,,,,,,1,,,,,,,,,,,,,,,,,,,,,,,,4.0,,,,,,,,,,,,,4.0,,,,2.0,1.0,1.0,,2.0,10,10.0,10,10
2008-03-11,92546,,11,2,6770.0,80306T10,FYR,SAPPHIRE INDUSTRIALS CORP,FYR,,A,A,R,52937,2,6770.0,,,,67.0,677.0,,,,,,,9.09,-0.001099,103000.0,1.0,9.14,936270.0,FYR,,,,,,1,,,,,,,,,,,,,,,,,,,,,,,,4.0,,,,,,,,,,,,,4.0,,,,2.0,1.0,1.0,,2.0,10,10.0,10,10
2008-03-12,92546,,11,2,6770.0,80306T10,FYR,SAPPHIRE INDUSTRIALS CORP,FYR,,A,A,R,52937,2,6770.0,,,,67.0,677.0,,,,,,,9.09,0.0,103000.0,1.0,9.06,936270.0,FYR,,,,,,1,,,,,,,,,,,,,,,,,,,,,,,,4.0,,,,,,,,,,,,,4.0,,,,2.0,1.0,1.0,,2.0,10,10.0,10,10
2008-03-13,92546,,11,2,6770.0,80306T10,FYR,SAPPHIRE INDUSTRIALS CORP,FYR,,A,A,R,52937,2,6770.0,,,,67.0,677.0,,,,,,,9.2,0.012101,103000.0,1.0,9.07,947600.0,FYR,,,,,,1,,,,,,,,,,,,,,,,,,,,,,,,4.0,,,,,,,,,,,,,4.0,,,,2.0,1.0,1.0,,2.0,10,10.0,10,10
2008-03-14,92546,,11,2,6770.0,80306T10,FYR,SAPPHIRE INDUSTRIALS CORP,FYR,,A,A,R,52937,2,6770.0,,,,67.0,677.0,,,,,,,9.18,-0.002174,103000.0,1.0,9.22,945540.0,FYR,,,,,,1,,,,,,,,,,,,,,,,,,,,,,,,4.0,,,,,,,,,,,,,4.0,,,,2.0,1.0,1.0,,2.0,10,10.0,10,10
2008-03-17,92546,,11,2,6770.0,80306T10,FYR,SAPPHIRE INDUSTRIALS CORP,FYR,,A,A,R,52937,2,6770.0,,,,67.0,677.0,,,,,,,9.1,-0.008715,103000.0,1.0,9.15,937300.0,FYR,,,,,,1,,,,,,,,,,,,,,,,,,,,,,,,4.0,,,,,,,,,,,,,4.0,,,,2.0,1.0,1.0,,2.0,10,10.0,10,10
2008-03-18,92546,,11,2,6770.0,80306T10,FYR,SAPPHIRE INDUSTRIALS CORP,FYR,,A,A,R,52937,2,6770.0,,,,67.0,677.0,,,,,,,9.17,0.007692,103000.0,1.0,9.2,944510.0,FYR,,,,,,1,,,,,,,,,,,,,,,,,,,,,,,,4.0,,,,,,,,,,,,,4.0,,,,2.0,1.0,1.0,,2.0,10,10.0,10,10
2008-03-19,92546,,11,2,6770.0,80306T10,FYR,SAPPHIRE INDUSTRIALS CORP,FYR,,A,A,R,52937,2,6770.0,,,,67.0,677.0,,,,,,,9.18,0.001091,103000.0,1.0,9.22,945540.0,FYR,,,,,,1,,,,,,,,,,,,,,,,,,,,,,,,4.0,,,,,,,,,,,,,4.0,,,,2.0,1.0,1.0,,2.0,10,10.0,10,10
2008-03-20,92546,,11,2,6770.0,80306T10,FYR,SAPPHIRE INDUSTRIALS CORP,FYR,,A,A,R,52937,2,6770.0,,,,67.0,677.0,,,,,,,9.15,-0.003268,103000.0,1.0,9.15,942450.0,FYR,,,,,,1,,,,,,,,,,,,,,,,,,,,,,,,4.0,,,,,,,,,,,,,4.0,,,,2.0,1.0,1.0,,2.0,10,10.0,10,10
2008-03-24,92546,,11,2,6770.0,80306T10,FYR,SAPPHIRE INDUSTRIALS CORP,FYR,,A,A,R,52937,2,6770.0,,,,67.0,677.0,,,,,,,9.18,0.003279,103000.0,1.0,9.18,945540.0,FYR,,,,,,1,,,,,,,,,,,,,,,,,,,,,,,,4.0,,,,,,,,,,,,,4.0,,,,2.0,1.0,1.0,,2.0,10,10.0,10,10
2008-03-25,92546,,11,2,6770.0,80306T10,FYR,SAPPHIRE INDUSTRIALS CORP,FYR,,A,A,R,52937,2,6770.0,,,,67.0,677.0,,,,,,,-9.16,-0.002179,103000.0,1.0,,-943480.0,FYR,,,,,,1,,,,,,,,,,,,,,,,,,,,,,,,4.0,,,,,,,,,,,,,4.0,,,,2.0,1.0,1.0,,2.0,10,10.0,10,10
2008-03-26,92546,,11,2,6770.0,80306T10,FYR,SAPPHIRE INDUSTRIALS CORP,FYR,,A,A,R,52937,2,6770.0,,,,67.0,677.0,,,,,,,9.17,0.001092,103000.0,1.0,9.18,944510.0,FYR,,,,,,1,,,,,,,,,,,,,,,,,,,,,,,,4.0,,,,,,,,,,,,,4.0,,,,2.0,1.0,1.0,,2.0,10,10.0,10,10
2008-03-27,92546,,11,2,6770.0,80306T10,FYR,SAPPHIRE INDUSTRIALS CORP,FYR,,A,A,R,52937,2,6770.0,,,,67.0,677.0,,,,,,,-9.125,-0.004907,103000.0,1.0,,-939875.0,FYR,,,,,,1,,,,,,,,,,,,,,,,,,,,,,,,4.0,,,,,,,,,,,,,4.0,,,,2.0,1.0,1.0,,2.0,10,10.0,10,10
2008-03-28,92546,,11,2,6770.0,80306T10,FYR,SAPPHIRE INDUSTRIALS CORP,FYR,,A,A,R,52937,2,6770.0,,,,67.0,677.0,,,,,,,9.15,0.00274,103000.0,1.0,9.15,942450.0,FYR,,,,,,1,,,,,,,,,,,,,,,,,,,,,,,,4.0,,,,,,,,,,,,,4.0,,,,2.0,1.0,1.0,,2.0,10,10.0,10,10
2008-03-31,92546,,11,2,6770.0,80306T10,FYR,SAPPHIRE INDUSTRIALS CORP,FYR,,A,A,R,52937,2,6770.0,,,,67.0,677.0,,,,,,,9.16,0.001093,100000.0,1.0,9.15,916000.0,FYR,,,,,,1,,,,,,,,,,,,,,,,,,,,,,,,4.0,,,,,,,,,,,,,4.0,,,,2.0,1.0,1.0,,2.0,10,10.0,10,10
2008-04-01,92546,,11,2,6770.0,80306T10,FYR,SAPPHIRE INDUSTRIALS CORP,FYR,,A,A,R,52937,2,6770.0,,,,67.0,677.0,,,,,,,9.15,-0.001092,100000.0,1.0,9.16,915000.0,FYR,,,,,,1,,,,,,,,,,,,,,,,,,,,,,,,2.0,,,,,,,,,,,,,5.0,,,,3.0,2.0,1.0,,2.0,10,10.0,10,10
2008-04-02,92546,,11,2,6770.0,80306T10,FYR,SAPPHIRE INDUSTRIALS CORP,FYR,,A,A,R,52937,2,6770.0,,,,67.0,677.0,,,,,,,9.19,0.004372,100000.0,1.0,9.14,919000.0,FYR,,,,,,1,,,,,,,,,,,,,,,,,,,,,,,,2.0,,,,,,,,,,,,,5.0,,,,3.0,2.0,1.0,,2.0,10,10.0,10,10
2008-04-03,92546,,11,2,6770.0,80306T10,FYR,SAPPHIRE INDUSTRIALS CORP,FYR,,A,A,R,52937,2,6770.0,,,,67.0,677.0,,,,,,,9.15,-0.004353,100000.0,1.0,9.1,915000.0,FYR,,,,,,1,,,,,,,,,,,,,,,,,,,,,,,,2.0,,,,,,,,,,,,,5.0,,,,3.0,2.0,1.0,,2.0,10,10.0,10,10
2008-04-04,92546,,11,2,6770.0,80306T10,FYR,SAPPHIRE INDUSTRIALS CORP,FYR,,A,A,R,52937,2,6770.0,,,,67.0,677.0,,,,,,,-9.165,0.001639,100000.0,1.0,,-916500.0,FYR,,,,,,1,,,,,,,,,,,,,,,,,,,,,,,,2.0,,,,,,,,,,,,,5.0,,,,3.0,2.0,1.0,,2.0,10,10.0,10,10
2008-04-07,92546,,11,2,6770.0,80306T10,FYR,SAPPHIRE INDUSTRIALS CORP,FYR,,A,A,R,52937,2,6770.0,,,,67.0,677.0,,,,,,,9.19,0.002728,100000.0,1.0,9.17,919000.0,FYR,,,,,,1,,,,,,,,,,,,,,,,,,,,,,,,2.0,,,,,,,,,,,,,5.0,,,,3.0,2.0,1.0,,2.0,10,10.0,10,10
2008-04-08,92546,,11,2,6770.0,80306T10,FYR,SAPPHIRE INDUSTRIALS CORP,FYR,,A,A,R,52937,2,6770.0,,,,67.0,677.0,,,,,,,9.2,0.001088,100000.0,1.0,9.19,920000.0,FYR,,,,,,1,,,,,,,,,,,,,,,,,,,,,,,,2.0,,,,,,,,,,,,,5.0,,,,3.0,2.0,1.0,,2.0,10,10.0,10,10
2008-04-09,92546,,11,2,6770.0,80306T10,FYR,SAPPHIRE INDUSTRIALS CORP,FYR,,A,A,R,52937,2,6770.0,,,,67.0,677.0,,,,,,,9.19,-0.001087,100000.0,1.0,9.22,919000.0,FYR,,,,,,1,,,,,,,,,,,,,,,,,,,,,,,,2.0,,,,,,,,,,,,,5.0,,,,3.0,2.0,1.0,,2.0,10,10.0,10,10
2008-04-10,92546,,11,2,6770.0,80306T10,FYR,SAPPHIRE INDUSTRIALS CORP,FYR,,A,A,R,52937,2,6770.0,,,,67.0,677.0,,,,,,,9.21,0.002176,100000.0,1.0,9.18,921000.0,FYR,,,,,,1,,,,,,,,,,,,,,,,,,,,,,,,2.0,,,,,,,,,,,,,5.0,,,,3.0,2.0,1.0,,2.0,10,10.0,10,10
2008-04-11,92546,,11,2,6770.0,80306T10,FYR,SAPPHIRE INDUSTRIALS CORP,FYR,,A,A,R,52937,2,6770.0,,,,67.0,677.0,,,,,,,-9.21,0.0,100000.0,1.0,,-921000.0,FYR,,,,,,1,,,,,,,,,,,,,,,,,,,,,,,,2.0,,,,,,,,,,,,,5.0,,,,3.0,2.0,1.0,,2.0,10,10.0,10,10
2008-04-14,92546,,11,2,6770.0,80306T10,FYR,SAPPHIRE INDUSTRIALS CORP,FYR,,A,A,R,52937,2,6770.0,,,,67.0,677.0,,,,,,,9.19,-0.002172,100000.0,1.0,9.19,919000.0,FYR,,,,,,1,,,,,,,,,,,,,,,,,,,,,,,,2.0,,,,,,,,,,,,,5.0,,,,3.0,2.0,1.0,,2.0,10,10.0,10,10
2008-04-15,92546,,11,2,6770.0,80306T10,FYR,SAPPHIRE INDUSTRIALS CORP,FYR,,A,A,R,52937,2,6770.0,,,,67.0,677.0,,,,,,,9.19,0.0,100000.0,1.0,9.19,919000.0,FYR,,,,,,1,,,,,,,,,,,,,,,,,,,,,,,,2.0,,,,,,,,,,,,,5.0,,,,3.0,2.0,1.0,,2.0,10,10.0,10,10
2008-04-16,92546,,11,2,6770.0,80306T10,FYR,SAPPHIRE INDUSTRIALS CORP,FYR,,A,A,R,52937,2,6770.0,,,,67.0,677.0,,,,,,,-9.14,-0.005441,100000.0,1.0,,-914000.0,FYR,,,,,,1,,,,,,,,,,,,,,,,,,,,,,,,2.0,,,,,,,,,,,,,5.0,,,,3.0,2.0,1.0,,2.0,10,10.0,10,10
2008-04-17,92546,,11,2,6770.0,80306T10,FYR,SAPPHIRE INDUSTRIALS CORP,FYR,,A,A,R,52937,2,6770.0,,,,67.0,677.0,,,,,,,9.08,-0.006565,100000.0,1.0,9.15,908000.0,FYR,,,,,,1,,,,,,,,,,,,,,,,,,,,,,,,2.0,,,,,,,,,,,,,5.0,,,,3.0,2.0,1.0,,2.0,10,10.0,10,10
2008-04-18,92546,,11,2,6770.0,80306T10,FYR,SAPPHIRE INDUSTRIALS CORP,FYR,,A,A,R,52937,2,6770.0,,,,67.0,677.0,,,,,,,9.08,0.0,100000.0,1.0,9.13,908000.0,FYR,,,,,,1,,,,,,,,,,,,,,,,,,,,,,,,2.0,,,,,,,,,,,,,5.0,,,,3.0,2.0,1.0,,2.0,10,10.0,10,10
2008-04-21,92546,,11,2,6770.0,80306T10,FYR,SAPPHIRE INDUSTRIALS CORP,FYR,,A,A,R,52937,2,6770.0,,,,67.0,677.0,,,,,,,9.08,0.0,100000.0,1.0,9.09,908000.0,FYR,,,,,,1,,,,,,,,,,,,,,,,,,,,,,,,2.0,,,,,,,,,,,,,5.0,,,,3.0,2.0,1.0,,2.0,10,10.0,10,10
2008-04-22,92546,,11,2,6770.0,80306T10,FYR,SAPPHIRE INDUSTRIALS CORP,FYR,,A,A,R,52937,2,6770.0,,,,67.0,677.0,,,,,,,9.08,0.0,100000.0,1.0,9.08,908000.0,FYR,,,,,,1,,,,,,,,,,,,,,,,,,,,,,,,2.0,,,,,,,,,,,,,5.0,,,,3.0,2.0,1.0,,2.0,10,10.0,10,10
2008-04-23,92546,,11,2,6770.0,80306T10,FYR,SAPPHIRE INDUSTRIALS CORP,FYR,,A,A,R,52937,2,6770.0,,,,67.0,677.0,,,,,,,9.09,0.001101,100000.0,1.0,9.08,909000.0,FYR,,,,,,1,,,,,,,,,,,,,,,,,,,,,,,,2.0,,,,,,,,,,,,,5.0,,,,3.0,2.0,1.0,,2.0,10,10.0,10,10
2008-04-24,92546,,11,2,6770.0,80306T10,FYR,SAPPHIRE INDUSTRIALS CORP,FYR,,A,A,R,52937,2,6770.0,,,,67.0,677.0,,,,,,,9.09,0.0,100000.0,1.0,9.1,909000.0,FYR,,,,,,1,,,,,,,,,,,,,,,,,,,,,,,,2.0,,,,,,,,,,,,,5.0,,,,3.0,2.0,1.0,,2.0,10,10.0,10,10
2008-04-25,92546,,11,2,6770.0,80306T10,FYR,SAPPHIRE INDUSTRIALS CORP,FYR,,A,A,R,52937,2,6770.0,,,,67.0,677.0,,,,,,,9.08,-0.0011,100000.0,1.0,9.08,908000.0,FYR,,,,,,1,,,,,,,,,,,,,,,,,,,,,,,,2.0,,,,,,,,,,,,,5.0,,,,3.0,2.0,1.0,,2.0,10,10.0,10,10
2008-04-28,92546,,11,2,6770.0,80306T10,FYR,SAPPHIRE INDUSTRIALS CORP,FYR,,A,A,R,52937,2,6770.0,,,,67.0,677.0,,,,,,,9.07,-0.001101,100000.0,1.0,9.08,907000.0,FYR,,,,,,1,,,,,,,,,,,,,,,,,,,,,,,,2.0,,,,,,,,,,,,,5.0,,,,3.0,2.0,1.0,,2.0,10,10.0,10,10
2008-04-29,92546,,11,2,6770.0,80306T10,FYR,SAPPHIRE INDUSTRIALS CORP,FYR,,A,A,R,52937,2,6770.0,,,,67.0,677.0,,,,,,,9.11,0.00441,100000.0,1.0,9.08,911000.0,FYR,,,,,,1,,,,,,,,,,,,,,,,,,,,,,,,2.0,,,,,,,,,,,,,5.0,,,,3.0,2.0,1.0,,2.0,10,10.0,10,10
2008-04-30,92546,,11,2,6770.0,80306T10,FYR,SAPPHIRE INDUSTRIALS CORP,FYR,,A,A,R,52937,2,6770.0,,,,67.0,677.0,,,,,,,9.1,-0.001098,100000.0,1.0,9.1,910000.0,FYR,,,,,,1,,,,,,,,,,,,,,,,,,,,,,,,2.0,,,,,,,,,,,,,5.0,,,,3.0,2.0,1.0,,2.0,10,10.0,10,10
2008-05-01,92546,,11,2,6770.0,80306T10,FYR,SAPPHIRE INDUSTRIALS CORP,FYR,,A,A,R,52937,2,6770.0,,,,67.0,677.0,,,,,,,9.09,-0.001099,100000.0,1.0,9.08,909000.0,FYR,,,,,,1,,,,,,,,,,,,,,,,,,,,,,,,1.0,,,,,,,,,,,,,7.0,,,,8.0,9.0,5.0,,2.0,10,10.0,10,10
2008-05-02,92546,,11,2,6770.0,80306T10,FYR,SAPPHIRE INDUSTRIALS CORP,FYR,,A,A,R,52937,2,6770.0,,,,67.0,677.0,,,,,,,9.07,-0.0022,100000.0,1.0,9.08,907000.0,FYR,,,,,,1,,,,,,,,,,,,,,,,,,,,,,,,1.0,,,,,,,,,,,,,7.0,,,,8.0,9.0,5.0,,2.0,10,10.0,10,10
2008-05-05,92546,,11,2,6770.0,80306T10,FYR,SAPPHIRE INDUSTRIALS CORP,FYR,,A,A,R,52937,2,6770.0,,,,67.0,677.0,,,,,,,9.06,-0.001102,100000.0,1.0,9.05,906000.0,FYR,,,,,,1,,,,,,,,,,,,,,,,,,,,,,,,1.0,,,,,,,,,,,,,7.0,,,,8.0,9.0,5.0,,2.0,10,10.0,10,10
2008-05-06,92546,,11,2,6770.0,80306T10,FYR,SAPPHIRE INDUSTRIALS CORP,FYR,,A,A,R,52937,2,6770.0,,,,67.0,677.0,,,,,,,9.06,0.0,100000.0,1.0,9.06,906000.0,FYR,,,,,,1,,,,,,,,,,,,,,,,,,,,,,,,1.0,,,,,,,,,,,,,7.0,,,,8.0,9.0,5.0,,2.0,10,10.0,10,10
2008-05-07,92546,,11,2,6770.0,80306T10,FYR,SAPPHIRE INDUSTRIALS CORP,FYR,,A,A,R,52937,2,6770.0,,,,67.0,677.0,,,,,,,9.07,0.001104,100000.0,1.0,9.07,907000.0,FYR,,,,,,1,,,,,,,,,,,,,,,,,,,,,,,,1.0,,,,,,,,,,,,,7.0,,,,8.0,9.0,5.0,,2.0,10,10.0,10,10
2008-05-08,92546,,11,2,6770.0,80306T10,FYR,SAPPHIRE INDUSTRIALS CORP,FYR,,A,A,R,52937,2,6770.0,,,,67.0,677.0,,,,,,,9.09,0.002205,100000.0,1.0,9.08,909000.0,FYR,,,,,,1,,,,,,,,,,,,,,,,,,,,,,,,1.0,,,,,,,,,,,,,7.0,,,,8.0,9.0,5.0,,2.0,10,10.0,10,10
2008-05-09,92546,,11,2,6770.0,80306T10,FYR,SAPPHIRE INDUSTRIALS CORP,FYR,,A,A,R,52937,2,6770.0,,,,67.0,677.0,,,,,,,-9.125,0.00385,100000.0,1.0,,-912500.0,FYR,,,,,,1,,,,,,,,,,,,,,,,,,,,,,,,1.0,,,,,,,,,,,,,7.0,,,,8.0,9.0,5.0,,2.0,10,10.0,10,10
2008-05-12,92546,,11,2,6770.0,80306T10,FYR,SAPPHIRE INDUSTRIALS CORP,FYR,,A,A,R,52937,2,6770.0,,,,67.0,677.0,,,,,,,9.15,0.00274,100000.0,1.0,9.1,915000.0,FYR,,,,,,1,,,,,,,,,,,,,,,,,,,,,,,,1.0,,,,,,,,,,,,,7.0,,,,8.0,9.0,5.0,,2.0,10,10.0,10,10
2008-05-13,92546,,11,2,6770.0,80306T10,FYR,SAPPHIRE INDUSTRIALS CORP,FYR,,A,A,R,52937,2,6770.0,,,,67.0,677.0,,,,,,,9.18,0.003279,100000.0,1.0,9.1,918000.0,FYR,,,,,,1,,,,,,,,,,,,,,,,,,,,,,,,1.0,,,,,,,,,,,,,7.0,,,,8.0,9.0,5.0,,2.0,10,10.0,10,10
2008-05-14,92546,,11,2,6770.0,80306T10,FYR,SAPPHIRE INDUSTRIALS CORP,FYR,,A,A,R,52937,2,6770.0,,,,67.0,677.0,,,,,,,-9.195,0.001634,100000.0,1.0,,-919500.0,FYR,,,,,,1,,,,,,,,,,,,,,,,,,,,,,,,1.0,,,,,,,,,,,,,7.0,,,,8.0,9.0,5.0,,2.0,10,10.0,10,10
2008-05-15,92546,,11,2,6770.0,80306T10,FYR,SAPPHIRE INDUSTRIALS CORP,FYR,,A,A,R,52937,2,6770.0,,,,67.0,677.0,,,,,,,9.16,-0.003806,100000.0,1.0,9.15,916000.0,FYR,,,,,,1,,,,,,,,,,,,,,,,,,,,,,,,1.0,,,,,,,,,,,,,7.0,,,,8.0,9.0,5.0,,2.0,10,10.0,10,10
2008-05-16,92546,,11,2,6770.0,80306T10,FYR,SAPPHIRE INDUSTRIALS CORP,FYR,,A,A,R,52937,2,6770.0,,,,67.0,677.0,,,,,,,9.16,0.0,100000.0,1.0,9.21,916000.0,FYR,,,,,,1,,,,,,,,,,,,,,,,,,,,,,,,1.0,,,,,,,,,,,,,7.0,,,,8.0,9.0,5.0,,2.0,10,10.0,10,10
2008-05-19,92546,,11,2,6770.0,80306T10,FYR,SAPPHIRE INDUSTRIALS CORP,FYR,,A,A,R,52937,2,6770.0,,,,67.0,677.0,,,,,,,-9.19,0.003275,100000.0,1.0,,-919000.0,FYR,,,,,,1,,,,,,,,,,,,,,,,,,,,,,,,1.0,,,,,,,,,,,,,7.0,,,,8.0,9.0,5.0,,2.0,10,10.0,10,10
2008-05-20,92546,,11,2,6770.0,80306T10,FYR,SAPPHIRE INDUSTRIALS CORP,FYR,,A,A,R,52937,2,6770.0,,,,67.0,677.0,,,,,,,-9.195,0.000544,100000.0,1.0,,-919500.0,FYR,,,,,,1,,,,,,,,,,,,,,,,,,,,,,,,1.0,,,,,,,,,,,,,7.0,,,,8.0,9.0,5.0,,2.0,10,10.0,10,10
2008-05-21,92546,,11,2,6770.0,80306T10,FYR,SAPPHIRE INDUSTRIALS CORP,FYR,,A,A,R,52937,2,6770.0,,,,67.0,677.0,,,,,,,9.25,0.005982,100000.0,1.0,9.16,925000.0,FYR,,,,,,1,,,,,,,,,,,,,,,,,,,,,,,,1.0,,,,,,,,,,,,,7.0,,,,8.0,9.0,5.0,,2.0,10,10.0,10,10
2008-05-22,92546,,11,2,6770.0,80306T10,FYR,SAPPHIRE INDUSTRIALS CORP,FYR,,A,A,R,52937,2,6770.0,,,,67.0,677.0,,,,,,,9.18,-0.007568,100000.0,1.0,9.2,918000.0,FYR,,,,,,1,,,,,,,,,,,,,,,,,,,,,,,,1.0,,,,,,,,,,,,,7.0,,,,8.0,9.0,5.0,,2.0,10,10.0,10,10
2008-05-23,92546,,11,2,6770.0,80306T10,FYR,SAPPHIRE INDUSTRIALS CORP,FYR,,A,A,R,52937,2,6770.0,,,,67.0,677.0,,,,,,,9.12,-0.006536,100000.0,1.0,9.25,912000.0,FYR,,,,,,1,,,,,,,,,,,,,,,,,,,,,,,,1.0,,,,,,,,,,,,,7.0,,,,8.0,9.0,5.0,,2.0,10,10.0,10,10
2008-05-27,92546,,11,2,6770.0,80306T10,FYR,SAPPHIRE INDUSTRIALS CORP,FYR,,A,A,R,52937,2,6770.0,,,,67.0,677.0,,,,,,,9.16,0.004386,100000.0,1.0,9.17,916000.0,FYR,,,,,,1,,,,,,,,,,,,,,,,,,,,,,,,1.0,,,,,,,,,,,,,7.0,,,,8.0,9.0,5.0,,2.0,10,10.0,10,10
2008-05-28,92546,,11,2,6770.0,80306T10,FYR,SAPPHIRE INDUSTRIALS CORP,FYR,,A,A,R,52937,2,6770.0,,,,67.0,677.0,,,,,,,9.19,0.003275,100000.0,1.0,9.11,919000.0,FYR,,,,,,1,,,,,,,,,,,,,,,,,,,,,,,,1.0,,,,,,,,,,,,,7.0,,,,8.0,9.0,5.0,,2.0,10,10.0,10,10
2008-05-29,92546,,11,2,6770.0,80306T10,FYR,SAPPHIRE INDUSTRIALS CORP,FYR,,A,A,R,52937,2,6770.0,,,,67.0,677.0,,,,,,,9.23,0.004353,100000.0,1.0,9.23,923000.0,FYR,,,,,,1,,,,,,,,,,,,,,,,,,,,,,,,1.0,,,,,,,,,,,,,7.0,,,,8.0,9.0,5.0,,2.0,10,10.0,10,10
2008-05-30,92546,,11,2,6770.0,80306T10,FYR,SAPPHIRE INDUSTRIALS CORP,FYR,,A,A,R,52937,2,6770.0,,,,67.0,677.0,,,,,,,9.23,0.0,100000.0,1.0,9.23,923000.0,FYR,,,,,,1,,,,,,,,,,,,,,,,,,,,,,,,1.0,,,,,,,,,,,,,7.0,,,,8.0,9.0,5.0,,2.0,10,10.0,10,10
2008-06-02,92546,,11,2,6770.0,80306T10,FYR,SAPPHIRE INDUSTRIALS CORP,FYR,,A,A,R,52937,2,6770.0,,,,67.0,677.0,,,,,,,9.27,0.004334,100000.0,1.0,9.23,927000.0,FYR,,,,,,1,,,,,,,,,,,,,,,,,,,,,,,,1.0,,,,,,,,,,,3.0,,6.0,10.0,,,4.0,3.0,1.0,,2.0,10,10.0,10,10
2008-06-03,92546,,11,2,6770.0,80306T10,FYR,SAPPHIRE INDUSTRIALS CORP,FYR,,A,A,R,52937,2,6770.0,,,,67.0,677.0,,,,,,,9.3,0.003236,100000.0,1.0,9.27,930000.0,FYR,,,,,,1,,,,,,,,,,,,,,,,,,,,,,,,1.0,,,,,,,,,,,3.0,,6.0,10.0,,,4.0,3.0,1.0,,2.0,10,10.0,10,10
2008-06-04,92546,,11,2,6770.0,80306T10,FYR,SAPPHIRE INDUSTRIALS CORP,FYR,,A,A,R,52937,2,6770.0,,,,67.0,677.0,,,,,,,9.29,-0.001075,100000.0,1.0,9.25,929000.0,FYR,,,,,,1,,,,,,,,,,,,,,,,,,,,,,,,1.0,,,,,,,,,,,3.0,,6.0,10.0,,,4.0,3.0,1.0,,2.0,10,10.0,10,10
2008-06-05,92546,,11,2,6770.0,80306T10,FYR,SAPPHIRE INDUSTRIALS CORP,FYR,,A,A,R,52937,2,6770.0,,,,67.0,677.0,,,,,,,9.38,0.009688,100000.0,1.0,9.27,938000.0,FYR,,,,,,1,,,,,,,,,,,,,,,,,,,,,,,,1.0,,,,,,,,,,,3.0,,6.0,10.0,,,4.0,3.0,1.0,,2.0,10,10.0,10,10
2008-06-06,92546,,11,2,6770.0,80306T10,FYR,SAPPHIRE INDUSTRIALS CORP,FYR,,A,A,R,52937,2,6770.0,,,,67.0,677.0,,,,,,,9.38,0.0,100000.0,1.0,9.38,938000.0,FYR,,,,,,1,,,,,,,,,,,,,,,,,,,,,,,,1.0,,,,,,,,,,,3.0,,6.0,10.0,,,4.0,3.0,1.0,,2.0,10,10.0,10,10
2008-06-09,92546,,11,2,6770.0,80306T10,FYR,SAPPHIRE INDUSTRIALS CORP,FYR,,A,A,R,52937,2,6770.0,,,,67.0,677.0,,,,,,,-9.36,-0.002132,100000.0,1.0,,-936000.0,FYR,,,,,,1,,,,,,,,,,,,,,,,,,,,,,,,1.0,,,,,,,,,,,3.0,,6.0,10.0,,,4.0,3.0,1.0,,2.0,10,10.0,10,10
2008-06-10,92546,,11,2,6770.0,80306T10,FYR,SAPPHIRE INDUSTRIALS CORP,FYR,,A,A,R,52937,2,6770.0,,,,67.0,677.0,,,,,,,9.3,-0.00641,100000.0,1.0,9.3,930000.0,FYR,,,,,,1,,,,,,,,,,,,,,,,,,,,,,,,1.0,,,,,,,,,,,3.0,,6.0,10.0,,,4.0,3.0,1.0,,2.0,10,10.0,10,10
2008-06-11,92546,,11,2,6770.0,80306T10,FYR,SAPPHIRE INDUSTRIALS CORP,FYR,,A,A,R,52937,2,6770.0,,,,67.0,677.0,,,,,,,9.36,0.006452,100000.0,1.0,9.35,936000.0,FYR,,,,,,1,,,,,,,,,,,,,,,,,,,,,,,,1.0,,,,,,,,,,,3.0,,6.0,10.0,,,4.0,3.0,1.0,,2.0,10,10.0,10,10
2008-06-12,92546,,11,2,6770.0,80306T10,FYR,SAPPHIRE INDUSTRIALS CORP,FYR,,A,A,R,52937,2,6770.0,,,,67.0,677.0,,,,,,,9.35,-0.001068,100000.0,1.0,9.35,935000.0,FYR,,,,,,1,,,,,,,,,,,,,,,,,,,,,,,,1.0,,,,,,,,,,,3.0,,6.0,10.0,,,4.0,3.0,1.0,,2.0,10,10.0,10,10
2008-06-13,92546,,11,2,6770.0,80306T10,FYR,SAPPHIRE INDUSTRIALS CORP,FYR,,A,A,R,52937,2,6770.0,,,,67.0,677.0,,,,,,,9.37,0.002139,100000.0,1.0,9.36,937000.0,FYR,,,,,,1,,,,,,,,,,,,,,,,,,,,,,,,1.0,,,,,,,,,,,3.0,,6.0,10.0,,,4.0,3.0,1.0,,2.0,10,10.0,10,10
2008-06-16,92546,,11,2,6770.0,80306T10,FYR,SAPPHIRE INDUSTRIALS CORP,FYR,,A,A,R,52937,2,6770.0,,,,67.0,677.0,,,,,,,9.5,0.013874,100000.0,1.0,9.33,950000.0,FYR,,,,,,1,,,,,,,,,,,,,,,,,,,,,,,,1.0,,,,,,,,,,,3.0,,6.0,10.0,,,4.0,3.0,1.0,,2.0,10,10.0,10,10
2008-06-17,92546,,11,2,6770.0,80306T10,FYR,SAPPHIRE INDUSTRIALS CORP,FYR,,A,A,R,52937,2,6770.0,,,,67.0,677.0,,,,,,,9.37,-0.013684,100000.0,1.0,9.4,937000.0,FYR,,,,,,1,,,,,,,,,,,,,,,,,,,,,,,,1.0,,,,,,,,,,,3.0,,6.0,10.0,,,4.0,3.0,1.0,,2.0,10,10.0,10,10
2008-06-18,92546,,11,2,6770.0,80306T10,FYR,SAPPHIRE INDUSTRIALS CORP,FYR,,A,A,R,52937,2,6770.0,,,,67.0,677.0,,,,,,,9.35,-0.002134,100000.0,1.0,9.32,935000.0,FYR,,,,,,1,,,,,,,,,,,,,,,,,,,,,,,,1.0,,,,,,,,,,,3.0,,6.0,10.0,,,4.0,3.0,1.0,,2.0,10,10.0,10,10
2008-06-19,92546,,11,2,6770.0,80306T10,FYR,SAPPHIRE INDUSTRIALS CORP,FYR,,A,A,R,52937,2,6770.0,,,,67.0,677.0,,,,,,,9.35,0.0,100000.0,1.0,9.35,935000.0,FYR,,,,,,1,,,,,,,,,,,,,,,,,,,,,,,,1.0,,,,,,,,,,,3.0,,6.0,10.0,,,4.0,3.0,1.0,,2.0,10,10.0,10,10
2008-06-20,92546,,11,2,6770.0,80306T10,FYR,SAPPHIRE INDUSTRIALS CORP,FYR,,A,A,R,52937,2,6770.0,,,,67.0,677.0,,,,,,,9.32,-0.003209,100000.0,1.0,9.35,932000.0,FYR,,,,,,1,,,,,,,,,,,,,,,,,,,,,,,,1.0,,,,,,,,,,,3.0,,6.0,10.0,,,4.0,3.0,1.0,,2.0,10,10.0,10,10
2008-06-23,92546,,11,2,6770.0,80306T10,FYR,SAPPHIRE INDUSTRIALS CORP,FYR,,A,A,R,52937,2,6770.0,,,,67.0,677.0,,,,,,,9.4,0.008584,100000.0,1.0,9.35,940000.0,FYR,,,,,,1,,,,,,,,,,,,,,,,,,,,,,,,1.0,,,,,,,,,,,3.0,,6.0,10.0,,,4.0,3.0,1.0,,2.0,10,10.0,10,10
2008-06-24,92546,,11,2,6770.0,80306T10,FYR,SAPPHIRE INDUSTRIALS CORP,FYR,,A,A,R,52937,2,6770.0,,,,67.0,677.0,,,,,,,9.36,-0.004255,100000.0,1.0,9.4,936000.0,FYR,,,,,,1,,,,,,,,,,,,,,,,,,,,,,,,1.0,,,,,,,,,,,3.0,,6.0,10.0,,,4.0,3.0,1.0,,2.0,10,10.0,10,10
2008-06-25,92546,,11,2,6770.0,80306T10,FYR,SAPPHIRE INDUSTRIALS CORP,FYR,,A,A,R,52937,2,6770.0,,,,67.0,677.0,,,,,,,9.4,0.004274,100000.0,1.0,9.4,940000.0,FYR,,,,,,1,,,,,,,,,,,,,,,,,,,,,,,,1.0,,,,,,,,,,,3.0,,6.0,10.0,,,4.0,3.0,1.0,,2.0,10,10.0,10,10
2008-06-26,92546,,11,2,6770.0,80306T10,FYR,SAPPHIRE INDUSTRIALS CORP,FYR,,A,A,R,52937,2,6770.0,,,,67.0,677.0,,,,,,,9.35,-0.005319,100000.0,1.0,9.4,935000.0,FYR,,,,,,1,,,,,,,,,,,,,,,,,,,,,,,,1.0,,,,,,,,,,,3.0,,6.0,10.0,,,4.0,3.0,1.0,,2.0,10,10.0,10,10
2008-06-27,92546,,11,2,6770.0,80306T10,FYR,SAPPHIRE INDUSTRIALS CORP,FYR,,A,A,R,52937,2,6770.0,,,,67.0,677.0,,,,,,,9.35,0.0,100000.0,1.0,9.32,935000.0,FYR,,,,,,1,,,,,,,,,,,,,,,,,,,,,,,,1.0,,,,,,,,,,,3.0,,6.0,10.0,,,4.0,3.0,1.0,,2.0,10,10.0,10,10
2008-06-30,92546,,11,2,6770.0,80306T10,FYR,SAPPHIRE INDUSTRIALS CORP,FYR,,A,A,R,52937,2,6770.0,,,,67.0,677.0,,,,,,,9.35,0.0,100000.0,1.0,9.35,935000.0,FYR,,,,,,1,,,,,,,,,,,,,,,,,,,,,,,,1.0,,,,,,,,,,,3.0,,6.0,10.0,,,4.0,3.0,1.0,,2.0,10,10.0,10,10
2008-07-01,92546,,11,2,6770.0,80306T10,FYR,SAPPHIRE INDUSTRIALS CORP,FYR,,A,A,R,52937,2,6770.0,,,,67.0,677.0,,,,,,,9.37,0.002139,100000.0,1.0,9.35,937000.0,FYR,7.0,,,,,1,10.0,1.0,,,,,,,,,,,,,,,,,,,,,,1.0,,,,,,,,,,10.0,3.0,10.0,2.0,10.0,,,1.0,1.0,1.0,,2.0,10,10.0,10,10
2008-07-02,92546,,11,2,6770.0,80306T10,FYR,SAPPHIRE INDUSTRIALS CORP,FYR,,A,A,R,52937,2,6770.0,,,,67.0,677.0,,,,,,,-9.4,0.003202,100000.0,1.0,,-940000.0,FYR,7.0,,,,,1,10.0,1.0,,,,,,,,,,,,,,,,,,,,,,1.0,,,,,,,,,,10.0,3.0,10.0,2.0,10.0,,,1.0,1.0,1.0,,2.0,10,10.0,10,10
2008-07-03,92546,,11,2,6770.0,80306T10,FYR,SAPPHIRE INDUSTRIALS CORP,FYR,,A,A,R,52937,2,6770.0,,,,67.0,677.0,,,,,,,9.37,-0.003191,100000.0,1.0,9.37,937000.0,FYR,7.0,,,,,1,10.0,1.0,,,,,,,,,,,,,,,,,,,,,,1.0,,,,,,,,,,10.0,3.0,10.0,2.0,10.0,,,1.0,1.0,1.0,,2.0,10,10.0,10,10
2008-07-07,92546,,11,2,6770.0,80306T10,FYR,SAPPHIRE INDUSTRIALS CORP,FYR,,A,A,R,52937,2,6770.0,,,,67.0,677.0,,,,,,,-9.345,-0.002668,100000.0,1.0,,-934500.0,FYR,7.0,,,,,1,10.0,1.0,,,,,,,,,,,,,,,,,,,,,,1.0,,,,,,,,,,10.0,3.0,10.0,2.0,10.0,,,1.0,1.0,1.0,,2.0,10,10.0,10,10
2008-07-08,92546,,11,2,6770.0,80306T10,FYR,SAPPHIRE INDUSTRIALS CORP,FYR,,A,A,R,52937,2,6770.0,,,,67.0,677.0,,,,,,,9.43,0.009096,100000.0,1.0,9.37,943000.0,FYR,7.0,,,,,1,10.0,1.0,,,,,,,,,,,,,,,,,,,,,,1.0,,,,,,,,,,10.0,3.0,10.0,2.0,10.0,,,1.0,1.0,1.0,,2.0,10,10.0,10,10
2008-07-09,92546,,11,2,6770.0,80306T10,FYR,SAPPHIRE INDUSTRIALS CORP,FYR,,A,A,R,52937,2,6770.0,,,,67.0,677.0,,,,,,,9.4,-0.003181,100000.0,1.0,9.37,940000.0,FYR,7.0,,,,,1,10.0,1.0,,,,,,,,,,,,,,,,,,,,,,1.0,,,,,,,,,,10.0,3.0,10.0,2.0,10.0,,,1.0,1.0,1.0,,2.0,10,10.0,10,10
2008-07-10,92546,,11,2,6770.0,80306T10,FYR,SAPPHIRE INDUSTRIALS CORP,FYR,,A,A,R,52937,2,6770.0,,,,67.0,677.0,,,,,,,9.41,0.001064,100000.0,1.0,9.4,941000.0,FYR,7.0,,,,,1,10.0,1.0,,,,,,,,,,,,,,,,,,,,,,1.0,,,,,,,,,,10.0,3.0,10.0,2.0,10.0,,,1.0,1.0,1.0,,2.0,10,10.0,10,10
2008-07-11,92546,,11,2,6770.0,80306T10,FYR,SAPPHIRE INDUSTRIALS CORP,FYR,,A,A,R,52937,2,6770.0,,,,67.0,677.0,,,,,,,9.4,-0.001063,100000.0,1.0,9.4,940000.0,FYR,7.0,,,,,1,10.0,1.0,,,,,,,,,,,,,,,,,,,,,,1.0,,,,,,,,,,10.0,3.0,10.0,2.0,10.0,,,1.0,1.0,1.0,,2.0,10,10.0,10,10
2008-07-14,92546,,11,2,6770.0,80306T10,FYR,SAPPHIRE INDUSTRIALS CORP,FYR,,A,A,R,52937,2,6770.0,,,,67.0,677.0,,,,,,,9.42,0.002128,100000.0,1.0,9.4,942000.0,FYR,7.0,,,,,1,10.0,1.0,,,,,,,,,,,,,,,,,,,,,,1.0,,,,,,,,,,10.0,3.0,10.0,2.0,10.0,,,1.0,1.0,1.0,,2.0,10,10.0,10,10
2008-07-15,92546,,11,2,6770.0,80306T10,FYR,SAPPHIRE INDUSTRIALS CORP,FYR,,A,A,R,52937,2,6770.0,,,,67.0,677.0,,,,,,,-9.39,-0.003185,100000.0,1.0,,-939000.0,FYR,7.0,,,,,1,10.0,1.0,,,,,,,,,,,,,,,,,,,,,,1.0,,,,,,,,,,10.0,3.0,10.0,2.0,10.0,,,1.0,1.0,1.0,,2.0,10,10.0,10,10
2008-07-16,92546,,11,2,6770.0,80306T10,FYR,SAPPHIRE INDUSTRIALS CORP,FYR,,A,A,R,52937,2,6770.0,,,,67.0,677.0,,,,,,,9.4,0.001065,100000.0,1.0,9.35,940000.0,FYR,7.0,,,,,1,10.0,1.0,,,,,,,,,,,,,,,,,,,,,,1.0,,,,,,,,,,10.0,3.0,10.0,2.0,10.0,,,1.0,1.0,1.0,,2.0,10,10.0,10,10
2008-07-17,92546,,11,2,6770.0,80306T10,FYR,SAPPHIRE INDUSTRIALS CORP,FYR,,A,A,R,52937,2,6770.0,,,,67.0,677.0,,,,,,,-9.4,0.0,100000.0,1.0,,-940000.0,FYR,7.0,,,,,1,10.0,1.0,,,,,,,,,,,,,,,,,,,,,,1.0,,,,,,,,,,10.0,3.0,10.0,2.0,10.0,,,1.0,1.0,1.0,,2.0,10,10.0,10,10
2008-07-18,92546,,11,2,6770.0,80306T10,FYR,SAPPHIRE INDUSTRIALS CORP,FYR,,A,A,R,52937,2,6770.0,,,,67.0,677.0,,,,,,,-9.4,0.0,100000.0,1.0,,-940000.0,FYR,7.0,,,,,1,10.0,1.0,,,,,,,,,,,,,,,,,,,,,,1.0,,,,,,,,,,10.0,3.0,10.0,2.0,10.0,,,1.0,1.0,1.0,,2.0,10,10.0,10,10
2008-07-21,92546,,11,2,6770.0,80306T10,FYR,SAPPHIRE INDUSTRIALS CORP,FYR,,A,A,R,52937,2,6770.0,,,,67.0,677.0,,,,,,,9.41,0.001064,100000.0,1.0,9.4199,941000.0,FYR,7.0,,,,,1,10.0,1.0,,,,,,,,,,,,,,,,,,,,,,1.0,,,,,,,,,,10.0,3.0,10.0,2.0,10.0,,,1.0,1.0,1.0,,2.0,10,10.0,10,10
2008-07-22,92546,,11,2,6770.0,80306T10,FYR,SAPPHIRE INDUSTRIALS CORP,FYR,,A,A,R,52937,2,6770.0,,,,67.0,677.0,,,,,,,9.4,-0.001063,100000.0,1.0,9.4,940000.0,FYR,7.0,,,,,1,10.0,1.0,,,,,,,,,,,,,,,,,,,,,,1.0,,,,,,,,,,10.0,3.0,10.0,2.0,10.0,,,1.0,1.0,1.0,,2.0,10,10.0,10,10
2008-07-23,92546,,11,2,6770.0,80306T10,FYR,SAPPHIRE INDUSTRIALS CORP,FYR,,A,A,R,52937,2,6770.0,,,,67.0,677.0,,,,,,,9.35,-0.005319,100000.0,1.0,9.4,935000.0,FYR,7.0,,,,,1,10.0,1.0,,,,,,,,,,,,,,,,,,,,,,1.0,,,,,,,,,,10.0,3.0,10.0,2.0,10.0,,,1.0,1.0,1.0,,2.0,10,10.0,10,10
2008-07-24,92546,,11,2,6770.0,80306T10,FYR,SAPPHIRE INDUSTRIALS CORP,FYR,,A,A,R,52937,2,6770.0,,,,67.0,677.0,,,,,,,9.33,-0.002139,100000.0,1.0,9.33,933000.0,FYR,7.0,,,,,1,10.0,1.0,,,,,,,,,,,,,,,,,,,,,,1.0,,,,,,,,,,10.0,3.0,10.0,2.0,10.0,,,1.0,1.0,1.0,,2.0,10,10.0,10,10
2008-07-25,92546,,11,2,6770.0,80306T10,FYR,SAPPHIRE INDUSTRIALS CORP,FYR,,A,A,R,52937,2,6770.0,,,,67.0,677.0,,,,,,,-9.375,0.004823,100000.0,1.0,,-937500.0,FYR,7.0,,,,,1,10.0,1.0,,,,,,,,,,,,,,,,,,,,,,1.0,,,,,,,,,,10.0,3.0,10.0,2.0,10.0,,,1.0,1.0,1.0,,2.0,10,10.0,10,10
2008-07-28,92546,,11,2,6770.0,80306T10,FYR,SAPPHIRE INDUSTRIALS CORP,FYR,,A,A,R,52937,2,6770.0,,,,67.0,677.0,,,,,,,9.4,0.002667,100000.0,1.0,9.39,940000.0,FYR,7.0,,,,,1,10.0,1.0,,,,,,,,,,,,,,,,,,,,,,1.0,,,,,,,,,,10.0,3.0,10.0,2.0,10.0,,,1.0,1.0,1.0,,2.0,10,10.0,10,10
2008-07-29,92546,,11,2,6770.0,80306T10,FYR,SAPPHIRE INDUSTRIALS CORP,FYR,,A,A,R,52937,2,6770.0,,,,67.0,677.0,,,,,,,9.3521,-0.005096,100000.0,1.0,9.36,935210.0,FYR,7.0,,,,,1,10.0,1.0,,,,,,,,,,,,,,,,,,,,,,1.0,,,,,,,,,,10.0,3.0,10.0,2.0,10.0,,,1.0,1.0,1.0,,2.0,10,10.0,10,10
2008-07-30,92546,,11,2,6770.0,80306T10,FYR,SAPPHIRE INDUSTRIALS CORP,FYR,,A,A,R,52937,2,6770.0,,,,67.0,677.0,,,,,,,-9.39,0.004053,100000.0,1.0,,-939000.0,FYR,7.0,,,,,1,10.0,1.0,,,,,,,,,,,,,,,,,,,,,,1.0,,,,,,,,,,10.0,3.0,10.0,2.0,10.0,,,1.0,1.0,1.0,,2.0,10,10.0,10,10
2008-07-31,92546,,11,2,6770.0,80306T10,FYR,SAPPHIRE INDUSTRIALS CORP,FYR,,A,A,R,52937,2,6770.0,,,,67.0,677.0,,,,,,,9.35,-0.00426,100000.0,1.0,9.35,935000.0,FYR,7.0,,,,,1,10.0,1.0,,,,,,,,,,,,,,,,,,,,,,1.0,,,,,,,,,,10.0,3.0,10.0,2.0,10.0,,,1.0,1.0,1.0,,2.0,10,10.0,10,10
2008-08-01,92546,,11,2,6770.0,80306T10,FYR,SAPPHIRE INDUSTRIALS CORP,FYR,,A,A,R,52937,2,6770.0,,,,67.0,677.0,,,,,,,-9.37,0.002139,100000.0,1.0,,-937000.0,FYR,7.0,,,,,1,10.0,1.0,,,,,,,,,,,,,,,,,,,,,8.0,2.0,,,,,,,,,,10.0,3.0,10.0,6.0,10.0,,,7.0,7.0,4.0,,2.0,10,10.0,10,10
2008-08-04,92546,,11,2,6770.0,80306T10,FYR,SAPPHIRE INDUSTRIALS CORP,FYR,,A,A,R,52937,2,6770.0,,,,67.0,677.0,,,,,,,9.38,0.001067,100000.0,1.0,9.38,938000.0,FYR,7.0,,,,,1,10.0,1.0,,,,,,,,,,,,,,,,,,,,,8.0,2.0,,,,,,,,,,10.0,3.0,10.0,6.0,10.0,,,7.0,7.0,4.0,,2.0,10,10.0,10,10
2008-08-05,92546,,11,2,6770.0,80306T10,FYR,SAPPHIRE INDUSTRIALS CORP,FYR,,A,A,R,52937,2,6770.0,,,,67.0,677.0,,,,,,,9.4,0.002132,100000.0,1.0,9.4,940000.0,FYR,7.0,,,,,1,10.0,1.0,,,,,,,,,,,,,,,,,,,,,8.0,2.0,,,,,,,,,,10.0,3.0,10.0,6.0,10.0,,,7.0,7.0,4.0,,2.0,10,10.0,10,10
2008-08-06,92546,,11,2,6770.0,80306T10,FYR,SAPPHIRE INDUSTRIALS CORP,FYR,,A,A,R,52937,2,6770.0,,,,67.0,677.0,,,,,,,9.4,0.0,100000.0,1.0,9.4,940000.0,FYR,7.0,,,,,1,10.0,1.0,,,,,,,,,,,,,,,,,,,,,8.0,2.0,,,,,,,,,,10.0,3.0,10.0,6.0,10.0,,,7.0,7.0,4.0,,2.0,10,10.0,10,10
2008-08-07,92546,,11,2,6770.0,80306T10,FYR,SAPPHIRE INDUSTRIALS CORP,FYR,,A,A,R,52937,2,6770.0,,,,67.0,677.0,,,,,,,9.49,0.009574,100000.0,1.0,9.41,949000.0,FYR,7.0,,,,,1,10.0,1.0,,,,,,,,,,,,,,,,,,,,,8.0,2.0,,,,,,,,,,10.0,3.0,10.0,6.0,10.0,,,7.0,7.0,4.0,,2.0,10,10.0,10,10
2008-08-08,92546,,11,2,6770.0,80306T10,FYR,SAPPHIRE INDUSTRIALS CORP,FYR,,A,A,R,52937,2,6770.0,,,,67.0,677.0,,,,,,,-9.46,-0.003161,100000.0,1.0,,-946000.0,FYR,7.0,,,,,1,10.0,1.0,,,,,,,,,,,,,,,,,,,,,8.0,2.0,,,,,,,,,,10.0,3.0,10.0,6.0,10.0,,,7.0,7.0,4.0,,2.0,10,10.0,10,10
2008-08-11,92546,,11,2,6770.0,80306T10,FYR,SAPPHIRE INDUSTRIALS CORP,FYR,,A,A,R,52937,2,6770.0,,,,67.0,677.0,,,,,,,9.49,0.003171,100000.0,1.0,9.43,949000.0,FYR,7.0,,,,,1,10.0,1.0,,,,,,,,,,,,,,,,,,,,,8.0,2.0,,,,,,,,,,10.0,3.0,10.0,6.0,10.0,,,7.0,7.0,4.0,,2.0,10,10.0,10,10
2008-08-12,92546,,11,2,6770.0,80306T10,FYR,SAPPHIRE INDUSTRIALS CORP,FYR,,A,A,R,52937,2,6770.0,,,,67.0,677.0,,,,,,,9.49,0.0,100000.0,1.0,9.49,949000.0,FYR,7.0,,,,,1,10.0,1.0,,,,,,,,,,,,,,,,,,,,,8.0,2.0,,,,,,,,,,10.0,3.0,10.0,6.0,10.0,,,7.0,7.0,4.0,,2.0,10,10.0,10,10
2008-08-13,92546,,11,2,6770.0,80306T10,FYR,SAPPHIRE INDUSTRIALS CORP,FYR,,A,A,R,52937,2,6770.0,,,,67.0,677.0,,,,,,,9.48,-0.001054,100000.0,1.0,9.49,948000.0,FYR,7.0,,,,,1,10.0,1.0,,,,,,,,,,,,,,,,,,,,,8.0,2.0,,,,,,,,,,10.0,3.0,10.0,6.0,10.0,,,7.0,7.0,4.0,,2.0,10,10.0,10,10
2008-08-14,92546,,11,2,6770.0,80306T10,FYR,SAPPHIRE INDUSTRIALS CORP,FYR,,A,A,R,52937,2,6770.0,,,,67.0,677.0,,,,,,,9.49,0.001055,100000.0,1.0,9.49,949000.0,FYR,7.0,,,,,1,10.0,1.0,,,,,,,,,,,,,,,,,,,,,8.0,2.0,,,,,,,,,,10.0,3.0,10.0,6.0,10.0,,,7.0,7.0,4.0,,2.0,10,10.0,10,10
2008-08-15,92546,,11,2,6770.0,80306T10,FYR,SAPPHIRE INDUSTRIALS CORP,FYR,,A,A,R,52937,2,6770.0,,,,67.0,677.0,,,,,,,9.49,0.0,100000.0,1.0,9.49,949000.0,FYR,7.0,,,,,1,10.0,1.0,,,,,,,,,,,,,,,,,,,,,8.0,2.0,,,,,,,,,,10.0,3.0,10.0,6.0,10.0,,,7.0,7.0,4.0,,2.0,10,10.0,10,10
2008-08-18,92546,,11,2,6770.0,80306T10,FYR,SAPPHIRE INDUSTRIALS CORP,FYR,,A,A,R,52937,2,6770.0,,,,67.0,677.0,,,,,,,9.49,0.0,100000.0,1.0,9.49,949000.0,FYR,7.0,,,,,1,10.0,1.0,,,,,,,,,,,,,,,,,,,,,8.0,2.0,,,,,,,,,,10.0,3.0,10.0,6.0,10.0,,,7.0,7.0,4.0,,2.0,10,10.0,10,10
2008-08-19,92546,,11,2,6770.0,80306T10,FYR,SAPPHIRE INDUSTRIALS CORP,FYR,,A,A,R,52937,2,6770.0,,,,67.0,677.0,,,,,,,-9.45,-0.004215,100000.0,1.0,,-945000.0,FYR,7.0,,,,,1,10.0,1.0,,,,,,,,,,,,,,,,,,,,,8.0,2.0,,,,,,,,,,10.0,3.0,10.0,6.0,10.0,,,7.0,7.0,4.0,,2.0,10,10.0,10,10
2008-08-20,92546,,11,2,6770.0,80306T10,FYR,SAPPHIRE INDUSTRIALS CORP,FYR,,A,A,R,52937,2,6770.0,,,,67.0,677.0,,,,,,,-9.45,0.0,100000.0,1.0,,-945000.0,FYR,7.0,,,,,1,10.0,1.0,,,,,,,,,,,,,,,,,,,,,8.0,2.0,,,,,,,,,,10.0,3.0,10.0,6.0,10.0,,,7.0,7.0,4.0,,2.0,10,10.0,10,10
2008-08-21,92546,,11,2,6770.0,80306T10,FYR,SAPPHIRE INDUSTRIALS CORP,FYR,,A,A,R,52937,2,6770.0,,,,67.0,677.0,,,,,,,-9.45,0.0,100000.0,1.0,,-945000.0,FYR,7.0,,,,,1,10.0,1.0,,,,,,,,,,,,,,,,,,,,,8.0,2.0,,,,,,,,,,10.0,3.0,10.0,6.0,10.0,,,7.0,7.0,4.0,,2.0,10,10.0,10,10
2008-08-22,92546,,11,2,6770.0,80306T10,FYR,SAPPHIRE INDUSTRIALS CORP,FYR,,A,A,R,52937,2,6770.0,,,,67.0,677.0,,,,,,,-9.455,0.000529,100000.0,1.0,,-945500.0,FYR,7.0,,,,,1,10.0,1.0,,,,,,,,,,,,,,,,,,,,,8.0,2.0,,,,,,,,,,10.0,3.0,10.0,6.0,10.0,,,7.0,7.0,4.0,,2.0,10,10.0,10,10
2008-08-25,92546,,11,2,6770.0,80306T10,FYR,SAPPHIRE INDUSTRIALS CORP,FYR,,A,A,R,52937,2,6770.0,,,,67.0,677.0,,,,,,,9.49,0.003702,100000.0,1.0,9.49,949000.0,FYR,7.0,,,,,1,10.0,1.0,,,,,,,,,,,,,,,,,,,,,8.0,2.0,,,,,,,,,,10.0,3.0,10.0,6.0,10.0,,,7.0,7.0,4.0,,2.0,10,10.0,10,10
2008-08-26,92546,,11,2,6770.0,80306T10,FYR,SAPPHIRE INDUSTRIALS CORP,FYR,,A,A,R,52937,2,6770.0,,,,67.0,677.0,,,,,,,9.49,0.0,100000.0,1.0,9.49,949000.0,FYR,7.0,,,,,1,10.0,1.0,,,,,,,,,,,,,,,,,,,,,8.0,2.0,,,,,,,,,,10.0,3.0,10.0,6.0,10.0,,,7.0,7.0,4.0,,2.0,10,10.0,10,10
2008-08-27,92546,,11,2,6770.0,80306T10,FYR,SAPPHIRE INDUSTRIALS CORP,FYR,,A,A,R,52937,2,6770.0,,,,67.0,677.0,,,,,,,9.49,0.0,100000.0,1.0,9.49,949000.0,FYR,7.0,,,,,1,10.0,1.0,,,,,,,,,,,,,,,,,,,,,8.0,2.0,,,,,,,,,,10.0,3.0,10.0,6.0,10.0,,,7.0,7.0,4.0,,2.0,10,10.0,10,10
2008-08-28,92546,,11,2,6770.0,80306T10,FYR,SAPPHIRE INDUSTRIALS CORP,FYR,,A,A,R,52937,2,6770.0,,,,67.0,677.0,,,,,,,9.4899,-1.1e-05,100000.0,1.0,9.49,948990.0,FYR,7.0,,,,,1,10.0,1.0,,,,,,,,,,,,,,,,,,,,,8.0,2.0,,,,,,,,,,10.0,3.0,10.0,6.0,10.0,,,7.0,7.0,4.0,,2.0,10,10.0,10,10
2008-08-29,92546,,11,2,6770.0,80306T10,FYR,SAPPHIRE INDUSTRIALS CORP,FYR,,A,A,R,52937,2,6770.0,,,,67.0,677.0,,,,,,,9.49,1.1e-05,100000.0,1.0,9.49,949000.0,FYR,7.0,,,,,1,10.0,1.0,,,,,,,,,,,,,,,,,,,,,8.0,2.0,,,,,,,,,,10.0,3.0,10.0,6.0,10.0,,,7.0,7.0,4.0,,2.0,10,10.0,10,10
2008-09-02,92546,,11,2,6770.0,80306T10,FYR,SAPPHIRE INDUSTRIALS CORP,FYR,,A,A,R,52937,2,6770.0,,,,67.0,677.0,,,,,,,9.5,0.001054,100000.0,1.0,9.48,950000.0,FYR,7.0,,,,,1,10.0,1.0,,,,,,,,,,,,,,,,,,,,,7.0,2.0,,,,,,,,,,3.0,3.0,4.0,6.0,10.0,,,5.0,5.0,2.0,,2.0,10,10.0,10,10
2008-09-03,92546,,11,2,6770.0,80306T10,FYR,SAPPHIRE INDUSTRIALS CORP,FYR,,A,A,R,52937,2,6770.0,,,,67.0,677.0,,,,,,,-9.48,-0.002105,100000.0,1.0,,-948000.0,FYR,7.0,,,,,1,10.0,1.0,,,,,,,,,,,,,,,,,,,,,7.0,2.0,,,,,,,,,,3.0,3.0,4.0,6.0,10.0,,,5.0,5.0,2.0,,2.0,10,10.0,10,10
2008-09-04,92546,,11,2,6770.0,80306T10,FYR,SAPPHIRE INDUSTRIALS CORP,FYR,,A,A,R,52937,2,6770.0,,,,67.0,677.0,,,,,,,9.5,0.00211,100000.0,1.0,9.5,950000.0,FYR,7.0,,,,,1,10.0,1.0,,,,,,,,,,,,,,,,,,,,,7.0,2.0,,,,,,,,,,3.0,3.0,4.0,6.0,10.0,,,5.0,5.0,2.0,,2.0,10,10.0,10,10
2008-09-05,92546,,11,2,6770.0,80306T10,FYR,SAPPHIRE INDUSTRIALS CORP,FYR,,A,A,R,52937,2,6770.0,,,,67.0,677.0,,,,,,,-9.46,-0.004211,100000.0,1.0,,-946000.0,FYR,7.0,,,,,1,10.0,1.0,,,,,,,,,,,,,,,,,,,,,7.0,2.0,,,,,,,,,,3.0,3.0,4.0,6.0,10.0,,,5.0,5.0,2.0,,2.0,10,10.0,10,10
2008-09-08,92546,,11,2,6770.0,80306T10,FYR,SAPPHIRE INDUSTRIALS CORP,FYR,,A,A,R,52937,2,6770.0,,,,67.0,677.0,,,,,,,9.5,0.004228,100000.0,1.0,9.42,950000.0,FYR,7.0,,,,,1,10.0,1.0,,,,,,,,,,,,,,,,,,,,,7.0,2.0,,,,,,,,,,3.0,3.0,4.0,6.0,10.0,,,5.0,5.0,2.0,,2.0,10,10.0,10,10
2008-09-09,92546,,11,2,6770.0,80306T10,FYR,SAPPHIRE INDUSTRIALS CORP,FYR,,A,A,R,52937,2,6770.0,,,,67.0,677.0,,,,,,,-9.455,-0.004737,100000.0,1.0,,-945500.0,FYR,7.0,,,,,1,10.0,1.0,,,,,,,,,,,,,,,,,,,,,7.0,2.0,,,,,,,,,,3.0,3.0,4.0,6.0,10.0,,,5.0,5.0,2.0,,2.0,10,10.0,10,10
2008-09-10,92546,,11,2,6770.0,80306T10,FYR,SAPPHIRE INDUSTRIALS CORP,FYR,,A,A,R,52937,2,6770.0,,,,67.0,677.0,,,,,,,9.48,0.002644,100000.0,1.0,9.48,948000.0,FYR,7.0,,,,,1,10.0,1.0,,,,,,,,,,,,,,,,,,,,,7.0,2.0,,,,,,,,,,3.0,3.0,4.0,6.0,10.0,,,5.0,5.0,2.0,,2.0,10,10.0,10,10
2008-09-11,92546,,11,2,6770.0,80306T10,FYR,SAPPHIRE INDUSTRIALS CORP,FYR,,A,A,R,52937,2,6770.0,,,,67.0,677.0,,,,,,,9.45,-0.003165,100000.0,1.0,9.5,945000.0,FYR,7.0,,,,,1,10.0,1.0,,,,,,,,,,,,,,,,,,,,,7.0,2.0,,,,,,,,,,3.0,3.0,4.0,6.0,10.0,,,5.0,5.0,2.0,,2.0,10,10.0,10,10
2008-09-12,92546,,11,2,6770.0,80306T10,FYR,SAPPHIRE INDUSTRIALS CORP,FYR,,A,A,R,52937,2,6770.0,,,,67.0,677.0,,,,,,,9.43,-0.002116,100000.0,1.0,9.45,943000.0,FYR,7.0,,,,,1,10.0,1.0,,,,,,,,,,,,,,,,,,,,,7.0,2.0,,,,,,,,,,3.0,3.0,4.0,6.0,10.0,,,5.0,5.0,2.0,,2.0,10,10.0,10,10
2008-09-15,92546,,11,2,6770.0,80306T10,FYR,SAPPHIRE INDUSTRIALS CORP,FYR,,A,A,R,52937,2,6770.0,,,,67.0,677.0,,,,,,,9.46,0.003181,100000.0,1.0,9.35,946000.0,FYR,7.0,,,,,1,10.0,1.0,,,,,,,,,,,,,,,,,,,,,7.0,2.0,,,,,,,,,,3.0,3.0,4.0,6.0,10.0,,,5.0,5.0,2.0,,2.0,10,10.0,10,10
2008-09-16,92546,,11,2,6770.0,80306T10,FYR,SAPPHIRE INDUSTRIALS CORP,FYR,,A,A,R,52937,2,6770.0,,,,67.0,677.0,,,,,,,9.29,-0.01797,100000.0,1.0,9.41,929000.0,FYR,7.0,,,,,1,10.0,1.0,,,,,,,,,,,,,,,,,,,,,7.0,2.0,,,,,,,,,,3.0,3.0,4.0,6.0,10.0,,,5.0,5.0,2.0,,2.0,10,10.0,10,10
2008-09-17,92546,,11,2,6770.0,80306T10,FYR,SAPPHIRE INDUSTRIALS CORP,FYR,,A,A,R,52937,2,6770.0,,,,67.0,677.0,,,,,,,9.3,0.001076,100000.0,1.0,9.28,930000.0,FYR,7.0,,,,,1,10.0,1.0,,,,,,,,,,,,,,,,,,,,,7.0,2.0,,,,,,,,,,3.0,3.0,4.0,6.0,10.0,,,5.0,5.0,2.0,,2.0,10,10.0,10,10
2008-09-18,92546,,11,2,6770.0,80306T10,FYR,SAPPHIRE INDUSTRIALS CORP,FYR,,A,A,R,52937,2,6770.0,,,,67.0,677.0,,,,,,,9.29,-0.001075,100000.0,1.0,9.29,929000.0,FYR,7.0,,,,,1,10.0,1.0,,,,,,,,,,,,,,,,,,,,,7.0,2.0,,,,,,,,,,3.0,3.0,4.0,6.0,10.0,,,5.0,5.0,2.0,,2.0,10,10.0,10,10
2008-09-19,92546,,11,2,6770.0,80306T10,FYR,SAPPHIRE INDUSTRIALS CORP,FYR,,A,A,R,52937,2,6770.0,,,,67.0,677.0,,,,,,,9.35,0.006459,100000.0,1.0,9.35,935000.0,FYR,7.0,,,,,1,10.0,1.0,,,,,,,,,,,,,,,,,,,,,7.0,2.0,,,,,,,,,,3.0,3.0,4.0,6.0,10.0,,,5.0,5.0,2.0,,2.0,10,10.0,10,10
2008-09-22,92546,,11,2,6770.0,80306T10,FYR,SAPPHIRE INDUSTRIALS CORP,FYR,,A,A,R,52937,2,6770.0,,,,67.0,677.0,,,,,,,9.21,-0.014973,100000.0,1.0,9.21,921000.0,FYR,7.0,,,,,1,10.0,1.0,,,,,,,,,,,,,,,,,,,,,7.0,2.0,,,,,,,,,,3.0,3.0,4.0,6.0,10.0,,,5.0,5.0,2.0,,2.0,10,10.0,10,10
2008-09-23,92546,,11,2,6770.0,80306T10,FYR,SAPPHIRE INDUSTRIALS CORP,FYR,,A,A,R,52937,2,6770.0,,,,67.0,677.0,,,,,,,9.21,0.0,100000.0,1.0,9.21,921000.0,FYR,7.0,,,,,1,10.0,1.0,,,,,,,,,,,,,,,,,,,,,7.0,2.0,,,,,,,,,,3.0,3.0,4.0,6.0,10.0,,,5.0,5.0,2.0,,2.0,10,10.0,10,10
2008-09-24,92546,,11,2,6770.0,80306T10,FYR,SAPPHIRE INDUSTRIALS CORP,FYR,,A,A,R,52937,2,6770.0,,,,67.0,677.0,,,,,,,9.12,-0.009772,100000.0,1.0,9.12,912000.0,FYR,7.0,,,,,1,10.0,1.0,,,,,,,,,,,,,,,,,,,,,7.0,2.0,,,,,,,,,,3.0,3.0,4.0,6.0,10.0,,,5.0,5.0,2.0,,2.0,10,10.0,10,10
2008-09-25,92546,,11,2,6770.0,80306T10,FYR,SAPPHIRE INDUSTRIALS CORP,FYR,,A,A,R,52937,2,6770.0,,,,67.0,677.0,,,,,,,-9.045,-0.008224,100000.0,1.0,,-904500.0,FYR,7.0,,,,,1,10.0,1.0,,,,,,,,,,,,,,,,,,,,,7.0,2.0,,,,,,,,,,3.0,3.0,4.0,6.0,10.0,,,5.0,5.0,2.0,,2.0,10,10.0,10,10
2008-09-26,92546,,11,2,6770.0,80306T10,FYR,SAPPHIRE INDUSTRIALS CORP,FYR,,A,A,R,52937,2,6770.0,,,,67.0,677.0,,,,,,,9.0,-0.004975,100000.0,1.0,9.05,900000.0,FYR,7.0,,,,,1,10.0,1.0,,,,,,,,,,,,,,,,,,,,,7.0,2.0,,,,,,,,,,3.0,3.0,4.0,6.0,10.0,,,5.0,5.0,2.0,,2.0,10,10.0,10,10
2008-09-29,92546,,11,2,6770.0,80306T10,FYR,SAPPHIRE INDUSTRIALS CORP,FYR,,A,A,R,52937,2,6770.0,,,,67.0,677.0,,,,,,,8.99,-0.001111,100000.0,1.0,9.09,899000.0,FYR,7.0,,,,,1,10.0,1.0,,,,,,,,,,,,,,,,,,,,,7.0,2.0,,,,,,,,,,3.0,3.0,4.0,6.0,10.0,,,5.0,5.0,2.0,,2.0,10,10.0,10,10
2008-09-30,92546,,11,2,6770.0,80306T10,FYR,SAPPHIRE INDUSTRIALS CORP,FYR,,A,A,R,52937,2,6770.0,,,,67.0,677.0,,,,,,,8.99,0.0,100000.0,1.0,9.05,899000.0,FYR,7.0,,,,,1,10.0,1.0,,,,,,,,,,,,,,,,,,,,,7.0,2.0,,,,,,,,,,3.0,3.0,4.0,6.0,10.0,,,5.0,5.0,2.0,,2.0,10,10.0,10,10
2008-10-01,92546,,11,2,6770.0,80306T10,FYR,SAPPHIRE INDUSTRIALS CORP,FYR,,A,A,R,52937,2,6770.0,,,,67.0,677.0,,,,,,,8.85,-0.015573,100000.0,1.0,8.86,885000.0,FYR,7.0,,,,,1,10.0,1.0,,,,,,,,,,,,,,,,,,,,,6.0,2.0,,,,,,,,,,3.0,3.0,4.0,4.0,10.0,,,3.0,2.0,1.0,,2.0,10,10.0,10,10
2008-10-02,92546,,11,2,6770.0,80306T10,FYR,SAPPHIRE INDUSTRIALS CORP,FYR,,A,A,R,52937,2,6770.0,,,,67.0,677.0,,,,,,,8.87,0.00226,100000.0,1.0,8.85,887000.0,FYR,7.0,,,,,1,10.0,1.0,,,,,,,,,,,,,,,,,,,,,6.0,2.0,,,,,,,,,,3.0,3.0,4.0,4.0,10.0,,,3.0,2.0,1.0,,2.0,10,10.0,10,10
2008-10-03,92546,,11,2,6770.0,80306T10,FYR,SAPPHIRE INDUSTRIALS CORP,FYR,,A,A,R,52937,2,6770.0,,,,67.0,677.0,,,,,,,8.9,0.003382,100000.0,1.0,8.9,890000.0,FYR,7.0,,,,,1,10.0,1.0,,,,,,,,,,,,,,,,,,,,,6.0,2.0,,,,,,,,,,3.0,3.0,4.0,4.0,10.0,,,3.0,2.0,1.0,,2.0,10,10.0,10,10
2008-10-06,92546,,11,2,6770.0,80306T10,FYR,SAPPHIRE INDUSTRIALS CORP,FYR,,A,A,R,52937,2,6770.0,,,,67.0,677.0,,,,,,,8.67,-0.025843,100000.0,1.0,8.76,867000.0,FYR,7.0,,,,,1,10.0,1.0,,,,,,,,,,,,,,,,,,,,,6.0,2.0,,,,,,,,,,3.0,3.0,4.0,4.0,10.0,,,3.0,2.0,1.0,,2.0,10,10.0,10,10
2008-10-07,92546,,11,2,6770.0,80306T10,FYR,SAPPHIRE INDUSTRIALS CORP,FYR,,A,A,R,52937,2,6770.0,,,,67.0,677.0,,,,,,,8.59,-0.009227,100000.0,1.0,8.55,859000.0,FYR,7.0,,,,,1,10.0,1.0,,,,,,,,,,,,,,,,,,,,,6.0,2.0,,,,,,,,,,3.0,3.0,4.0,4.0,10.0,,,3.0,2.0,1.0,,2.0,10,10.0,10,10
2008-10-08,92546,,11,2,6770.0,80306T10,FYR,SAPPHIRE INDUSTRIALS CORP,FYR,,A,A,R,52937,2,6770.0,,,,67.0,677.0,,,,,,,8.63,0.004657,100000.0,1.0,8.54,863000.0,FYR,7.0,,,,,1,10.0,1.0,,,,,,,,,,,,,,,,,,,,,6.0,2.0,,,,,,,,,,3.0,3.0,4.0,4.0,10.0,,,3.0,2.0,1.0,,2.0,10,10.0,10,10
2008-10-09,92546,,11,2,6770.0,80306T10,FYR,SAPPHIRE INDUSTRIALS CORP,FYR,,A,A,R,52937,2,6770.0,,,,67.0,677.0,,,,,,,8.59,-0.004635,100000.0,1.0,8.5,859000.0,FYR,7.0,,,,,1,10.0,1.0,,,,,,,,,,,,,,,,,,,,,6.0,2.0,,,,,,,,,,3.0,3.0,4.0,4.0,10.0,,,3.0,2.0,1.0,,2.0,10,10.0,10,10
2008-10-10,92546,,11,2,6770.0,80306T10,FYR,SAPPHIRE INDUSTRIALS CORP,FYR,,A,A,R,52937,2,6770.0,,,,67.0,677.0,,,,,,,8.7,0.012806,100000.0,1.0,8.52,870000.0,FYR,7.0,,,,,1,10.0,1.0,,,,,,,,,,,,,,,,,,,,,6.0,2.0,,,,,,,,,,3.0,3.0,4.0,4.0,10.0,,,3.0,2.0,1.0,,2.0,10,10.0,10,10
2008-10-13,92546,,11,2,6770.0,80306T10,FYR,SAPPHIRE INDUSTRIALS CORP,FYR,,A,A,R,52937,2,6770.0,,,,67.0,677.0,,,,,,,8.58,-0.013793,100000.0,1.0,8.7,858000.0,FYR,7.0,,,,,1,10.0,1.0,,,,,,,,,,,,,,,,,,,,,6.0,2.0,,,,,,,,,,3.0,3.0,4.0,4.0,10.0,,,3.0,2.0,1.0,,2.0,10,10.0,10,10
2008-10-14,92546,,11,2,6770.0,80306T10,FYR,SAPPHIRE INDUSTRIALS CORP,FYR,,A,A,R,52937,2,6770.0,,,,67.0,677.0,,,,,,,8.58,0.0,100000.0,1.0,8.55,858000.0,FYR,7.0,,,,,1,10.0,1.0,,,,,,,,,,,,,,,,,,,,,6.0,2.0,,,,,,,,,,3.0,3.0,4.0,4.0,10.0,,,3.0,2.0,1.0,,2.0,10,10.0,10,10
2008-10-15,92546,,11,2,6770.0,80306T10,FYR,SAPPHIRE INDUSTRIALS CORP,FYR,,A,A,R,52937,2,6770.0,,,,67.0,677.0,,,,,,,8.58,0.0,100000.0,1.0,8.6,858000.0,FYR,7.0,,,,,1,10.0,1.0,,,,,,,,,,,,,,,,,,,,,6.0,2.0,,,,,,,,,,3.0,3.0,4.0,4.0,10.0,,,3.0,2.0,1.0,,2.0,10,10.0,10,10
2008-10-16,92546,,11,2,6770.0,80306T10,FYR,SAPPHIRE INDUSTRIALS CORP,FYR,,A,A,R,52937,2,6770.0,,,,67.0,677.0,,,,,,,8.6,0.002331,100000.0,1.0,8.59,860000.0,FYR,7.0,,,,,1,10.0,1.0,,,,,,,,,,,,,,,,,,,,,6.0,2.0,,,,,,,,,,3.0,3.0,4.0,4.0,10.0,,,3.0,2.0,1.0,,2.0,10,10.0,10,10
2008-10-17,92546,,11,2,6770.0,80306T10,FYR,SAPPHIRE INDUSTRIALS CORP,FYR,,A,A,R,52937,2,6770.0,,,,67.0,677.0,,,,,,,8.58,-0.002326,100000.0,1.0,8.6,858000.0,FYR,7.0,,,,,1,10.0,1.0,,,,,,,,,,,,,,,,,,,,,6.0,2.0,,,,,,,,,,3.0,3.0,4.0,4.0,10.0,,,3.0,2.0,1.0,,2.0,10,10.0,10,10
2008-10-20,92546,,11,2,6770.0,80306T10,FYR,SAPPHIRE INDUSTRIALS CORP,FYR,,A,A,R,52937,2,6770.0,,,,67.0,677.0,,,,,,,8.75,0.019814,100000.0,1.0,8.58,875000.0,FYR,7.0,,,,,1,10.0,1.0,,,,,,,,,,,,,,,,,,,,,6.0,2.0,,,,,,,,,,3.0,3.0,4.0,4.0,10.0,,,3.0,2.0,1.0,,2.0,10,10.0,10,10
2008-10-21,92546,,11,2,6770.0,80306T10,FYR,SAPPHIRE INDUSTRIALS CORP,FYR,,A,A,R,52937,2,6770.0,,,,67.0,677.0,,,,,,,8.79,0.004571,100000.0,1.0,8.8,879000.0,FYR,7.0,,,,,1,10.0,1.0,,,,,,,,,,,,,,,,,,,,,6.0,2.0,,,,,,,,,,3.0,3.0,4.0,4.0,10.0,,,3.0,2.0,1.0,,2.0,10,10.0,10,10
2008-10-22,92546,,11,2,6770.0,80306T10,FYR,SAPPHIRE INDUSTRIALS CORP,FYR,,A,A,R,52937,2,6770.0,,,,67.0,677.0,,,,,,,8.77,-0.002275,100000.0,1.0,8.68,877000.0,FYR,7.0,,,,,1,10.0,1.0,,,,,,,,,,,,,,,,,,,,,6.0,2.0,,,,,,,,,,3.0,3.0,4.0,4.0,10.0,,,3.0,2.0,1.0,,2.0,10,10.0,10,10
2008-10-23,92546,,11,2,6770.0,80306T10,FYR,SAPPHIRE INDUSTRIALS CORP,FYR,,A,A,R,52937,2,6770.0,,,,67.0,677.0,,,,,,,8.76,-0.00114,100000.0,1.0,8.8,876000.0,FYR,7.0,,,,,1,10.0,1.0,,,,,,,,,,,,,,,,,,,,,6.0,2.0,,,,,,,,,,3.0,3.0,4.0,4.0,10.0,,,3.0,2.0,1.0,,2.0,10,10.0,10,10
2008-10-24,92546,,11,2,6770.0,80306T10,FYR,SAPPHIRE INDUSTRIALS CORP,FYR,,A,A,R,52937,2,6770.0,,,,67.0,677.0,,,,,,,8.85,0.010274,100000.0,1.0,8.85,885000.0,FYR,7.0,,,,,1,10.0,1.0,,,,,,,,,,,,,,,,,,,,,6.0,2.0,,,,,,,,,,3.0,3.0,4.0,4.0,10.0,,,3.0,2.0,1.0,,2.0,10,10.0,10,10
2008-10-27,92546,,11,2,6770.0,80306T10,FYR,SAPPHIRE INDUSTRIALS CORP,FYR,,A,A,R,52937,2,6770.0,,,,67.0,677.0,,,,,,,8.89,0.00452,100000.0,1.0,8.9,889000.0,FYR,7.0,,,,,1,10.0,1.0,,,,,,,,,,,,,,,,,,,,,6.0,2.0,,,,,,,,,,3.0,3.0,4.0,4.0,10.0,,,3.0,2.0,1.0,,2.0,10,10.0,10,10
2008-10-28,92546,,11,2,6770.0,80306T10,FYR,SAPPHIRE INDUSTRIALS CORP,FYR,,A,A,R,52937,2,6770.0,,,,67.0,677.0,,,,,,,8.86,-0.003375,100000.0,1.0,8.85,886000.0,FYR,7.0,,,,,1,10.0,1.0,,,,,,,,,,,,,,,,,,,,,6.0,2.0,,,,,,,,,,3.0,3.0,4.0,4.0,10.0,,,3.0,2.0,1.0,,2.0,10,10.0,10,10
2008-10-29,92546,,11,2,6770.0,80306T10,FYR,SAPPHIRE INDUSTRIALS CORP,FYR,,A,A,R,52937,2,6770.0,,,,67.0,677.0,,,,,,,8.9,0.004515,100000.0,1.0,8.9,890000.0,FYR,7.0,,,,,1,10.0,1.0,,,,,,,,,,,,,,,,,,,,,6.0,2.0,,,,,,,,,,3.0,3.0,4.0,4.0,10.0,,,3.0,2.0,1.0,,2.0,10,10.0,10,10
2008-10-30,92546,,11,2,6770.0,80306T10,FYR,SAPPHIRE INDUSTRIALS CORP,FYR,,A,A,R,52937,2,6770.0,,,,67.0,677.0,,,,,,,8.88,-0.002247,100000.0,1.0,8.9,888000.0,FYR,7.0,,,,,1,10.0,1.0,,,,,,,,,,,,,,,,,,,,,6.0,2.0,,,,,,,,,,3.0,3.0,4.0,4.0,10.0,,,3.0,2.0,1.0,,2.0,10,10.0,10,10
2008-10-31,92546,,11,2,6770.0,80306T10,FYR,SAPPHIRE INDUSTRIALS CORP,FYR,,A,A,R,52937,2,6770.0,,,,67.0,677.0,,,,,,,8.97,0.010135,100000.0,1.0,8.9,897000.0,FYR,7.0,,,,,1,10.0,1.0,,,,,,,,,,,,,,,,,,,,,6.0,2.0,,,,,,,,,,3.0,3.0,4.0,4.0,10.0,,,3.0,2.0,1.0,,2.0,10,10.0,10,10
2008-11-03,92546,,11,2,6770.0,80306T10,FYR,SAPPHIRE INDUSTRIALS CORP,FYR,,A,A,R,52937,2,6770.0,,,,67.0,677.0,,,,,,,-8.98,0.001115,100000.0,1.0,,-898000.0,FYR,7.0,,,,,1,10.0,1.0,,,,,,,,,,,,,,,,,,,,,6.0,2.0,,,,,,,,,,,,,1.0,10.0,,,1.0,1.0,1.0,,3.0,10,10.0,10,10
2008-11-04,92546,,11,2,6770.0,80306T10,FYR,SAPPHIRE INDUSTRIALS CORP,FYR,,A,A,R,52937,2,6770.0,,,,67.0,677.0,,,,,,,8.82,-0.017817,100000.0,1.0,8.97,882000.0,FYR,7.0,,,,,1,10.0,1.0,,,,,,,,,,,,,,,,,,,,,6.0,2.0,,,,,,,,,,,,,1.0,10.0,,,1.0,1.0,1.0,,3.0,10,10.0,10,10
2008-11-05,92546,,11,2,6770.0,80306T10,FYR,SAPPHIRE INDUSTRIALS CORP,FYR,,A,A,R,52937,2,6770.0,,,,67.0,677.0,,,,,,,8.847,0.003061,100000.0,1.0,8.82,884700.0,FYR,7.0,,,,,1,10.0,1.0,,,,,,,,,,,,,,,,,,,,,6.0,2.0,,,,,,,,,,,,,1.0,10.0,,,1.0,1.0,1.0,,3.0,10,10.0,10,10
2008-11-06,92546,,11,2,6770.0,80306T10,FYR,SAPPHIRE INDUSTRIALS CORP,FYR,,A,A,R,52937,2,6770.0,,,,67.0,677.0,,,,,,,8.85,0.000339,100000.0,1.0,8.85,885000.0,FYR,7.0,,,,,1,10.0,1.0,,,,,,,,,,,,,,,,,,,,,6.0,2.0,,,,,,,,,,,,,1.0,10.0,,,1.0,1.0,1.0,,3.0,10,10.0,10,10
2008-11-07,92546,,11,2,6770.0,80306T10,FYR,SAPPHIRE INDUSTRIALS CORP,FYR,,A,A,R,52937,2,6770.0,,,,67.0,677.0,,,,,,,8.84,-0.00113,100000.0,1.0,8.86,884000.0,FYR,7.0,,,,,1,10.0,1.0,,,,,,,,,,,,,,,,,,,,,6.0,2.0,,,,,,,,,,,,,1.0,10.0,,,1.0,1.0,1.0,,3.0,10,10.0,10,10
2008-11-10,92546,,11,2,6770.0,80306T10,FYR,SAPPHIRE INDUSTRIALS CORP,FYR,,A,A,R,52937,2,6770.0,,,,67.0,677.0,,,,,,,8.88,0.004525,100000.0,1.0,8.85,888000.0,FYR,7.0,,,,,1,10.0,1.0,,,,,,,,,,,,,,,,,,,,,6.0,2.0,,,,,,,,,,,,,1.0,10.0,,,1.0,1.0,1.0,,3.0,10,10.0,10,10
2008-11-11,92546,,11,2,6770.0,80306T10,FYR,SAPPHIRE INDUSTRIALS CORP,FYR,,A,A,R,52937,2,6770.0,,,,67.0,677.0,,,,,,,-8.925,0.005068,100000.0,1.0,,-892500.0,FYR,7.0,,,,,1,10.0,1.0,,,,,,,,,,,,,,,,,,,,,6.0,2.0,,,,,,,,,,,,,1.0,10.0,,,1.0,1.0,1.0,,3.0,10,10.0,10,10
2008-11-12,92546,,11,2,6770.0,80306T10,FYR,SAPPHIRE INDUSTRIALS CORP,FYR,,A,A,R,52937,2,6770.0,,,,67.0,677.0,,,,,,,8.91,-0.001681,100000.0,1.0,8.88,891000.0,FYR,7.0,,,,,1,10.0,1.0,,,,,,,,,,,,,,,,,,,,,6.0,2.0,,,,,,,,,,,,,1.0,10.0,,,1.0,1.0,1.0,,3.0,10,10.0,10,10
2008-11-13,92546,,11,2,6770.0,80306T10,FYR,SAPPHIRE INDUSTRIALS CORP,FYR,,A,A,R,52937,2,6770.0,,,,67.0,677.0,,,,,,,8.91,0.0,100000.0,1.0,8.92,891000.0,FYR,7.0,,,,,1,10.0,1.0,,,,,,,,,,,,,,,,,,,,,6.0,2.0,,,,,,,,,,,,,1.0,10.0,,,1.0,1.0,1.0,,3.0,10,10.0,10,10
2008-11-14,92546,,11,2,6770.0,80306T10,FYR,SAPPHIRE INDUSTRIALS CORP,FYR,,A,A,R,52937,2,6770.0,,,,67.0,677.0,,,,,,,8.95,0.004489,100000.0,1.0,8.95,895000.0,FYR,7.0,,,,,1,10.0,1.0,,,,,,,,,,,,,,,,,,,,,6.0,2.0,,,,,,,,,,,,,1.0,10.0,,,1.0,1.0,1.0,,3.0,10,10.0,10,10
2008-11-17,92546,,11,2,6770.0,80306T10,FYR,SAPPHIRE INDUSTRIALS CORP,FYR,,A,A,R,52937,2,6770.0,,,,67.0,677.0,,,,,,,8.95,0.0,100000.0,1.0,8.94,895000.0,FYR,7.0,,,,,1,10.0,1.0,,,,,,,,,,,,,,,,,,,,,6.0,2.0,,,,,,,,,,,,,1.0,10.0,,,1.0,1.0,1.0,,3.0,10,10.0,10,10
2008-11-18,92546,,11,2,6770.0,80306T10,FYR,SAPPHIRE INDUSTRIALS CORP,FYR,,A,A,R,52937,2,6770.0,,,,67.0,677.0,,,,,,,8.95,0.0,100000.0,1.0,8.93,895000.0,FYR,7.0,,,,,1,10.0,1.0,,,,,,,,,,,,,,,,,,,,,6.0,2.0,,,,,,,,,,,,,1.0,10.0,,,1.0,1.0,1.0,,3.0,10,10.0,10,10
2008-11-19,92546,,11,2,6770.0,80306T10,FYR,SAPPHIRE INDUSTRIALS CORP,FYR,,A,A,R,52937,2,6770.0,,,,67.0,677.0,,,,,,,8.92,-0.003352,100000.0,1.0,8.94,892000.0,FYR,7.0,,,,,1,10.0,1.0,,,,,,,,,,,,,,,,,,,,,6.0,2.0,,,,,,,,,,,,,1.0,10.0,,,1.0,1.0,1.0,,3.0,10,10.0,10,10
2008-11-20,92546,,11,2,6770.0,80306T10,FYR,SAPPHIRE INDUSTRIALS CORP,FYR,,A,A,R,52937,2,6770.0,,,,67.0,677.0,,,,,,,8.92,0.0,100000.0,1.0,8.93,892000.0,FYR,7.0,,,,,1,10.0,1.0,,,,,,,,,,,,,,,,,,,,,6.0,2.0,,,,,,,,,,,,,1.0,10.0,,,1.0,1.0,1.0,,3.0,10,10.0,10,10
2008-11-21,92546,,11,2,6770.0,80306T10,FYR,SAPPHIRE INDUSTRIALS CORP,FYR,,A,A,R,52937,2,6770.0,,,,67.0,677.0,,,,,,,8.92,0.0,100000.0,1.0,8.92,892000.0,FYR,7.0,,,,,1,10.0,1.0,,,,,,,,,,,,,,,,,,,,,6.0,2.0,,,,,,,,,,,,,1.0,10.0,,,1.0,1.0,1.0,,3.0,10,10.0,10,10
2008-11-24,92546,,11,2,6770.0,80306T10,FYR,SAPPHIRE INDUSTRIALS CORP,FYR,,A,A,R,52937,2,6770.0,,,,67.0,677.0,,,,,,,8.91,-0.001121,100000.0,1.0,8.95,891000.0,FYR,7.0,,,,,1,10.0,1.0,,,,,,,,,,,,,,,,,,,,,6.0,2.0,,,,,,,,,,,,,1.0,10.0,,,1.0,1.0,1.0,,3.0,10,10.0,10,10
2008-11-25,92546,,11,2,6770.0,80306T10,FYR,SAPPHIRE INDUSTRIALS CORP,FYR,,A,A,R,52937,2,6770.0,,,,67.0,677.0,,,,,,,8.9,-0.001122,100000.0,1.0,8.9,890000.0,FYR,7.0,,,,,1,10.0,1.0,,,,,,,,,,,,,,,,,,,,,6.0,2.0,,,,,,,,,,,,,1.0,10.0,,,1.0,1.0,1.0,,3.0,10,10.0,10,10
2008-11-26,92546,,11,2,6770.0,80306T10,FYR,SAPPHIRE INDUSTRIALS CORP,FYR,,A,A,R,52937,2,6770.0,,,,67.0,677.0,,,,,,,8.91,0.001124,100000.0,1.0,8.89,891000.0,FYR,7.0,,,,,1,10.0,1.0,,,,,,,,,,,,,,,,,,,,,6.0,2.0,,,,,,,,,,,,,1.0,10.0,,,1.0,1.0,1.0,,3.0,10,10.0,10,10
2008-11-28,92546,,11,2,6770.0,80306T10,FYR,SAPPHIRE INDUSTRIALS CORP,FYR,,A,A,R,52937,2,6770.0,,,,67.0,677.0,,,,,,,8.88,-0.003367,100000.0,1.0,8.89,888000.0,FYR,7.0,,,,,1,10.0,1.0,,,,,,,,,,,,,,,,,,,,,6.0,2.0,,,,,,,,,,,,,1.0,10.0,,,1.0,1.0,1.0,,3.0,10,10.0,10,10
2008-12-01,92546,,11,2,6770.0,80306T10,FYR,SAPPHIRE INDUSTRIALS CORP,FYR,,A,A,R,52937,2,6770.0,,,,67.0,677.0,,,,,,,8.84,-0.004504,100000.0,1.0,8.86,884000.0,FYR,7.0,,,,,1,10.0,1.0,,,,,,,,,,,,,,,,,,,,,9.0,2.0,,,,,,,,,,3.0,3.0,4.0,3.0,10.0,,,2.0,2.0,1.0,,3.0,10,10.0,10,10
2008-12-02,92546,,11,2,6770.0,80306T10,FYR,SAPPHIRE INDUSTRIALS CORP,FYR,,A,A,R,52937,2,6770.0,,,,67.0,677.0,,,,,,,8.9,0.006787,100000.0,1.0,8.85,890000.0,FYR,7.0,,,,,1,10.0,1.0,,,,,,,,,,,,,,,,,,,,,9.0,2.0,,,,,,,,,,3.0,3.0,4.0,3.0,10.0,,,2.0,2.0,1.0,,3.0,10,10.0,10,10
2008-12-03,92546,,11,2,6770.0,80306T10,FYR,SAPPHIRE INDUSTRIALS CORP,FYR,,A,A,R,52937,2,6770.0,,,,67.0,677.0,,,,,,,8.91,0.001124,100000.0,1.0,8.91,891000.0,FYR,7.0,,,,,1,10.0,1.0,,,,,,,,,,,,,,,,,,,,,9.0,2.0,,,,,,,,,,3.0,3.0,4.0,3.0,10.0,,,2.0,2.0,1.0,,3.0,10,10.0,10,10
2008-12-04,92546,,11,2,6770.0,80306T10,FYR,SAPPHIRE INDUSTRIALS CORP,FYR,,A,A,R,52937,2,6770.0,,,,67.0,677.0,,,,,,,8.93,0.002245,100000.0,1.0,8.9,893000.0,FYR,7.0,,,,,1,10.0,1.0,,,,,,,,,,,,,,,,,,,,,9.0,2.0,,,,,,,,,,3.0,3.0,4.0,3.0,10.0,,,2.0,2.0,1.0,,3.0,10,10.0,10,10
2008-12-05,92546,,11,2,6770.0,80306T10,FYR,SAPPHIRE INDUSTRIALS CORP,FYR,,A,A,R,52937,2,6770.0,,,,67.0,677.0,,,,,,,8.9,-0.00336,100000.0,1.0,8.9,890000.0,FYR,7.0,,,,,1,10.0,1.0,,,,,,,,,,,,,,,,,,,,,9.0,2.0,,,,,,,,,,3.0,3.0,4.0,3.0,10.0,,,2.0,2.0,1.0,,3.0,10,10.0,10,10
2008-12-08,92546,,11,2,6770.0,80306T10,FYR,SAPPHIRE INDUSTRIALS CORP,FYR,,A,A,R,52937,2,6770.0,,,,67.0,677.0,,,,,,,8.94,0.004494,100000.0,1.0,8.94,894000.0,FYR,7.0,,,,,1,10.0,1.0,,,,,,,,,,,,,,,,,,,,,9.0,2.0,,,,,,,,,,3.0,3.0,4.0,3.0,10.0,,,2.0,2.0,1.0,,3.0,10,10.0,10,10
2008-12-09,92546,,11,2,6770.0,80306T10,FYR,SAPPHIRE INDUSTRIALS CORP,FYR,,A,A,R,52937,2,6770.0,,,,67.0,677.0,,,,,,,8.94,0.0,100000.0,1.0,8.94,894000.0,FYR,7.0,,,,,1,10.0,1.0,,,,,,,,,,,,,,,,,,,,,9.0,2.0,,,,,,,,,,3.0,3.0,4.0,3.0,10.0,,,2.0,2.0,1.0,,3.0,10,10.0,10,10
2008-12-10,92546,,11,2,6770.0,80306T10,FYR,SAPPHIRE INDUSTRIALS CORP,FYR,,A,A,R,52937,2,6770.0,,,,67.0,677.0,,,,,,,8.97,0.003356,100000.0,1.0,8.95,897000.0,FYR,7.0,,,,,1,10.0,1.0,,,,,,,,,,,,,,,,,,,,,9.0,2.0,,,,,,,,,,3.0,3.0,4.0,3.0,10.0,,,2.0,2.0,1.0,,3.0,10,10.0,10,10
2008-12-11,92546,,11,2,6770.0,80306T10,FYR,SAPPHIRE INDUSTRIALS CORP,FYR,,A,A,R,52937,2,6770.0,,,,67.0,677.0,,,,,,,9.0,0.003344,100000.0,1.0,9.0,900000.0,FYR,7.0,,,,,1,10.0,1.0,,,,,,,,,,,,,,,,,,,,,9.0,2.0,,,,,,,,,,3.0,3.0,4.0,3.0,10.0,,,2.0,2.0,1.0,,3.0,10,10.0,10,10
2008-12-12,92546,,11,2,6770.0,80306T10,FYR,SAPPHIRE INDUSTRIALS CORP,FYR,,A,A,R,52937,2,6770.0,,,,67.0,677.0,,,,,,,9.0,0.0,100000.0,1.0,9.01,900000.0,FYR,7.0,,,,,1,10.0,1.0,,,,,,,,,,,,,,,,,,,,,9.0,2.0,,,,,,,,,,3.0,3.0,4.0,3.0,10.0,,,2.0,2.0,1.0,,3.0,10,10.0,10,10
2008-12-15,92546,,11,2,6770.0,80306T10,FYR,SAPPHIRE INDUSTRIALS CORP,FYR,,A,A,R,52937,2,6770.0,,,,67.0,677.0,,,,,,,9.05,0.005556,100000.0,1.0,9.01,905000.0,FYR,7.0,,,,,1,10.0,1.0,,,,,,,,,,,,,,,,,,,,,9.0,2.0,,,,,,,,,,3.0,3.0,4.0,3.0,10.0,,,2.0,2.0,1.0,,3.0,10,10.0,10,10
2008-12-16,92546,,11,2,6770.0,80306T10,FYR,SAPPHIRE INDUSTRIALS CORP,FYR,,A,A,R,52937,2,6770.0,,,,67.0,677.0,,,,,,,9.04,-0.001105,100000.0,1.0,9.05,904000.0,FYR,7.0,,,,,1,10.0,1.0,,,,,,,,,,,,,,,,,,,,,9.0,2.0,,,,,,,,,,3.0,3.0,4.0,3.0,10.0,,,2.0,2.0,1.0,,3.0,10,10.0,10,10
2008-12-17,92546,,11,2,6770.0,80306T10,FYR,SAPPHIRE INDUSTRIALS CORP,FYR,,A,A,R,52937,2,6770.0,,,,67.0,677.0,,,,,,,9.04,0.0,100000.0,1.0,9.04,904000.0,FYR,7.0,,,,,1,10.0,1.0,,,,,,,,,,,,,,,,,,,,,9.0,2.0,,,,,,,,,,3.0,3.0,4.0,3.0,10.0,,,2.0,2.0,1.0,,3.0,10,10.0,10,10
2008-12-18,92546,,11,2,6770.0,80306T10,FYR,SAPPHIRE INDUSTRIALS CORP,FYR,,A,A,R,52937,2,6770.0,,,,67.0,677.0,,,,,,,9.02,-0.002212,100000.0,1.0,9.03,902000.0,FYR,7.0,,,,,1,10.0,1.0,,,,,,,,,,,,,,,,,,,,,9.0,2.0,,,,,,,,,,3.0,3.0,4.0,3.0,10.0,,,2.0,2.0,1.0,,3.0,10,10.0,10,10
2008-12-19,92546,,11,2,6770.0,80306T10,FYR,SAPPHIRE INDUSTRIALS CORP,FYR,,A,A,R,52937,2,6770.0,,,,67.0,677.0,,,,,,,9.02,0.0,100000.0,1.0,9.04,902000.0,FYR,7.0,,,,,1,10.0,1.0,,,,,,,,,,,,,,,,,,,,,9.0,2.0,,,,,,,,,,3.0,3.0,4.0,3.0,10.0,,,2.0,2.0,1.0,,3.0,10,10.0,10,10
2008-12-22,92546,,11,2,6770.0,80306T10,FYR,SAPPHIRE INDUSTRIALS CORP,FYR,,A,A,R,52937,2,6770.0,,,,67.0,677.0,,,,,,,9.04,0.002217,100000.0,1.0,9.02,904000.0,FYR,7.0,,,,,1,10.0,1.0,,,,,,,,,,,,,,,,,,,,,9.0,2.0,,,,,,,,,,3.0,3.0,4.0,3.0,10.0,,,2.0,2.0,1.0,,3.0,10,10.0,10,10
2008-12-23,92546,,11,2,6770.0,80306T10,FYR,SAPPHIRE INDUSTRIALS CORP,FYR,,A,A,R,52937,2,6770.0,,,,67.0,677.0,,,,,,,9.09,0.005531,100000.0,1.0,9.02,909000.0,FYR,7.0,,,,,1,10.0,1.0,,,,,,,,,,,,,,,,,,,,,9.0,2.0,,,,,,,,,,3.0,3.0,4.0,3.0,10.0,,,2.0,2.0,1.0,,3.0,10,10.0,10,10
2008-12-24,92546,,11,2,6770.0,80306T10,FYR,SAPPHIRE INDUSTRIALS CORP,FYR,,A,A,R,52937,2,6770.0,,,,67.0,677.0,,,,,,,9.09,0.0,100000.0,1.0,9.05,909000.0,FYR,7.0,,,,,1,10.0,1.0,,,,,,,,,,,,,,,,,,,,,9.0,2.0,,,,,,,,,,3.0,3.0,4.0,3.0,10.0,,,2.0,2.0,1.0,,3.0,10,10.0,10,10
2008-12-26,92546,,11,2,6770.0,80306T10,FYR,SAPPHIRE INDUSTRIALS CORP,FYR,,A,A,R,52937,2,6770.0,,,,67.0,677.0,,,,,,,9.1,0.0011,100000.0,1.0,9.1,910000.0,FYR,7.0,,,,,1,10.0,1.0,,,,,,,,,,,,,,,,,,,,,9.0,2.0,,,,,,,,,,3.0,3.0,4.0,3.0,10.0,,,2.0,2.0,1.0,,3.0,10,10.0,10,10
2008-12-29,92546,,11,2,6770.0,80306T10,FYR,SAPPHIRE INDUSTRIALS CORP,FYR,,A,A,R,52937,2,6770.0,,,,67.0,677.0,,,,,,,9.16,0.006593,100000.0,1.0,9.15,916000.0,FYR,7.0,,,,,1,10.0,1.0,,,,,,,,,,,,,,,,,,,,,9.0,2.0,,,,,,,,,,3.0,3.0,4.0,3.0,10.0,,,2.0,2.0,1.0,,3.0,10,10.0,10,10
2008-12-30,92546,,11,2,6770.0,80306T10,FYR,SAPPHIRE INDUSTRIALS CORP,FYR,,A,A,R,52937,2,6770.0,,,,67.0,677.0,,,,,,,9.15,-0.001092,100000.0,1.0,9.15,915000.0,FYR,7.0,,,,,1,10.0,1.0,,,,,,,,,,,,,,,,,,,,,9.0,2.0,,,,,,,,,,3.0,3.0,4.0,3.0,10.0,,,2.0,2.0,1.0,,3.0,10,10.0,10,10
2008-12-31,92546,,11,2,6770.0,80306T10,FYR,SAPPHIRE INDUSTRIALS CORP,FYR,,A,A,R,52937,2,6770.0,,,,67.0,677.0,,,,,,,9.17,0.002186,100000.0,1.0,9.16,917000.0,FYR,7.0,,,,,1,10.0,1.0,,,,,,,,,,,,,,,,,,,,,9.0,2.0,,,,,,,,,,3.0,3.0,4.0,3.0,10.0,,,2.0,2.0,1.0,,3.0,10,10.0,10,10
2009-01-02,92546,,11,2,6770.0,80306T10,FYR,SAPPHIRE INDUSTRIALS CORP,FYR,,A,A,R,52937,2,6770.0,,,,67.0,677.0,,,,,,,9.21,0.004362,100000.0,1.0,9.15,921000.0,FYR,7.0,,,,,1,10.0,1.0,,,,,,,,,,,,,,,,,,,,,9.0,3.0,,,,10.0,,,,,,3.0,3.0,4.0,6.0,10.0,,,6.0,6.0,3.0,,3.0,10,9.0,10,10
2009-01-05,92546,,11,2,6770.0,80306T10,FYR,SAPPHIRE INDUSTRIALS CORP,FYR,,A,A,R,52937,2,6770.0,,,,67.0,677.0,,,,,,,9.23,0.002171,100000.0,1.0,9.2,923000.0,FYR,7.0,,,,,1,10.0,1.0,,,,,,,,,,,,,,,,,,,,,9.0,3.0,,,,10.0,,,,,,3.0,3.0,4.0,6.0,10.0,,,6.0,6.0,3.0,,3.0,10,9.0,10,10
2009-01-06,92546,,11,2,6770.0,80306T10,FYR,SAPPHIRE INDUSTRIALS CORP,FYR,,A,A,R,52937,2,6770.0,,,,67.0,677.0,,,,,,,9.22,-0.001083,100000.0,1.0,9.22,922000.0,FYR,7.0,,,,,1,10.0,1.0,,,,,,,,,,,,,,,,,,,,,9.0,3.0,,,,10.0,,,,,,3.0,3.0,4.0,6.0,10.0,,,6.0,6.0,3.0,,3.0,10,9.0,10,10
2009-01-07,92546,,11,2,6770.0,80306T10,FYR,SAPPHIRE INDUSTRIALS CORP,FYR,,A,A,R,52937,2,6770.0,,,,67.0,677.0,,,,,,,9.27,0.005423,100000.0,1.0,9.21,927000.0,FYR,7.0,,,,,1,10.0,1.0,,,,,,,,,,,,,,,,,,,,,9.0,3.0,,,,10.0,,,,,,3.0,3.0,4.0,6.0,10.0,,,6.0,6.0,3.0,,3.0,10,9.0,10,10
2009-01-08,92546,,11,2,6770.0,80306T10,FYR,SAPPHIRE INDUSTRIALS CORP,FYR,,A,A,R,52937,2,6770.0,,,,67.0,677.0,,,,,,,9.32,0.005394,100000.0,1.0,9.32,932000.0,FYR,7.0,,,,,1,10.0,1.0,,,,,,,,,,,,,,,,,,,,,9.0,3.0,,,,10.0,,,,,,3.0,3.0,4.0,6.0,10.0,,,6.0,6.0,3.0,,3.0,10,9.0,10,10
2009-01-09,92546,,11,2,6770.0,80306T10,FYR,SAPPHIRE INDUSTRIALS CORP,FYR,,A,A,R,52937,2,6770.0,,,,67.0,677.0,,,,,,,9.33,0.001073,100000.0,1.0,9.32,933000.0,FYR,7.0,,,,,1,10.0,1.0,,,,,,,,,,,,,,,,,,,,,9.0,3.0,,,,10.0,,,,,,3.0,3.0,4.0,6.0,10.0,,,6.0,6.0,3.0,,3.0,10,9.0,10,10
2009-01-12,92546,,11,2,6770.0,80306T10,FYR,SAPPHIRE INDUSTRIALS CORP,FYR,,A,A,R,52937,2,6770.0,,,,67.0,677.0,,,,,,,9.33,0.0,100000.0,1.0,9.35,933000.0,FYR,7.0,,,,,1,10.0,1.0,,,,,,,,,,,,,,,,,,,,,9.0,3.0,,,,10.0,,,,,,3.0,3.0,4.0,6.0,10.0,,,6.0,6.0,3.0,,3.0,10,9.0,10,10
2009-01-13,92546,,11,2,6770.0,80306T10,FYR,SAPPHIRE INDUSTRIALS CORP,FYR,,A,A,R,52937,2,6770.0,,,,67.0,677.0,,,,,,,9.33,0.0,100000.0,1.0,9.33,933000.0,FYR,7.0,,,,,1,10.0,1.0,,,,,,,,,,,,,,,,,,,,,9.0,3.0,,,,10.0,,,,,,3.0,3.0,4.0,6.0,10.0,,,6.0,6.0,3.0,,3.0,10,9.0,10,10
2009-01-14,92546,,11,2,6770.0,80306T10,FYR,SAPPHIRE INDUSTRIALS CORP,FYR,,A,A,R,52937,2,6770.0,,,,67.0,677.0,,,,,,,9.35,0.002144,100000.0,1.0,9.33,935000.0,FYR,7.0,,,,,1,10.0,1.0,,,,,,,,,,,,,,,,,,,,,9.0,3.0,,,,10.0,,,,,,3.0,3.0,4.0,6.0,10.0,,,6.0,6.0,3.0,,3.0,10,9.0,10,10
2009-01-15,92546,,11,2,6770.0,80306T10,FYR,SAPPHIRE INDUSTRIALS CORP,FYR,,A,A,R,52937,2,6770.0,,,,67.0,677.0,,,,,,,9.33,-0.002139,100000.0,1.0,9.38,933000.0,FYR,7.0,,,,,1,10.0,1.0,,,,,,,,,,,,,,,,,,,,,9.0,3.0,,,,10.0,,,,,,3.0,3.0,4.0,6.0,10.0,,,6.0,6.0,3.0,,3.0,10,9.0,10,10
2009-01-16,92546,,11,2,6770.0,80306T10,FYR,SAPPHIRE INDUSTRIALS CORP,FYR,,A,A,R,52937,2,6770.0,,,,67.0,677.0,,,,,,,9.33,0.0,100000.0,1.0,9.32,933000.0,FYR,7.0,,,,,1,10.0,1.0,,,,,,,,,,,,,,,,,,,,,9.0,3.0,,,,10.0,,,,,,3.0,3.0,4.0,6.0,10.0,,,6.0,6.0,3.0,,3.0,10,9.0,10,10
2009-01-20,92546,,11,2,6770.0,80306T10,FYR,SAPPHIRE INDUSTRIALS CORP,FYR,,A,A,R,52937,2,6770.0,,,,67.0,677.0,,,,,,,9.32,-0.001072,100000.0,1.0,9.31,932000.0,FYR,7.0,,,,,1,10.0,1.0,,,,,,,,,,,,,,,,,,,,,9.0,3.0,,,,10.0,,,,,,3.0,3.0,4.0,6.0,10.0,,,6.0,6.0,3.0,,3.0,10,9.0,10,10
2009-01-21,92546,,11,2,6770.0,80306T10,FYR,SAPPHIRE INDUSTRIALS CORP,FYR,,A,A,R,52937,2,6770.0,,,,67.0,677.0,,,,,,,9.31,-0.001073,100000.0,1.0,9.31,931000.0,FYR,7.0,,,,,1,10.0,1.0,,,,,,,,,,,,,,,,,,,,,9.0,3.0,,,,10.0,,,,,,3.0,3.0,4.0,6.0,10.0,,,6.0,6.0,3.0,,3.0,10,9.0,10,10
2009-01-22,92546,,11,2,6770.0,80306T10,FYR,SAPPHIRE INDUSTRIALS CORP,FYR,,A,A,R,52937,2,6770.0,,,,67.0,677.0,,,,,,,9.32,0.001074,100000.0,1.0,9.5,932000.0,FYR,7.0,,,,,1,10.0,1.0,,,,,,,,,,,,,,,,,,,,,9.0,3.0,,,,10.0,,,,,,3.0,3.0,4.0,6.0,10.0,,,6.0,6.0,3.0,,3.0,10,9.0,10,10
2009-01-23,92546,,11,2,6770.0,80306T10,FYR,SAPPHIRE INDUSTRIALS CORP,FYR,,A,A,R,52937,2,6770.0,,,,67.0,677.0,,,,,,,9.3,-0.002146,100000.0,1.0,9.3176,930000.0,FYR,7.0,,,,,1,10.0,1.0,,,,,,,,,,,,,,,,,,,,,9.0,3.0,,,,10.0,,,,,,3.0,3.0,4.0,6.0,10.0,,,6.0,6.0,3.0,,3.0,10,9.0,10,10
2009-01-26,92546,,11,2,6770.0,80306T10,FYR,SAPPHIRE INDUSTRIALS CORP,FYR,,A,A,R,52937,2,6770.0,,,,67.0,677.0,,,,,,,-9.3,0.0,100000.0,1.0,,-930000.0,FYR,7.0,,,,,1,10.0,1.0,,,,,,,,,,,,,,,,,,,,,9.0,3.0,,,,10.0,,,,,,3.0,3.0,4.0,6.0,10.0,,,6.0,6.0,3.0,,3.0,10,9.0,10,10
2009-01-27,92546,,11,2,6770.0,80306T10,FYR,SAPPHIRE INDUSTRIALS CORP,FYR,,A,A,R,52937,2,6770.0,,,,67.0,677.0,,,,,,,9.3,0.0,100000.0,1.0,9.3,930000.0,FYR,7.0,,,,,1,10.0,1.0,,,,,,,,,,,,,,,,,,,,,9.0,3.0,,,,10.0,,,,,,3.0,3.0,4.0,6.0,10.0,,,6.0,6.0,3.0,,3.0,10,9.0,10,10
2009-01-28,92546,,11,2,6770.0,80306T10,FYR,SAPPHIRE INDUSTRIALS CORP,FYR,,A,A,R,52937,2,6770.0,,,,67.0,677.0,,,,,,,9.34,0.004301,100000.0,1.0,9.4,934000.0,FYR,7.0,,,,,1,10.0,1.0,,,,,,,,,,,,,,,,,,,,,9.0,3.0,,,,10.0,,,,,,3.0,3.0,4.0,6.0,10.0,,,6.0,6.0,3.0,,3.0,10,9.0,10,10
2009-01-29,92546,,11,2,6770.0,80306T10,FYR,SAPPHIRE INDUSTRIALS CORP,FYR,,A,A,R,52937,2,6770.0,,,,67.0,677.0,,,,,,,9.34,0.0,100000.0,1.0,9.35,934000.0,FYR,7.0,,,,,1,10.0,1.0,,,,,,,,,,,,,,,,,,,,,9.0,3.0,,,,10.0,,,,,,3.0,3.0,4.0,6.0,10.0,,,6.0,6.0,3.0,,3.0,10,9.0,10,10
2009-01-30,92546,,11,2,6770.0,80306T10,FYR,SAPPHIRE INDUSTRIALS CORP,FYR,,A,A,R,52937,2,6770.0,,,,67.0,677.0,,,,,,,9.37,0.003212,100000.0,1.0,9.32,937000.0,FYR,7.0,,,,,1,10.0,1.0,,,,,,,,,,,,,,,,,,,,,9.0,3.0,,,,10.0,,,,,,3.0,3.0,4.0,6.0,10.0,,,6.0,6.0,3.0,,3.0,10,9.0,10,10
2009-02-02,92546,,11,2,6770.0,80306T10,FYR,SAPPHIRE INDUSTRIALS CORP,FYR,,A,A,R,52937,2,6770.0,,,,67.0,677.0,,,,,,,9.37,0.0,100000.0,1.0,9.37,937000.0,FYR,7.0,,,,,1,10.0,1.0,,,,,,,,,,,,,,,,,,,,,9.0,3.0,,,,9.0,,,,6.0,,,4.0,,2.0,10.0,,,2.0,2.0,1.0,,4.0,10,10.0,10,10
2009-02-03,92546,,11,2,6770.0,80306T10,FYR,SAPPHIRE INDUSTRIALS CORP,FYR,,A,A,R,52937,2,6770.0,,,,67.0,677.0,,,,,,,9.43,0.006403,100000.0,1.0,9.4,943000.0,FYR,7.0,,,,,1,10.0,1.0,,,,,,,,,,,,,,,,,,,,,9.0,3.0,,,,9.0,,,,6.0,,,4.0,,2.0,10.0,,,2.0,2.0,1.0,,4.0,10,10.0,10,10
2009-02-04,92546,,11,2,6770.0,80306T10,FYR,SAPPHIRE INDUSTRIALS CORP,FYR,,A,A,R,52937,2,6770.0,,,,67.0,677.0,,,,,,,-9.45,0.002121,100000.0,1.0,,-945000.0,FYR,7.0,,,,,1,10.0,1.0,,,,,,,,,,,,,,,,,,,,,9.0,3.0,,,,9.0,,,,6.0,,,4.0,,2.0,10.0,,,2.0,2.0,1.0,,4.0,10,10.0,10,10
2009-02-05,92546,,11,2,6770.0,80306T10,FYR,SAPPHIRE INDUSTRIALS CORP,FYR,,A,A,R,52937,2,6770.0,,,,67.0,677.0,,,,,,,9.45,0.0,100000.0,1.0,9.45,945000.0,FYR,7.0,,,,,1,10.0,1.0,,,,,,,,,,,,,,,,,,,,,9.0,3.0,,,,9.0,,,,6.0,,,4.0,,2.0,10.0,,,2.0,2.0,1.0,,4.0,10,10.0,10,10
2009-02-06,92546,,11,2,6770.0,80306T10,FYR,SAPPHIRE INDUSTRIALS CORP,FYR,,A,A,R,52937,2,6770.0,,,,67.0,677.0,,,,,,,9.42,-0.003175,100000.0,1.0,9.43,942000.0,FYR,7.0,,,,,1,10.0,1.0,,,,,,,,,,,,,,,,,,,,,9.0,3.0,,,,9.0,,,,6.0,,,4.0,,2.0,10.0,,,2.0,2.0,1.0,,4.0,10,10.0,10,10
2009-02-09,92546,,11,2,6770.0,80306T10,FYR,SAPPHIRE INDUSTRIALS CORP,FYR,,A,A,R,52937,2,6770.0,,,,67.0,677.0,,,,,,,9.43,0.001062,100000.0,1.0,9.42,943000.0,FYR,7.0,,,,,1,10.0,1.0,,,,,,,,,,,,,,,,,,,,,9.0,3.0,,,,9.0,,,,6.0,,,4.0,,2.0,10.0,,,2.0,2.0,1.0,,4.0,10,10.0,10,10
2009-02-10,92546,,11,2,6770.0,80306T10,FYR,SAPPHIRE INDUSTRIALS CORP,FYR,,A,A,R,52937,2,6770.0,,,,67.0,677.0,,,,,,,9.42,-0.00106,100000.0,1.0,9.43,942000.0,FYR,7.0,,,,,1,10.0,1.0,,,,,,,,,,,,,,,,,,,,,9.0,3.0,,,,9.0,,,,6.0,,,4.0,,2.0,10.0,,,2.0,2.0,1.0,,4.0,10,10.0,10,10
2009-02-11,92546,,11,2,6770.0,80306T10,FYR,SAPPHIRE INDUSTRIALS CORP,FYR,,A,A,R,52937,2,6770.0,,,,67.0,677.0,,,,,,,9.45,0.003185,100000.0,1.0,9.45,945000.0,FYR,7.0,,,,,1,10.0,1.0,,,,,,,,,,,,,,,,,,,,,9.0,3.0,,,,9.0,,,,6.0,,,4.0,,2.0,10.0,,,2.0,2.0,1.0,,4.0,10,10.0,10,10
2009-02-12,92546,,11,2,6770.0,80306T10,FYR,SAPPHIRE INDUSTRIALS CORP,FYR,,A,A,R,52937,2,6770.0,,,,67.0,677.0,,,,,,,9.42,-0.003175,100000.0,1.0,9.44,942000.0,FYR,7.0,,,,,1,10.0,1.0,,,,,,,,,,,,,,,,,,,,,9.0,3.0,,,,9.0,,,,6.0,,,4.0,,2.0,10.0,,,2.0,2.0,1.0,,4.0,10,10.0,10,10
2009-02-13,92546,,11,2,6770.0,80306T10,FYR,SAPPHIRE INDUSTRIALS CORP,FYR,,A,A,R,52937,2,6770.0,,,,67.0,677.0,,,,,,,9.41,-0.001062,100000.0,1.0,9.42,941000.0,FYR,7.0,,,,,1,10.0,1.0,,,,,,,,,,,,,,,,,,,,,9.0,3.0,,,,9.0,,,,6.0,,,4.0,,2.0,10.0,,,2.0,2.0,1.0,,4.0,10,10.0,10,10
2009-02-17,92546,,11,2,6770.0,80306T10,FYR,SAPPHIRE INDUSTRIALS CORP,FYR,,A,A,R,52937,2,6770.0,,,,67.0,677.0,,,,,,,9.44,0.003188,100000.0,1.0,9.44,944000.0,FYR,7.0,,,,,1,10.0,1.0,,,,,,,,,,,,,,,,,,,,,9.0,3.0,,,,9.0,,,,6.0,,,4.0,,2.0,10.0,,,2.0,2.0,1.0,,4.0,10,10.0,10,10
2009-02-18,92546,,11,2,6770.0,80306T10,FYR,SAPPHIRE INDUSTRIALS CORP,FYR,,A,A,R,52937,2,6770.0,,,,67.0,677.0,,,,,,,9.47,0.003178,100000.0,1.0,9.46,947000.0,FYR,7.0,,,,,1,10.0,1.0,,,,,,,,,,,,,,,,,,,,,9.0,3.0,,,,9.0,,,,6.0,,,4.0,,2.0,10.0,,,2.0,2.0,1.0,,4.0,10,10.0,10,10
2009-02-19,92546,,11,2,6770.0,80306T10,FYR,SAPPHIRE INDUSTRIALS CORP,FYR,,A,A,R,52937,2,6770.0,,,,67.0,677.0,,,,,,,-9.46,-0.001056,100000.0,1.0,,-946000.0,FYR,7.0,,,,,1,10.0,1.0,,,,,,,,,,,,,,,,,,,,,9.0,3.0,,,,9.0,,,,6.0,,,4.0,,2.0,10.0,,,2.0,2.0,1.0,,4.0,10,10.0,10,10
2009-02-20,92546,,11,2,6770.0,80306T10,FYR,SAPPHIRE INDUSTRIALS CORP,FYR,,A,A,R,52937,2,6770.0,,,,67.0,677.0,,,,,,,9.47,0.001057,100000.0,1.0,9.41,947000.0,FYR,7.0,,,,,1,10.0,1.0,,,,,,,,,,,,,,,,,,,,,9.0,3.0,,,,9.0,,,,6.0,,,4.0,,2.0,10.0,,,2.0,2.0,1.0,,4.0,10,10.0,10,10
2009-02-23,92546,,11,2,6770.0,80306T10,FYR,SAPPHIRE INDUSTRIALS CORP,FYR,,A,A,R,52937,2,6770.0,,,,67.0,677.0,,,,,,,9.48,0.001056,100000.0,1.0,9.48,948000.0,FYR,7.0,,,,,1,10.0,1.0,,,,,,,,,,,,,,,,,,,,,9.0,3.0,,,,9.0,,,,6.0,,,4.0,,2.0,10.0,,,2.0,2.0,1.0,,4.0,10,10.0,10,10
2009-02-24,92546,,11,2,6770.0,80306T10,FYR,SAPPHIRE INDUSTRIALS CORP,FYR,,A,A,R,52937,2,6770.0,,,,67.0,677.0,,,,,,,9.5,0.00211,100000.0,1.0,9.49,950000.0,FYR,7.0,,,,,1,10.0,1.0,,,,,,,,,,,,,,,,,,,,,9.0,3.0,,,,9.0,,,,6.0,,,4.0,,2.0,10.0,,,2.0,2.0,1.0,,4.0,10,10.0,10,10
2009-02-25,92546,,11,2,6770.0,80306T10,FYR,SAPPHIRE INDUSTRIALS CORP,FYR,,A,A,R,52937,2,6770.0,,,,67.0,677.0,,,,,,,9.5,0.0,100000.0,1.0,9.5,950000.0,FYR,7.0,,,,,1,10.0,1.0,,,,,,,,,,,,,,,,,,,,,9.0,3.0,,,,9.0,,,,6.0,,,4.0,,2.0,10.0,,,2.0,2.0,1.0,,4.0,10,10.0,10,10
2009-02-26,92546,,11,2,6770.0,80306T10,FYR,SAPPHIRE INDUSTRIALS CORP,FYR,,A,A,R,52937,2,6770.0,,,,67.0,677.0,,,,,,,9.52,0.002105,100000.0,1.0,9.5,952000.0,FYR,7.0,,,,,1,10.0,1.0,,,,,,,,,,,,,,,,,,,,,9.0,3.0,,,,9.0,,,,6.0,,,4.0,,2.0,10.0,,,2.0,2.0,1.0,,4.0,10,10.0,10,10
2009-02-27,92546,,11,2,6770.0,80306T10,FYR,SAPPHIRE INDUSTRIALS CORP,FYR,,A,A,R,52937,2,6770.0,,,,67.0,677.0,,,,,,,9.49,-0.003151,100000.0,1.0,9.512,949000.0,FYR,7.0,,,,,1,10.0,1.0,,,,,,,,,,,,,,,,,,,,,9.0,3.0,,,,9.0,,,,6.0,,,4.0,,2.0,10.0,,,2.0,2.0,1.0,,4.0,10,10.0,10,10
2009-03-02,92546,,11,2,6770.0,80306T10,FYR,SAPPHIRE INDUSTRIALS CORP,FYR,,A,A,R,52937,2,6770.0,,,,67.0,677.0,,,,,,,9.52,0.003161,100000.0,1.0,9.52,952000.0,FYR,7.0,,,,,1,10.0,1.0,,,,,,,,,,,,,,,,,,,,,10.0,4.0,,,,10.0,,,,9.0,,4.0,4.0,4.0,2.0,10.0,,,3.0,4.0,2.0,,4.0,10,10.0,10,10
2009-03-03,92546,,11,2,6770.0,80306T10,FYR,SAPPHIRE INDUSTRIALS CORP,FYR,,A,A,R,52937,2,6770.0,,,,67.0,677.0,,,,,,,9.52,0.0,100000.0,1.0,9.53,952000.0,FYR,7.0,,,,,1,10.0,1.0,,,,,,,,,,,,,,,,,,,,,10.0,4.0,,,,10.0,,,,9.0,,4.0,4.0,4.0,2.0,10.0,,,3.0,4.0,2.0,,4.0,10,10.0,10,10
2009-03-04,92546,,11,2,6770.0,80306T10,FYR,SAPPHIRE INDUSTRIALS CORP,FYR,,A,A,R,52937,2,6770.0,,,,67.0,677.0,,,,,,,9.53,0.00105,100000.0,1.0,9.54,953000.0,FYR,7.0,,,,,1,10.0,1.0,,,,,,,,,,,,,,,,,,,,,10.0,4.0,,,,10.0,,,,9.0,,4.0,4.0,4.0,2.0,10.0,,,3.0,4.0,2.0,,4.0,10,10.0,10,10
2009-03-05,92546,,11,2,6770.0,80306T10,FYR,SAPPHIRE INDUSTRIALS CORP,FYR,,A,A,R,52937,2,6770.0,,,,67.0,677.0,,,,,,,9.52,-0.001049,100000.0,1.0,9.56,952000.0,FYR,7.0,,,,,1,10.0,1.0,,,,,,,,,,,,,,,,,,,,,10.0,4.0,,,,10.0,,,,9.0,,4.0,4.0,4.0,2.0,10.0,,,3.0,4.0,2.0,,4.0,10,10.0,10,10
2009-03-06,92546,,11,2,6770.0,80306T10,FYR,SAPPHIRE INDUSTRIALS CORP,FYR,,A,A,R,52937,2,6770.0,,,,67.0,677.0,,,,,,,9.52,0.0,100000.0,1.0,9.51,952000.0,FYR,7.0,,,,,1,10.0,1.0,,,,,,,,,,,,,,,,,,,,,10.0,4.0,,,,10.0,,,,9.0,,4.0,4.0,4.0,2.0,10.0,,,3.0,4.0,2.0,,4.0,10,10.0,10,10
2009-03-09,92546,,11,2,6770.0,80306T10,FYR,SAPPHIRE INDUSTRIALS CORP,FYR,,A,A,R,52937,2,6770.0,,,,67.0,677.0,,,,,,,9.52,0.0,100000.0,1.0,9.52,952000.0,FYR,7.0,,,,,1,10.0,1.0,,,,,,,,,,,,,,,,,,,,,10.0,4.0,,,,10.0,,,,9.0,,4.0,4.0,4.0,2.0,10.0,,,3.0,4.0,2.0,,4.0,10,10.0,10,10
2009-03-10,92546,,11,2,6770.0,80306T10,FYR,SAPPHIRE INDUSTRIALS CORP,FYR,,A,A,R,52937,2,6770.0,,,,67.0,677.0,,,,,,,9.52,0.0,100000.0,1.0,9.53,952000.0,FYR,7.0,,,,,1,10.0,1.0,,,,,,,,,,,,,,,,,,,,,10.0,4.0,,,,10.0,,,,9.0,,4.0,4.0,4.0,2.0,10.0,,,3.0,4.0,2.0,,4.0,10,10.0,10,10
2009-03-11,92546,,11,2,6770.0,80306T10,FYR,SAPPHIRE INDUSTRIALS CORP,FYR,,A,A,R,52937,2,6770.0,,,,67.0,677.0,,,,,,,9.52,0.0,100000.0,1.0,9.51,952000.0,FYR,7.0,,,,,1,10.0,1.0,,,,,,,,,,,,,,,,,,,,,10.0,4.0,,,,10.0,,,,9.0,,4.0,4.0,4.0,2.0,10.0,,,3.0,4.0,2.0,,4.0,10,10.0,10,10
2009-03-12,92546,,11,2,6770.0,80306T10,FYR,SAPPHIRE INDUSTRIALS CORP,FYR,,A,A,R,52937,2,6770.0,,,,67.0,677.0,,,,,,,9.54,0.002101,100000.0,1.0,9.5209,954000.0,FYR,7.0,,,,,1,10.0,1.0,,,,,,,,,,,,,,,,,,,,,10.0,4.0,,,,10.0,,,,9.0,,4.0,4.0,4.0,2.0,10.0,,,3.0,4.0,2.0,,4.0,10,10.0,10,10
2009-03-13,92546,,11,2,6770.0,80306T10,FYR,SAPPHIRE INDUSTRIALS CORP,FYR,,A,A,R,52937,2,6770.0,,,,67.0,677.0,,,,,,,9.54,0.0,100000.0,1.0,9.52,954000.0,FYR,7.0,,,,,1,10.0,1.0,,,,,,,,,,,,,,,,,,,,,10.0,4.0,,,,10.0,,,,9.0,,4.0,4.0,4.0,2.0,10.0,,,3.0,4.0,2.0,,4.0,10,10.0,10,10
2009-03-16,92546,,11,2,6770.0,80306T10,FYR,SAPPHIRE INDUSTRIALS CORP,FYR,,A,A,R,52937,2,6770.0,,,,67.0,677.0,,,,,,,9.53,-0.001048,100000.0,1.0,9.54,953000.0,FYR,7.0,,,,,1,10.0,1.0,,,,,,,,,,,,,,,,,,,,,10.0,4.0,,,,10.0,,,,9.0,,4.0,4.0,4.0,2.0,10.0,,,3.0,4.0,2.0,,4.0,10,10.0,10,10
2009-03-17,92546,,11,2,6770.0,80306T10,FYR,SAPPHIRE INDUSTRIALS CORP,FYR,,A,A,R,52937,2,6770.0,,,,67.0,677.0,,,,,,,9.54,0.001049,100000.0,1.0,9.53,954000.0,FYR,7.0,,,,,1,10.0,1.0,,,,,,,,,,,,,,,,,,,,,10.0,4.0,,,,10.0,,,,9.0,,4.0,4.0,4.0,2.0,10.0,,,3.0,4.0,2.0,,4.0,10,10.0,10,10
2009-03-18,92546,,11,2,6770.0,80306T10,FYR,SAPPHIRE INDUSTRIALS CORP,FYR,,A,A,R,52937,2,6770.0,,,,67.0,677.0,,,,,,,9.53,-0.001048,100000.0,1.0,9.51,953000.0,FYR,7.0,,,,,1,10.0,1.0,,,,,,,,,,,,,,,,,,,,,10.0,4.0,,,,10.0,,,,9.0,,4.0,4.0,4.0,2.0,10.0,,,3.0,4.0,2.0,,4.0,10,10.0,10,10
2009-03-19,92546,,11,2,6770.0,80306T10,FYR,SAPPHIRE INDUSTRIALS CORP,FYR,,A,A,R,52937,2,6770.0,,,,67.0,677.0,,,,,,,9.52,-0.001049,100000.0,1.0,9.53,952000.0,FYR,7.0,,,,,1,10.0,1.0,,,,,,,,,,,,,,,,,,,,,10.0,4.0,,,,10.0,,,,9.0,,4.0,4.0,4.0,2.0,10.0,,,3.0,4.0,2.0,,4.0,10,10.0,10,10
2009-03-20,92546,,11,2,6770.0,80306T10,FYR,SAPPHIRE INDUSTRIALS CORP,FYR,,A,A,R,52937,2,6770.0,,,,67.0,677.0,,,,,,,9.53,0.00105,100000.0,1.0,9.53,953000.0,FYR,7.0,,,,,1,10.0,1.0,,,,,,,,,,,,,,,,,,,,,10.0,4.0,,,,10.0,,,,9.0,,4.0,4.0,4.0,2.0,10.0,,,3.0,4.0,2.0,,4.0,10,10.0,10,10
2009-03-23,92546,,11,2,6770.0,80306T10,FYR,SAPPHIRE INDUSTRIALS CORP,FYR,,A,A,R,52937,2,6770.0,,,,67.0,677.0,,,,,,,9.52,-0.001049,100000.0,1.0,9.53,952000.0,FYR,7.0,,,,,1,10.0,1.0,,,,,,,,,,,,,,,,,,,,,10.0,4.0,,,,10.0,,,,9.0,,4.0,4.0,4.0,2.0,10.0,,,3.0,4.0,2.0,,4.0,10,10.0,10,10
2009-03-24,92546,,11,2,6770.0,80306T10,FYR,SAPPHIRE INDUSTRIALS CORP,FYR,,A,A,R,52937,2,6770.0,,,,67.0,677.0,,,,,,,9.51,-0.00105,100000.0,1.0,9.53,951000.0,FYR,7.0,,,,,1,10.0,1.0,,,,,,,,,,,,,,,,,,,,,10.0,4.0,,,,10.0,,,,9.0,,4.0,4.0,4.0,2.0,10.0,,,3.0,4.0,2.0,,4.0,10,10.0,10,10
2009-03-25,92546,,11,2,6770.0,80306T10,FYR,SAPPHIRE INDUSTRIALS CORP,FYR,,A,A,R,52937,2,6770.0,,,,67.0,677.0,,,,,,,9.51,0.0,100000.0,1.0,9.54,951000.0,FYR,7.0,,,,,1,10.0,1.0,,,,,,,,,,,,,,,,,,,,,10.0,4.0,,,,10.0,,,,9.0,,4.0,4.0,4.0,2.0,10.0,,,3.0,4.0,2.0,,4.0,10,10.0,10,10
2009-03-26,92546,,11,2,6770.0,80306T10,FYR,SAPPHIRE INDUSTRIALS CORP,FYR,,A,A,R,52937,2,6770.0,,,,67.0,677.0,,,,,,,9.52,0.001052,100000.0,1.0,9.53,952000.0,FYR,7.0,,,,,1,10.0,1.0,,,,,,,,,,,,,,,,,,,,,10.0,4.0,,,,10.0,,,,9.0,,4.0,4.0,4.0,2.0,10.0,,,3.0,4.0,2.0,,4.0,10,10.0,10,10
2009-03-27,92546,,11,2,6770.0,80306T10,FYR,SAPPHIRE INDUSTRIALS CORP,FYR,,A,A,R,52937,2,6770.0,,,,67.0,677.0,,,,,,,9.52,0.0,100000.0,1.0,9.52,952000.0,FYR,7.0,,,,,1,10.0,1.0,,,,,,,,,,,,,,,,,,,,,10.0,4.0,,,,10.0,,,,9.0,,4.0,4.0,4.0,2.0,10.0,,,3.0,4.0,2.0,,4.0,10,10.0,10,10
2009-03-30,92546,,11,2,6770.0,80306T10,FYR,SAPPHIRE INDUSTRIALS CORP,FYR,,A,A,R,52937,2,6770.0,,,,67.0,677.0,,,,,,,9.53,0.00105,100000.0,1.0,9.53,953000.0,FYR,7.0,,,,,1,10.0,1.0,,,,,,,,,,,,,,,,,,,,,10.0,4.0,,,,10.0,,,,9.0,,4.0,4.0,4.0,2.0,10.0,,,3.0,4.0,2.0,,4.0,10,10.0,10,10
2009-03-31,92546,,11,2,6770.0,80306T10,FYR,SAPPHIRE INDUSTRIALS CORP,FYR,,A,A,R,52937,2,6770.0,,,,67.0,677.0,,,,,,,9.53,0.0,100000.0,1.0,9.54,953000.0,FYR,7.0,,,,,1,10.0,1.0,,,,,,,,,,,,,,,,,,,,,10.0,4.0,,,,10.0,,,,9.0,,4.0,4.0,4.0,2.0,10.0,,,3.0,4.0,2.0,,4.0,10,10.0,10,10
2009-04-01,92546,,11,2,6770.0,80306T10,FYR,SAPPHIRE INDUSTRIALS CORP,FYR,,A,A,R,52937,2,6770.0,,,,67.0,677.0,,,,,,,9.54,0.001049,100000.0,1.0,9.5,954000.0,FYR,7.0,,,,,1,10.0,1.0,,,,,,,,,,,,,,,,,,,,,10.0,6.0,,,,10.0,,,,6.0,,5.0,4.0,5.0,8.0,10.0,,,10.0,10.0,10.0,,4.0,10,10.0,10,10
2009-04-02,92546,,11,2,6770.0,80306T10,FYR,SAPPHIRE INDUSTRIALS CORP,FYR,,A,A,R,52937,2,6770.0,,,,67.0,677.0,,,,,,,9.53,-0.001048,100000.0,1.0,9.54,953000.0,FYR,7.0,,,,,1,10.0,1.0,,,,,,,,,,,,,,,,,,,,,10.0,6.0,,,,10.0,,,,6.0,,5.0,4.0,5.0,8.0,10.0,,,10.0,10.0,10.0,,4.0,10,10.0,10,10
2009-04-03,92546,,11,2,6770.0,80306T10,FYR,SAPPHIRE INDUSTRIALS CORP,FYR,,A,A,R,52937,2,6770.0,,,,67.0,677.0,,,,,,,9.52,-0.001049,100000.0,1.0,9.54,952000.0,FYR,7.0,,,,,1,10.0,1.0,,,,,,,,,,,,,,,,,,,,,10.0,6.0,,,,10.0,,,,6.0,,5.0,4.0,5.0,8.0,10.0,,,10.0,10.0,10.0,,4.0,10,10.0,10,10
2009-04-06,92546,,11,2,6770.0,80306T10,FYR,SAPPHIRE INDUSTRIALS CORP,FYR,,A,A,R,52937,2,6770.0,,,,67.0,677.0,,,,,,,9.52,0.0,100000.0,1.0,9.52,952000.0,FYR,7.0,,,,,1,10.0,1.0,,,,,,,,,,,,,,,,,,,,,10.0,6.0,,,,10.0,,,,6.0,,5.0,4.0,5.0,8.0,10.0,,,10.0,10.0,10.0,,4.0,10,10.0,10,10
2009-04-07,92546,,11,2,6770.0,80306T10,FYR,SAPPHIRE INDUSTRIALS CORP,FYR,,A,A,R,52937,2,6770.0,,,,67.0,677.0,,,,,,,9.51,-0.00105,100000.0,1.0,9.51,951000.0,FYR,7.0,,,,,1,10.0,1.0,,,,,,,,,,,,,,,,,,,,,10.0,6.0,,,,10.0,,,,6.0,,5.0,4.0,5.0,8.0,10.0,,,10.0,10.0,10.0,,4.0,10,10.0,10,10
2009-04-08,92546,,11,2,6770.0,80306T10,FYR,SAPPHIRE INDUSTRIALS CORP,FYR,,A,A,R,52937,2,6770.0,,,,67.0,677.0,,,,,,,9.55,0.004206,100000.0,1.0,9.52,955000.0,FYR,7.0,,,,,1,10.0,1.0,,,,,,,,,,,,,,,,,,,,,10.0,6.0,,,,10.0,,,,6.0,,5.0,4.0,5.0,8.0,10.0,,,10.0,10.0,10.0,,4.0,10,10.0,10,10
2009-04-09,92546,,11,2,6770.0,80306T10,FYR,SAPPHIRE INDUSTRIALS CORP,FYR,,A,A,R,52937,2,6770.0,,,,67.0,677.0,,,,,,,9.53,-0.002094,100000.0,1.0,9.55,953000.0,FYR,7.0,,,,,1,10.0,1.0,,,,,,,,,,,,,,,,,,,,,10.0,6.0,,,,10.0,,,,6.0,,5.0,4.0,5.0,8.0,10.0,,,10.0,10.0,10.0,,4.0,10,10.0,10,10
2009-04-13,92546,,11,2,6770.0,80306T10,FYR,SAPPHIRE INDUSTRIALS CORP,FYR,,A,A,R,52937,2,6770.0,,,,67.0,677.0,,,,,,,9.551,0.002204,100000.0,1.0,9.54,955100.0,FYR,7.0,,,,,1,10.0,1.0,,,,,,,,,,,,,,,,,,,,,10.0,6.0,,,,10.0,,,,6.0,,5.0,4.0,5.0,8.0,10.0,,,10.0,10.0,10.0,,4.0,10,10.0,10,10
2009-04-14,92546,,11,2,6770.0,80306T10,FYR,SAPPHIRE INDUSTRIALS CORP,FYR,,A,A,R,52937,2,6770.0,,,,67.0,677.0,,,,,,,9.56,0.000942,100000.0,1.0,9.56,956000.0,FYR,7.0,,,,,1,10.0,1.0,,,,,,,,,,,,,,,,,,,,,10.0,6.0,,,,10.0,,,,6.0,,5.0,4.0,5.0,8.0,10.0,,,10.0,10.0,10.0,,4.0,10,10.0,10,10
2009-04-15,92546,,11,2,6770.0,80306T10,FYR,SAPPHIRE INDUSTRIALS CORP,FYR,,A,A,R,52937,2,6770.0,,,,67.0,677.0,,,,,,,9.56,0.0,100000.0,1.0,9.5578,956000.0,FYR,7.0,,,,,1,10.0,1.0,,,,,,,,,,,,,,,,,,,,,10.0,6.0,,,,10.0,,,,6.0,,5.0,4.0,5.0,8.0,10.0,,,10.0,10.0,10.0,,4.0,10,10.0,10,10
2009-04-16,92546,,11,2,6770.0,80306T10,FYR,SAPPHIRE INDUSTRIALS CORP,FYR,,A,A,R,52937,2,6770.0,,,,67.0,677.0,,,,,,,9.55,-0.001046,100000.0,1.0,9.56,955000.0,FYR,7.0,,,,,1,10.0,1.0,,,,,,,,,,,,,,,,,,,,,10.0,6.0,,,,10.0,,,,6.0,,5.0,4.0,5.0,8.0,10.0,,,10.0,10.0,10.0,,4.0,10,10.0,10,10
2009-04-17,92546,,11,2,6770.0,80306T10,FYR,SAPPHIRE INDUSTRIALS CORP,FYR,,A,A,R,52937,2,6770.0,,,,67.0,677.0,,,,,,,-9.555,0.000524,100000.0,1.0,,-955500.0,FYR,7.0,,,,,1,10.0,1.0,,,,,,,,,,,,,,,,,,,,,10.0,6.0,,,,10.0,,,,6.0,,5.0,4.0,5.0,8.0,10.0,,,10.0,10.0,10.0,,4.0,10,10.0,10,10
2009-04-20,92546,,11,2,6770.0,80306T10,FYR,SAPPHIRE INDUSTRIALS CORP,FYR,,A,A,R,52937,2,6770.0,,,,67.0,677.0,,,,,,,9.58,0.002616,100000.0,1.0,9.56,958000.0,FYR,7.0,,,,,1,10.0,1.0,,,,,,,,,,,,,,,,,,,,,10.0,6.0,,,,10.0,,,,6.0,,5.0,4.0,5.0,8.0,10.0,,,10.0,10.0,10.0,,4.0,10,10.0,10,10
2009-04-21,92546,,11,2,6770.0,80306T10,FYR,SAPPHIRE INDUSTRIALS CORP,FYR,,A,A,R,52937,2,6770.0,,,,67.0,677.0,,,,,,,9.6,0.002088,100000.0,1.0,9.6,960000.0,FYR,7.0,,,,,1,10.0,1.0,,,,,,,,,,,,,,,,,,,,,10.0,6.0,,,,10.0,,,,6.0,,5.0,4.0,5.0,8.0,10.0,,,10.0,10.0,10.0,,4.0,10,10.0,10,10
2009-04-22,92546,,11,2,6770.0,80306T10,FYR,SAPPHIRE INDUSTRIALS CORP,FYR,,A,A,R,52937,2,6770.0,,,,67.0,677.0,,,,,,,-9.585,-0.001563,100000.0,1.0,,-958500.0,FYR,7.0,,,,,1,10.0,1.0,,,,,,,,,,,,,,,,,,,,,10.0,6.0,,,,10.0,,,,6.0,,5.0,4.0,5.0,8.0,10.0,,,10.0,10.0,10.0,,4.0,10,10.0,10,10
2009-04-23,92546,,11,2,6770.0,80306T10,FYR,SAPPHIRE INDUSTRIALS CORP,FYR,,A,A,R,52937,2,6770.0,,,,67.0,677.0,,,,,,,9.6,0.001565,100000.0,1.0,9.6,960000.0,FYR,7.0,,,,,1,10.0,1.0,,,,,,,,,,,,,,,,,,,,,10.0,6.0,,,,10.0,,,,6.0,,5.0,4.0,5.0,8.0,10.0,,,10.0,10.0,10.0,,4.0,10,10.0,10,10
2009-04-24,92546,,11,2,6770.0,80306T10,FYR,SAPPHIRE INDUSTRIALS CORP,FYR,,A,A,R,52937,2,6770.0,,,,67.0,677.0,,,,,,,9.58,-0.002083,100000.0,1.0,9.57,958000.0,FYR,7.0,,,,,1,10.0,1.0,,,,,,,,,,,,,,,,,,,,,10.0,6.0,,,,10.0,,,,6.0,,5.0,4.0,5.0,8.0,10.0,,,10.0,10.0,10.0,,4.0,10,10.0,10,10
2009-04-27,92546,,11,2,6770.0,80306T10,FYR,SAPPHIRE INDUSTRIALS CORP,FYR,,A,A,R,52937,2,6770.0,,,,67.0,677.0,,,,,,,9.5601,-0.002077,100000.0,1.0,9.56,956010.0,FYR,7.0,,,,,1,10.0,1.0,,,,,,,,,,,,,,,,,,,,,10.0,6.0,,,,10.0,,,,6.0,,5.0,4.0,5.0,8.0,10.0,,,10.0,10.0,10.0,,4.0,10,10.0,10,10
2009-04-28,92546,,11,2,6770.0,80306T10,FYR,SAPPHIRE INDUSTRIALS CORP,FYR,,A,A,R,52937,2,6770.0,,,,67.0,677.0,,,,,,,-9.58,0.002082,100000.0,1.0,,-958000.0,FYR,7.0,,,,,1,10.0,1.0,,,,,,,,,,,,,,,,,,,,,10.0,6.0,,,,10.0,,,,6.0,,5.0,4.0,5.0,8.0,10.0,,,10.0,10.0,10.0,,4.0,10,10.0,10,10
2009-04-29,92546,,11,2,6770.0,80306T10,FYR,SAPPHIRE INDUSTRIALS CORP,FYR,,A,A,R,52937,2,6770.0,,,,67.0,677.0,,,,,,,9.57,-0.001044,100000.0,1.0,9.58,957000.0,FYR,7.0,,,,,1,10.0,1.0,,,,,,,,,,,,,,,,,,,,,10.0,6.0,,,,10.0,,,,6.0,,5.0,4.0,5.0,8.0,10.0,,,10.0,10.0,10.0,,4.0,10,10.0,10,10
2009-04-30,92546,,11,2,6770.0,80306T10,FYR,SAPPHIRE INDUSTRIALS CORP,FYR,,A,A,R,52937,2,6770.0,,,,67.0,677.0,,,,,,,9.57,0.0,100000.0,1.0,9.6,957000.0,FYR,7.0,,,,,1,10.0,1.0,,,,,,,,,,,,,,,,,,,,,10.0,6.0,,,,10.0,,,,6.0,,5.0,4.0,5.0,8.0,10.0,,,10.0,10.0,10.0,,4.0,10,10.0,10,10
2009-05-01,92546,,11,2,6770.0,80306T10,FYR,SAPPHIRE INDUSTRIALS CORP,FYR,,A,A,R,52937,2,6770.0,,,,67.0,677.0,,,,,,,9.56,-0.001045,100000.0,1.0,9.63,956000.0,FYR,7.0,,,,,1,10.0,1.0,,,,,,,,,,,,,,,,,,,,,10.0,8.0,,,,10.0,,,,7.0,,6.0,4.0,4.0,9.0,10.0,,,9.0,9.0,10.0,,3.0,10,10.0,10,10
2009-05-04,92546,,11,2,6770.0,80306T10,FYR,SAPPHIRE INDUSTRIALS CORP,FYR,,A,A,R,52937,2,6770.0,,,,67.0,677.0,,,,,,,9.61,0.00523,100000.0,1.0,9.58,961000.0,FYR,7.0,,,,,1,10.0,1.0,,,,,,,,,,,,,,,,,,,,,10.0,8.0,,,,10.0,,,,7.0,,6.0,4.0,4.0,9.0,10.0,,,9.0,9.0,10.0,,3.0,10,10.0,10,10
2009-05-05,92546,,11,2,6770.0,80306T10,FYR,SAPPHIRE INDUSTRIALS CORP,FYR,,A,A,R,52937,2,6770.0,,,,67.0,677.0,,,,,,,9.61,0.0,100000.0,1.0,9.62,961000.0,FYR,7.0,,,,,1,10.0,1.0,,,,,,,,,,,,,,,,,,,,,10.0,8.0,,,,10.0,,,,7.0,,6.0,4.0,4.0,9.0,10.0,,,9.0,9.0,10.0,,3.0,10,10.0,10,10
2009-05-06,92546,,11,2,6770.0,80306T10,FYR,SAPPHIRE INDUSTRIALS CORP,FYR,,A,A,R,52937,2,6770.0,,,,67.0,677.0,,,,,,,9.61,0.0,100000.0,1.0,9.61,961000.0,FYR,7.0,,,,,1,10.0,1.0,,,,,,,,,,,,,,,,,,,,,10.0,8.0,,,,10.0,,,,7.0,,6.0,4.0,4.0,9.0,10.0,,,9.0,9.0,10.0,,3.0,10,10.0,10,10
2009-05-07,92546,,11,2,6770.0,80306T10,FYR,SAPPHIRE INDUSTRIALS CORP,FYR,,A,A,R,52937,2,6770.0,,,,67.0,677.0,,,,,,,9.6,-0.001041,100000.0,1.0,9.61,960000.0,FYR,7.0,,,,,1,10.0,1.0,,,,,,,,,,,,,,,,,,,,,10.0,8.0,,,,10.0,,,,7.0,,6.0,4.0,4.0,9.0,10.0,,,9.0,9.0,10.0,,3.0,10,10.0,10,10
2009-05-08,92546,,11,2,6770.0,80306T10,FYR,SAPPHIRE INDUSTRIALS CORP,FYR,,A,A,R,52937,2,6770.0,,,,67.0,677.0,,,,,,,9.6,0.0,100000.0,1.0,9.6,960000.0,FYR,7.0,,,,,1,10.0,1.0,,,,,,,,,,,,,,,,,,,,,10.0,8.0,,,,10.0,,,,7.0,,6.0,4.0,4.0,9.0,10.0,,,9.0,9.0,10.0,,3.0,10,10.0,10,10
2009-05-11,92546,,11,2,6770.0,80306T10,FYR,SAPPHIRE INDUSTRIALS CORP,FYR,,A,A,R,52937,2,6770.0,,,,67.0,677.0,,,,,,,9.6,0.0,100000.0,1.0,9.61,960000.0,FYR,7.0,,,,,1,10.0,1.0,,,,,,,,,,,,,,,,,,,,,10.0,8.0,,,,10.0,,,,7.0,,6.0,4.0,4.0,9.0,10.0,,,9.0,9.0,10.0,,3.0,10,10.0,10,10
2009-05-12,92546,,11,2,6770.0,80306T10,FYR,SAPPHIRE INDUSTRIALS CORP,FYR,,A,A,R,52937,2,6770.0,,,,67.0,677.0,,,,,,,9.6,0.0,100000.0,1.0,9.6,960000.0,FYR,7.0,,,,,1,10.0,1.0,,,,,,,,,,,,,,,,,,,,,10.0,8.0,,,,10.0,,,,7.0,,6.0,4.0,4.0,9.0,10.0,,,9.0,9.0,10.0,,3.0,10,10.0,10,10
2009-05-13,92546,,11,2,6770.0,80306T10,FYR,SAPPHIRE INDUSTRIALS CORP,FYR,,A,A,R,52937,2,6770.0,,,,67.0,677.0,,,,,,,9.61,0.001042,100000.0,1.0,9.61,961000.0,FYR,7.0,,,,,1,10.0,1.0,,,,,,,,,,,,,,,,,,,,,10.0,8.0,,,,10.0,,,,7.0,,6.0,4.0,4.0,9.0,10.0,,,9.0,9.0,10.0,,3.0,10,10.0,10,10
2009-05-14,92546,,11,2,6770.0,80306T10,FYR,SAPPHIRE INDUSTRIALS CORP,FYR,,A,A,R,52937,2,6770.0,,,,67.0,677.0,,,,,,,9.61,0.0,100000.0,1.0,9.612,961000.0,FYR,7.0,,,,,1,10.0,1.0,,,,,,,,,,,,,,,,,,,,,10.0,8.0,,,,10.0,,,,7.0,,6.0,4.0,4.0,9.0,10.0,,,9.0,9.0,10.0,,3.0,10,10.0,10,10
2009-05-15,92546,,11,2,6770.0,80306T10,FYR,SAPPHIRE INDUSTRIALS CORP,FYR,,A,A,R,52937,2,6770.0,,,,67.0,677.0,,,,,,,9.63,0.002081,100000.0,1.0,9.61,963000.0,FYR,7.0,,,,,1,10.0,1.0,,,,,,,,,,,,,,,,,,,,,10.0,8.0,,,,10.0,,,,7.0,,6.0,4.0,4.0,9.0,10.0,,,9.0,9.0,10.0,,3.0,10,10.0,10,10
2009-05-18,92546,,11,2,6770.0,80306T10,FYR,SAPPHIRE INDUSTRIALS CORP,FYR,,A,A,R,52937,2,6770.0,,,,67.0,677.0,,,,,,,9.67,0.004154,100000.0,1.0,9.64,967000.0,FYR,7.0,,,,,1,10.0,1.0,,,,,,,,,,,,,,,,,,,,,10.0,8.0,,,,10.0,,,,7.0,,6.0,4.0,4.0,9.0,10.0,,,9.0,9.0,10.0,,3.0,10,10.0,10,10
2009-05-19,92546,,11,2,6770.0,80306T10,FYR,SAPPHIRE INDUSTRIALS CORP,FYR,,A,A,R,52937,2,6770.0,,,,67.0,677.0,,,,,,,9.67,0.0,100000.0,1.0,9.68,967000.0,FYR,7.0,,,,,1,10.0,1.0,,,,,,,,,,,,,,,,,,,,,10.0,8.0,,,,10.0,,,,7.0,,6.0,4.0,4.0,9.0,10.0,,,9.0,9.0,10.0,,3.0,10,10.0,10,10
2009-05-20,92546,,11,2,6770.0,80306T10,FYR,SAPPHIRE INDUSTRIALS CORP,FYR,,A,A,R,52937,2,6770.0,,,,67.0,677.0,,,,,,,9.65,-0.002068,100000.0,1.0,9.67,965000.0,FYR,7.0,,,,,1,10.0,1.0,,,,,,,,,,,,,,,,,,,,,10.0,8.0,,,,10.0,,,,7.0,,6.0,4.0,4.0,9.0,10.0,,,9.0,9.0,10.0,,3.0,10,10.0,10,10
2009-05-21,92546,,11,2,6770.0,80306T10,FYR,SAPPHIRE INDUSTRIALS CORP,FYR,,A,A,R,52937,2,6770.0,,,,67.0,677.0,,,,,,,9.65,0.0,100000.0,1.0,9.65,965000.0,FYR,7.0,,,,,1,10.0,1.0,,,,,,,,,,,,,,,,,,,,,10.0,8.0,,,,10.0,,,,7.0,,6.0,4.0,4.0,9.0,10.0,,,9.0,9.0,10.0,,3.0,10,10.0,10,10
2009-05-22,92546,,11,2,6770.0,80306T10,FYR,SAPPHIRE INDUSTRIALS CORP,FYR,,A,A,R,52937,2,6770.0,,,,67.0,677.0,,,,,,,9.66,0.001036,100000.0,1.0,9.65,966000.0,FYR,7.0,,,,,1,10.0,1.0,,,,,,,,,,,,,,,,,,,,,10.0,8.0,,,,10.0,,,,7.0,,6.0,4.0,4.0,9.0,10.0,,,9.0,9.0,10.0,,3.0,10,10.0,10,10
2009-05-26,92546,,11,2,6770.0,80306T10,FYR,SAPPHIRE INDUSTRIALS CORP,FYR,,A,A,R,52937,2,6770.0,,,,67.0,677.0,,,,,,,-9.66,0.0,100000.0,1.0,,-966000.0,FYR,7.0,,,,,1,10.0,1.0,,,,,,,,,,,,,,,,,,,,,10.0,8.0,,,,10.0,,,,7.0,,6.0,4.0,4.0,9.0,10.0,,,9.0,9.0,10.0,,3.0,10,10.0,10,10
2009-05-27,92546,,11,2,6770.0,80306T10,FYR,SAPPHIRE INDUSTRIALS CORP,FYR,,A,A,R,52937,2,6770.0,,,,67.0,677.0,,,,,,,-9.655,-0.000518,100000.0,1.0,,-965500.0,FYR,7.0,,,,,1,10.0,1.0,,,,,,,,,,,,,,,,,,,,,10.0,8.0,,,,10.0,,,,7.0,,6.0,4.0,4.0,9.0,10.0,,,9.0,9.0,10.0,,3.0,10,10.0,10,10
2009-05-28,92546,,11,2,6770.0,80306T10,FYR,SAPPHIRE INDUSTRIALS CORP,FYR,,A,A,R,52937,2,6770.0,,,,67.0,677.0,,,,,,,9.67,0.001554,100000.0,1.0,9.6513,967000.0,FYR,7.0,,,,,1,10.0,1.0,,,,,,,,,,,,,,,,,,,,,10.0,8.0,,,,10.0,,,,7.0,,6.0,4.0,4.0,9.0,10.0,,,9.0,9.0,10.0,,3.0,10,10.0,10,10
2009-05-29,92546,,11,2,6770.0,80306T10,FYR,SAPPHIRE INDUSTRIALS CORP,FYR,,A,A,R,52937,2,6770.0,,,,67.0,677.0,,,,,,,9.671,0.000103,100000.0,1.0,9.671,967100.0,FYR,7.0,,,,,1,10.0,1.0,,,,,,,,,,,,,,,,,,,,,10.0,8.0,,,,10.0,,,,7.0,,6.0,4.0,4.0,9.0,10.0,,,9.0,9.0,10.0,,3.0,10,10.0,10,10
2009-06-01,92546,,11,2,6770.0,80306T10,FYR,SAPPHIRE INDUSTRIALS CORP,FYR,,A,A,R,52937,2,6770.0,,,,67.0,677.0,,,,,,,9.68,0.000931,100000.0,1.0,9.63,968000.0,FYR,7.0,,,,,1,10.0,1.0,,,,,,,,,,,,,,,,,,,,,7.0,10.0,,,,10.0,,,,7.0,,4.0,3.0,4.0,6.0,10.0,,,9.0,9.0,10.0,,3.0,10,10.0,10,10
2009-06-02,92546,,11,2,6770.0,80306T10,FYR,SAPPHIRE INDUSTRIALS CORP,FYR,,A,A,R,52937,2,6770.0,,,,67.0,677.0,,,,,,,9.68,0.0,100000.0,1.0,9.66,968000.0,FYR,7.0,,,,,1,10.0,1.0,,,,,,,,,,,,,,,,,,,,,7.0,10.0,,,,10.0,,,,7.0,,4.0,3.0,4.0,6.0,10.0,,,9.0,9.0,10.0,,3.0,10,10.0,10,10
2009-06-03,92546,,11,2,6770.0,80306T10,FYR,SAPPHIRE INDUSTRIALS CORP,FYR,,A,A,R,52937,2,6770.0,,,,67.0,677.0,,,,,,,9.68,0.0,100000.0,1.0,9.66,968000.0,FYR,7.0,,,,,1,10.0,1.0,,,,,,,,,,,,,,,,,,,,,7.0,10.0,,,,10.0,,,,7.0,,4.0,3.0,4.0,6.0,10.0,,,9.0,9.0,10.0,,3.0,10,10.0,10,10
2009-06-04,92546,,11,2,6770.0,80306T10,FYR,SAPPHIRE INDUSTRIALS CORP,FYR,,A,A,R,52937,2,6770.0,,,,67.0,677.0,,,,,,,9.68,0.0,100000.0,1.0,9.67,968000.0,FYR,7.0,,,,,1,10.0,1.0,,,,,,,,,,,,,,,,,,,,,7.0,10.0,,,,10.0,,,,7.0,,4.0,3.0,4.0,6.0,10.0,,,9.0,9.0,10.0,,3.0,10,10.0,10,10
2009-06-05,92546,,11,2,6770.0,80306T10,FYR,SAPPHIRE INDUSTRIALS CORP,FYR,,A,A,R,52937,2,6770.0,,,,67.0,677.0,,,,,,,9.63,-0.005165,100000.0,1.0,9.68,963000.0,FYR,7.0,,,,,1,10.0,1.0,,,,,,,,,,,,,,,,,,,,,7.0,10.0,,,,10.0,,,,7.0,,4.0,3.0,4.0,6.0,10.0,,,9.0,9.0,10.0,,3.0,10,10.0,10,10
2009-06-08,92546,,11,2,6770.0,80306T10,FYR,SAPPHIRE INDUSTRIALS CORP,FYR,,A,A,R,52937,2,6770.0,,,,67.0,677.0,,,,,,,9.67,0.004154,100000.0,1.0,9.67,967000.0,FYR,7.0,,,,,1,10.0,1.0,,,,,,,,,,,,,,,,,,,,,7.0,10.0,,,,10.0,,,,7.0,,4.0,3.0,4.0,6.0,10.0,,,9.0,9.0,10.0,,3.0,10,10.0,10,10
2009-06-09,92546,,11,2,6770.0,80306T10,FYR,SAPPHIRE INDUSTRIALS CORP,FYR,,A,A,R,52937,2,6770.0,,,,67.0,677.0,,,,,,,9.68,0.001034,100000.0,1.0,9.68,968000.0,FYR,7.0,,,,,1,10.0,1.0,,,,,,,,,,,,,,,,,,,,,7.0,10.0,,,,10.0,,,,7.0,,4.0,3.0,4.0,6.0,10.0,,,9.0,9.0,10.0,,3.0,10,10.0,10,10
2009-06-10,92546,,11,2,6770.0,80306T10,FYR,SAPPHIRE INDUSTRIALS CORP,FYR,,A,A,R,52937,2,6770.0,,,,67.0,677.0,,,,,,,9.74,0.006198,100000.0,1.0,9.68,974000.0,FYR,7.0,,,,,1,10.0,1.0,,,,,,,,,,,,,,,,,,,,,7.0,10.0,,,,10.0,,,,7.0,,4.0,3.0,4.0,6.0,10.0,,,9.0,9.0,10.0,,3.0,10,10.0,10,10
2009-06-11,92546,,11,2,6770.0,80306T10,FYR,SAPPHIRE INDUSTRIALS CORP,FYR,,A,A,R,52937,2,6770.0,,,,67.0,677.0,,,,,,,9.74,0.0,100000.0,1.0,9.72,974000.0,FYR,7.0,,,,,1,10.0,1.0,,,,,,,,,,,,,,,,,,,,,7.0,10.0,,,,10.0,,,,7.0,,4.0,3.0,4.0,6.0,10.0,,,9.0,9.0,10.0,,3.0,10,10.0,10,10
2009-06-12,92546,,11,2,6770.0,80306T10,FYR,SAPPHIRE INDUSTRIALS CORP,FYR,,A,A,R,52937,2,6770.0,,,,67.0,677.0,,,,,,,-9.715,-0.002567,100000.0,1.0,,-971500.0,FYR,7.0,,,,,1,10.0,1.0,,,,,,,,,,,,,,,,,,,,,7.0,10.0,,,,10.0,,,,7.0,,4.0,3.0,4.0,6.0,10.0,,,9.0,9.0,10.0,,3.0,10,10.0,10,10
2009-06-15,92546,,11,2,6770.0,80306T10,FYR,SAPPHIRE INDUSTRIALS CORP,FYR,,A,A,R,52937,2,6770.0,,,,67.0,677.0,,,,,,,9.72,0.000515,100000.0,1.0,9.72,972000.0,FYR,7.0,,,,,1,10.0,1.0,,,,,,,,,,,,,,,,,,,,,7.0,10.0,,,,10.0,,,,7.0,,4.0,3.0,4.0,6.0,10.0,,,9.0,9.0,10.0,,3.0,10,10.0,10,10
2009-06-16,92546,,11,2,6770.0,80306T10,FYR,SAPPHIRE INDUSTRIALS CORP,FYR,,A,A,R,52937,2,6770.0,,,,67.0,677.0,,,,,,,9.78,0.006173,100000.0,1.0,9.74,978000.0,FYR,7.0,,,,,1,10.0,1.0,,,,,,,,,,,,,,,,,,,,,7.0,10.0,,,,10.0,,,,7.0,,4.0,3.0,4.0,6.0,10.0,,,9.0,9.0,10.0,,3.0,10,10.0,10,10
2009-06-17,92546,,11,2,6770.0,80306T10,FYR,SAPPHIRE INDUSTRIALS CORP,FYR,,A,A,R,52937,2,6770.0,,,,67.0,677.0,,,,,,,9.7,-0.00818,100000.0,1.0,9.75,970000.0,FYR,7.0,,,,,1,10.0,1.0,,,,,,,,,,,,,,,,,,,,,7.0,10.0,,,,10.0,,,,7.0,,4.0,3.0,4.0,6.0,10.0,,,9.0,9.0,10.0,,3.0,10,10.0,10,10
2009-06-18,92546,,11,2,6770.0,80306T10,FYR,SAPPHIRE INDUSTRIALS CORP,FYR,,A,A,R,52937,2,6770.0,,,,67.0,677.0,,,,,,,9.7,0.0,100000.0,1.0,9.7,970000.0,FYR,7.0,,,,,1,10.0,1.0,,,,,,,,,,,,,,,,,,,,,7.0,10.0,,,,10.0,,,,7.0,,4.0,3.0,4.0,6.0,10.0,,,9.0,9.0,10.0,,3.0,10,10.0,10,10
2009-06-19,92546,,11,2,6770.0,80306T10,FYR,SAPPHIRE INDUSTRIALS CORP,FYR,,A,A,R,52937,2,6770.0,,,,67.0,677.0,,,,,,,9.7,0.0,100000.0,1.0,9.7,970000.0,FYR,7.0,,,,,1,10.0,1.0,,,,,,,,,,,,,,,,,,,,,7.0,10.0,,,,10.0,,,,7.0,,4.0,3.0,4.0,6.0,10.0,,,9.0,9.0,10.0,,3.0,10,10.0,10,10
2009-06-22,92546,,11,2,6770.0,80306T10,FYR,SAPPHIRE INDUSTRIALS CORP,FYR,,A,A,R,52937,2,6770.0,,,,67.0,677.0,,,,,,,9.7,0.0,100000.0,1.0,9.7,970000.0,FYR,7.0,,,,,1,10.0,1.0,,,,,,,,,,,,,,,,,,,,,7.0,10.0,,,,10.0,,,,7.0,,4.0,3.0,4.0,6.0,10.0,,,9.0,9.0,10.0,,3.0,10,10.0,10,10
2009-06-23,92546,,11,2,6770.0,80306T10,FYR,SAPPHIRE INDUSTRIALS CORP,FYR,,A,A,R,52937,2,6770.0,,,,67.0,677.0,,,,,,,9.7,0.0,100000.0,1.0,9.71,970000.0,FYR,7.0,,,,,1,10.0,1.0,,,,,,,,,,,,,,,,,,,,,7.0,10.0,,,,10.0,,,,7.0,,4.0,3.0,4.0,6.0,10.0,,,9.0,9.0,10.0,,3.0,10,10.0,10,10
2009-06-24,92546,,11,2,6770.0,80306T10,FYR,SAPPHIRE INDUSTRIALS CORP,FYR,,A,A,R,52937,2,6770.0,,,,67.0,677.0,,,,,,,9.7,0.0,100000.0,1.0,9.7,970000.0,FYR,7.0,,,,,1,10.0,1.0,,,,,,,,,,,,,,,,,,,,,7.0,10.0,,,,10.0,,,,7.0,,4.0,3.0,4.0,6.0,10.0,,,9.0,9.0,10.0,,3.0,10,10.0,10,10
2009-06-25,92546,,11,2,6770.0,80306T10,FYR,SAPPHIRE INDUSTRIALS CORP,FYR,,A,A,R,52937,2,6770.0,,,,67.0,677.0,,,,,,,9.71,0.001031,100000.0,1.0,9.71,971000.0,FYR,7.0,,,,,1,10.0,1.0,,,,,,,,,,,,,,,,,,,,,7.0,10.0,,,,10.0,,,,7.0,,4.0,3.0,4.0,6.0,10.0,,,9.0,9.0,10.0,,3.0,10,10.0,10,10
2009-06-26,92546,,11,2,6770.0,80306T10,FYR,SAPPHIRE INDUSTRIALS CORP,FYR,,A,A,R,52937,2,6770.0,,,,67.0,677.0,,,,,,,9.72,0.00103,100000.0,1.0,9.72,972000.0,FYR,7.0,,,,,1,10.0,1.0,,,,,,,,,,,,,,,,,,,,,7.0,10.0,,,,10.0,,,,7.0,,4.0,3.0,4.0,6.0,10.0,,,9.0,9.0,10.0,,3.0,10,10.0,10,10
2009-06-29,92546,,11,2,6770.0,80306T10,FYR,SAPPHIRE INDUSTRIALS CORP,FYR,,A,A,R,52937,2,6770.0,,,,67.0,677.0,,,,,,,9.75,0.003086,100000.0,1.0,9.74,975000.0,FYR,7.0,,,,,1,10.0,1.0,,,,,,,,,,,,,,,,,,,,,7.0,10.0,,,,10.0,,,,7.0,,4.0,3.0,4.0,6.0,10.0,,,9.0,9.0,10.0,,3.0,10,10.0,10,10
2009-06-30,92546,,11,2,6770.0,80306T10,FYR,SAPPHIRE INDUSTRIALS CORP,FYR,,A,A,R,52937,2,6770.0,,,,67.0,677.0,,,,,,,9.77,0.002051,100000.0,1.0,9.74,977000.0,FYR,7.0,,,,,1,10.0,1.0,,,,,,,,,,,,,,,,,,,,,7.0,10.0,,,,10.0,,,,7.0,,4.0,3.0,4.0,6.0,10.0,,,9.0,9.0,10.0,,3.0,10,10.0,10,10
2009-07-01,92546,,11,2,6770.0,80306T10,FYR,SAPPHIRE INDUSTRIALS CORP,FYR,,A,A,R,52937,2,6770.0,,,,67.0,677.0,,,,,,,9.75,-0.002047,100000.0,1.0,9.77,975000.0,FYR,6.0,,,,,1,10.0,10.0,7.0,,,,,,3.0,1.0,,,,,,2.0,4.0,3.0,1.0,,,,5.0,10.0,,,10.0,9.0,,,,7.0,,4.0,3.0,4.0,5.0,10.0,,,5.0,6.0,10.0,,3.0,10,10.0,10,10
2009-07-02,92546,,11,2,6770.0,80306T10,FYR,SAPPHIRE INDUSTRIALS CORP,FYR,,A,A,R,52937,2,6770.0,,,,67.0,677.0,,,,,,,9.76,0.001026,100000.0,1.0,9.76,976000.0,FYR,6.0,,,,,1,10.0,10.0,7.0,,,,,,3.0,1.0,,,,,,2.0,4.0,3.0,1.0,,,,5.0,10.0,,,10.0,9.0,,,,7.0,,4.0,3.0,4.0,5.0,10.0,,,5.0,6.0,10.0,,3.0,10,10.0,10,10
2009-07-06,92546,,11,2,6770.0,80306T10,FYR,SAPPHIRE INDUSTRIALS CORP,FYR,,A,A,R,52937,2,6770.0,,,,67.0,677.0,,,,,,,9.73,-0.003074,100000.0,1.0,9.75,973000.0,FYR,6.0,,,,,1,10.0,10.0,7.0,,,,,,3.0,1.0,,,,,,2.0,4.0,3.0,1.0,,,,5.0,10.0,,,10.0,9.0,,,,7.0,,4.0,3.0,4.0,5.0,10.0,,,5.0,6.0,10.0,,3.0,10,10.0,10,10
2009-07-07,92546,,11,2,6770.0,80306T10,FYR,SAPPHIRE INDUSTRIALS CORP,FYR,,A,A,R,52937,2,6770.0,,,,67.0,677.0,,,,,,,9.79,0.006167,100000.0,1.0,9.76,979000.0,FYR,6.0,,,,,1,10.0,10.0,7.0,,,,,,3.0,1.0,,,,,,2.0,4.0,3.0,1.0,,,,5.0,10.0,,,10.0,9.0,,,,7.0,,4.0,3.0,4.0,5.0,10.0,,,5.0,6.0,10.0,,3.0,10,10.0,10,10
2009-07-08,92546,,11,2,6770.0,80306T10,FYR,SAPPHIRE INDUSTRIALS CORP,FYR,,A,A,R,52937,2,6770.0,,,,67.0,677.0,,,,,,,9.79,0.0,100000.0,1.0,9.79,979000.0,FYR,6.0,,,,,1,10.0,10.0,7.0,,,,,,3.0,1.0,,,,,,2.0,4.0,3.0,1.0,,,,5.0,10.0,,,10.0,9.0,,,,7.0,,4.0,3.0,4.0,5.0,10.0,,,5.0,6.0,10.0,,3.0,10,10.0,10,10
2009-07-09,92546,,11,2,6770.0,80306T10,FYR,SAPPHIRE INDUSTRIALS CORP,FYR,,A,A,R,52937,2,6770.0,,,,67.0,677.0,,,,,,,9.79,0.0,100000.0,1.0,9.79,979000.0,FYR,6.0,,,,,1,10.0,10.0,7.0,,,,,,3.0,1.0,,,,,,2.0,4.0,3.0,1.0,,,,5.0,10.0,,,10.0,9.0,,,,7.0,,4.0,3.0,4.0,5.0,10.0,,,5.0,6.0,10.0,,3.0,10,10.0,10,10
2009-07-10,92546,,11,2,6770.0,80306T10,FYR,SAPPHIRE INDUSTRIALS CORP,FYR,,A,A,R,52937,2,6770.0,,,,67.0,677.0,,,,,,,9.798,0.000817,100000.0,1.0,9.78,979800.0,FYR,6.0,,,,,1,10.0,10.0,7.0,,,,,,3.0,1.0,,,,,,2.0,4.0,3.0,1.0,,,,5.0,10.0,,,10.0,9.0,,,,7.0,,4.0,3.0,4.0,5.0,10.0,,,5.0,6.0,10.0,,3.0,10,10.0,10,10
2009-07-13,92546,,11,2,6770.0,80306T10,FYR,SAPPHIRE INDUSTRIALS CORP,FYR,,A,A,R,52937,2,6770.0,,,,67.0,677.0,,,,,,,9.8,0.000204,100000.0,1.0,9.77,980000.0,FYR,6.0,,,,,1,10.0,10.0,7.0,,,,,,3.0,1.0,,,,,,2.0,4.0,3.0,1.0,,,,5.0,10.0,,,10.0,9.0,,,,7.0,,4.0,3.0,4.0,5.0,10.0,,,5.0,6.0,10.0,,3.0,10,10.0,10,10
2009-07-14,92546,,11,2,6770.0,80306T10,FYR,SAPPHIRE INDUSTRIALS CORP,FYR,,A,A,R,52937,2,6770.0,,,,67.0,677.0,,,,,,,9.77,-0.003061,100000.0,1.0,9.78,977000.0,FYR,6.0,,,,,1,10.0,10.0,7.0,,,,,,3.0,1.0,,,,,,2.0,4.0,3.0,1.0,,,,5.0,10.0,,,10.0,9.0,,,,7.0,,4.0,3.0,4.0,5.0,10.0,,,5.0,6.0,10.0,,3.0,10,10.0,10,10
2009-07-15,92546,,11,2,6770.0,80306T10,FYR,SAPPHIRE INDUSTRIALS CORP,FYR,,A,A,R,52937,2,6770.0,,,,67.0,677.0,,,,,,,9.78,0.001023,100000.0,1.0,9.77,978000.0,FYR,6.0,,,,,1,10.0,10.0,7.0,,,,,,3.0,1.0,,,,,,2.0,4.0,3.0,1.0,,,,5.0,10.0,,,10.0,9.0,,,,7.0,,4.0,3.0,4.0,5.0,10.0,,,5.0,6.0,10.0,,3.0,10,10.0,10,10
2009-07-16,92546,,11,2,6770.0,80306T10,FYR,SAPPHIRE INDUSTRIALS CORP,FYR,,A,A,R,52937,2,6770.0,,,,67.0,677.0,,,,,,,9.78,0.0,100000.0,1.0,9.77,978000.0,FYR,6.0,,,,,1,10.0,10.0,7.0,,,,,,3.0,1.0,,,,,,2.0,4.0,3.0,1.0,,,,5.0,10.0,,,10.0,9.0,,,,7.0,,4.0,3.0,4.0,5.0,10.0,,,5.0,6.0,10.0,,3.0,10,10.0,10,10
2009-07-17,92546,,11,2,6770.0,80306T10,FYR,SAPPHIRE INDUSTRIALS CORP,FYR,,A,A,R,52937,2,6770.0,,,,67.0,677.0,,,,,,,9.79,0.001023,100000.0,1.0,9.79,979000.0,FYR,6.0,,,,,1,10.0,10.0,7.0,,,,,,3.0,1.0,,,,,,2.0,4.0,3.0,1.0,,,,5.0,10.0,,,10.0,9.0,,,,7.0,,4.0,3.0,4.0,5.0,10.0,,,5.0,6.0,10.0,,3.0,10,10.0,10,10
2009-07-20,92546,,11,2,6770.0,80306T10,FYR,SAPPHIRE INDUSTRIALS CORP,FYR,,A,A,R,52937,2,6770.0,,,,67.0,677.0,,,,,,,9.78,-0.001021,100000.0,1.0,9.8,978000.0,FYR,6.0,,,,,1,10.0,10.0,7.0,,,,,,3.0,1.0,,,,,,2.0,4.0,3.0,1.0,,,,5.0,10.0,,,10.0,9.0,,,,7.0,,4.0,3.0,4.0,5.0,10.0,,,5.0,6.0,10.0,,3.0,10,10.0,10,10
2009-07-21,92546,,11,2,6770.0,80306T10,FYR,SAPPHIRE INDUSTRIALS CORP,FYR,,A,A,R,52937,2,6770.0,,,,67.0,677.0,,,,,,,9.78,0.0,100000.0,1.0,9.8,978000.0,FYR,6.0,,,,,1,10.0,10.0,7.0,,,,,,3.0,1.0,,,,,,2.0,4.0,3.0,1.0,,,,5.0,10.0,,,10.0,9.0,,,,7.0,,4.0,3.0,4.0,5.0,10.0,,,5.0,6.0,10.0,,3.0,10,10.0,10,10
2009-07-22,92546,,11,2,6770.0,80306T10,FYR,SAPPHIRE INDUSTRIALS CORP,FYR,,A,A,R,52937,2,6770.0,,,,67.0,677.0,,,,,,,9.78,0.0,100000.0,1.0,9.8,978000.0,FYR,6.0,,,,,1,10.0,10.0,7.0,,,,,,3.0,1.0,,,,,,2.0,4.0,3.0,1.0,,,,5.0,10.0,,,10.0,9.0,,,,7.0,,4.0,3.0,4.0,5.0,10.0,,,5.0,6.0,10.0,,3.0,10,10.0,10,10
2009-07-23,92546,,11,2,6770.0,80306T10,FYR,SAPPHIRE INDUSTRIALS CORP,FYR,,A,A,R,52937,2,6770.0,,,,67.0,677.0,,,,,,,9.8,0.002045,100000.0,1.0,9.79,980000.0,FYR,6.0,,,,,1,10.0,10.0,7.0,,,,,,3.0,1.0,,,,,,2.0,4.0,3.0,1.0,,,,5.0,10.0,,,10.0,9.0,,,,7.0,,4.0,3.0,4.0,5.0,10.0,,,5.0,6.0,10.0,,3.0,10,10.0,10,10
2009-07-24,92546,,11,2,6770.0,80306T10,FYR,SAPPHIRE INDUSTRIALS CORP,FYR,,A,A,R,52937,2,6770.0,,,,67.0,677.0,,,,,,,9.8,0.0,100000.0,1.0,9.79,980000.0,FYR,6.0,,,,,1,10.0,10.0,7.0,,,,,,3.0,1.0,,,,,,2.0,4.0,3.0,1.0,,,,5.0,10.0,,,10.0,9.0,,,,7.0,,4.0,3.0,4.0,5.0,10.0,,,5.0,6.0,10.0,,3.0,10,10.0,10,10
2009-07-27,92546,,11,2,6770.0,80306T10,FYR,SAPPHIRE INDUSTRIALS CORP,FYR,,A,A,R,52937,2,6770.0,,,,67.0,677.0,,,,,,,9.81,0.00102,100000.0,1.0,9.83,981000.0,FYR,6.0,,,,,1,10.0,10.0,7.0,,,,,,3.0,1.0,,,,,,2.0,4.0,3.0,1.0,,,,5.0,10.0,,,10.0,9.0,,,,7.0,,4.0,3.0,4.0,5.0,10.0,,,5.0,6.0,10.0,,3.0,10,10.0,10,10
2009-07-28,92546,,11,2,6770.0,80306T10,FYR,SAPPHIRE INDUSTRIALS CORP,FYR,,A,A,R,52937,2,6770.0,,,,67.0,677.0,,,,,,,-9.84,0.003058,100000.0,1.0,,-984000.0,FYR,6.0,,,,,1,10.0,10.0,7.0,,,,,,3.0,1.0,,,,,,2.0,4.0,3.0,1.0,,,,5.0,10.0,,,10.0,9.0,,,,7.0,,4.0,3.0,4.0,5.0,10.0,,,5.0,6.0,10.0,,3.0,10,10.0,10,10
2009-07-29,92546,,11,2,6770.0,80306T10,FYR,SAPPHIRE INDUSTRIALS CORP,FYR,,A,A,R,52937,2,6770.0,,,,67.0,677.0,,,,,,,-9.83,-0.001016,100000.0,1.0,,-983000.0,FYR,6.0,,,,,1,10.0,10.0,7.0,,,,,,3.0,1.0,,,,,,2.0,4.0,3.0,1.0,,,,5.0,10.0,,,10.0,9.0,,,,7.0,,4.0,3.0,4.0,5.0,10.0,,,5.0,6.0,10.0,,3.0,10,10.0,10,10
2009-07-30,92546,,11,2,6770.0,80306T10,FYR,SAPPHIRE INDUSTRIALS CORP,FYR,,A,A,R,52937,2,6770.0,,,,67.0,677.0,,,,,,,9.83,0.0,100000.0,1.0,9.84,983000.0,FYR,6.0,,,,,1,10.0,10.0,7.0,,,,,,3.0,1.0,,,,,,2.0,4.0,3.0,1.0,,,,5.0,10.0,,,10.0,9.0,,,,7.0,,4.0,3.0,4.0,5.0,10.0,,,5.0,6.0,10.0,,3.0,10,10.0,10,10
2009-07-31,92546,,11,2,6770.0,80306T10,FYR,SAPPHIRE INDUSTRIALS CORP,FYR,,A,A,R,52937,2,6770.0,,,,67.0,677.0,,,,,,,9.84,0.001017,100000.0,1.0,9.97,984000.0,FYR,6.0,,,,,1,10.0,10.0,7.0,,,,,,3.0,1.0,,,,,,2.0,4.0,3.0,1.0,,,,5.0,10.0,,,10.0,9.0,,,,7.0,,4.0,3.0,4.0,5.0,10.0,,,5.0,6.0,10.0,,3.0,10,10.0,10,10
2009-08-03,92546,,11,2,6770.0,80306T10,FYR,SAPPHIRE INDUSTRIALS CORP,FYR,,A,A,R,52937,2,6770.0,,,,67.0,677.0,,,,,,,9.81,-0.003049,100000.0,1.0,9.96,981000.0,FYR,6.0,,,,,1,10.0,10.0,7.0,,,,,,3.0,1.0,,,,,,2.0,4.0,3.0,1.0,,,,5.0,10.0,,,10.0,10.0,3.0,,,7.0,,3.0,3.0,3.0,9.0,10.0,,,8.0,8.0,10.0,,3.0,10,10.0,10,10
2009-08-04,92546,,11,2,6770.0,80306T10,FYR,SAPPHIRE INDUSTRIALS CORP,FYR,,A,A,R,52937,2,6770.0,,,,67.0,677.0,,,,,,,9.81,0.0,100000.0,1.0,9.81,981000.0,FYR,6.0,,,,,1,10.0,10.0,7.0,,,,,,3.0,1.0,,,,,,2.0,4.0,3.0,1.0,,,,5.0,10.0,,,10.0,10.0,3.0,,,7.0,,3.0,3.0,3.0,9.0,10.0,,,8.0,8.0,10.0,,3.0,10,10.0,10,10
2009-08-05,92546,,11,2,6770.0,80306T10,FYR,SAPPHIRE INDUSTRIALS CORP,FYR,,A,A,R,52937,2,6770.0,,,,67.0,677.0,,,,,,,9.84,0.003058,100000.0,1.0,9.81,984000.0,FYR,6.0,,,,,1,10.0,10.0,7.0,,,,,,3.0,1.0,,,,,,2.0,4.0,3.0,1.0,,,,5.0,10.0,,,10.0,10.0,3.0,,,7.0,,3.0,3.0,3.0,9.0,10.0,,,8.0,8.0,10.0,,3.0,10,10.0,10,10
2009-08-06,92546,,11,2,6770.0,80306T10,FYR,SAPPHIRE INDUSTRIALS CORP,FYR,,A,A,R,52937,2,6770.0,,,,67.0,677.0,,,,,,,9.83,-0.001016,100000.0,1.0,9.83,983000.0,FYR,6.0,,,,,1,10.0,10.0,7.0,,,,,,3.0,1.0,,,,,,2.0,4.0,3.0,1.0,,,,5.0,10.0,,,10.0,10.0,3.0,,,7.0,,3.0,3.0,3.0,9.0,10.0,,,8.0,8.0,10.0,,3.0,10,10.0,10,10
2009-08-07,92546,,11,2,6770.0,80306T10,FYR,SAPPHIRE INDUSTRIALS CORP,FYR,,A,A,R,52937,2,6770.0,,,,67.0,677.0,,,,,,,9.89,0.006104,100000.0,1.0,9.86,989000.0,FYR,6.0,,,,,1,10.0,10.0,7.0,,,,,,3.0,1.0,,,,,,2.0,4.0,3.0,1.0,,,,5.0,10.0,,,10.0,10.0,3.0,,,7.0,,3.0,3.0,3.0,9.0,10.0,,,8.0,8.0,10.0,,3.0,10,10.0,10,10
2009-08-10,92546,,11,2,6770.0,80306T10,FYR,SAPPHIRE INDUSTRIALS CORP,FYR,,A,A,R,52937,2,6770.0,,,,67.0,677.0,,,,,,,9.88,-0.001011,100000.0,1.0,9.89,988000.0,FYR,6.0,,,,,1,10.0,10.0,7.0,,,,,,3.0,1.0,,,,,,2.0,4.0,3.0,1.0,,,,5.0,10.0,,,10.0,10.0,3.0,,,7.0,,3.0,3.0,3.0,9.0,10.0,,,8.0,8.0,10.0,,3.0,10,10.0,10,10
2009-08-11,92546,,11,2,6770.0,80306T10,FYR,SAPPHIRE INDUSTRIALS CORP,FYR,,A,A,R,52937,2,6770.0,,,,67.0,677.0,,,,,,,9.83,-0.005061,100000.0,1.0,9.88,983000.0,FYR,6.0,,,,,1,10.0,10.0,7.0,,,,,,3.0,1.0,,,,,,2.0,4.0,3.0,1.0,,,,5.0,10.0,,,10.0,10.0,3.0,,,7.0,,3.0,3.0,3.0,9.0,10.0,,,8.0,8.0,10.0,,3.0,10,10.0,10,10
2009-08-12,92546,,11,2,6770.0,80306T10,FYR,SAPPHIRE INDUSTRIALS CORP,FYR,,A,A,R,52937,2,6770.0,,,,67.0,677.0,,,,,,,9.87,0.004069,100000.0,1.0,9.84,987000.0,FYR,6.0,,,,,1,10.0,10.0,7.0,,,,,,3.0,1.0,,,,,,2.0,4.0,3.0,1.0,,,,5.0,10.0,,,10.0,10.0,3.0,,,7.0,,3.0,3.0,3.0,9.0,10.0,,,8.0,8.0,10.0,,3.0,10,10.0,10,10
2009-08-13,92546,,11,2,6770.0,80306T10,FYR,SAPPHIRE INDUSTRIALS CORP,FYR,,A,A,R,52937,2,6770.0,,,,67.0,677.0,,,,,,,9.86,-0.001013,100000.0,1.0,9.83,986000.0,FYR,6.0,,,,,1,10.0,10.0,7.0,,,,,,3.0,1.0,,,,,,2.0,4.0,3.0,1.0,,,,5.0,10.0,,,10.0,10.0,3.0,,,7.0,,3.0,3.0,3.0,9.0,10.0,,,8.0,8.0,10.0,,3.0,10,10.0,10,10
2009-08-14,92546,,11,2,6770.0,80306T10,FYR,SAPPHIRE INDUSTRIALS CORP,FYR,,A,A,R,52937,2,6770.0,,,,67.0,677.0,,,,,,,9.84,-0.002028,100000.0,1.0,9.88,984000.0,FYR,6.0,,,,,1,10.0,10.0,7.0,,,,,,3.0,1.0,,,,,,2.0,4.0,3.0,1.0,,,,5.0,10.0,,,10.0,10.0,3.0,,,7.0,,3.0,3.0,3.0,9.0,10.0,,,8.0,8.0,10.0,,3.0,10,10.0,10,10
2009-08-17,92546,,11,2,6770.0,80306T10,FYR,SAPPHIRE INDUSTRIALS CORP,FYR,,A,A,R,52937,2,6770.0,,,,67.0,677.0,,,,,,,9.87,0.003049,100000.0,1.0,9.851,987000.0,FYR,6.0,,,,,1,10.0,10.0,7.0,,,,,,3.0,1.0,,,,,,2.0,4.0,3.0,1.0,,,,5.0,10.0,,,10.0,10.0,3.0,,,7.0,,3.0,3.0,3.0,9.0,10.0,,,8.0,8.0,10.0,,3.0,10,10.0,10,10
2009-08-18,92546,,11,2,6770.0,80306T10,FYR,SAPPHIRE INDUSTRIALS CORP,FYR,,A,A,R,52937,2,6770.0,,,,67.0,677.0,,,,,,,9.87,0.0,100000.0,1.0,9.86,987000.0,FYR,6.0,,,,,1,10.0,10.0,7.0,,,,,,3.0,1.0,,,,,,2.0,4.0,3.0,1.0,,,,5.0,10.0,,,10.0,10.0,3.0,,,7.0,,3.0,3.0,3.0,9.0,10.0,,,8.0,8.0,10.0,,3.0,10,10.0,10,10
2009-08-19,92546,,11,2,6770.0,80306T10,FYR,SAPPHIRE INDUSTRIALS CORP,FYR,,A,A,R,52937,2,6770.0,,,,67.0,677.0,,,,,,,9.88,0.001013,100000.0,1.0,9.88,988000.0,FYR,6.0,,,,,1,10.0,10.0,7.0,,,,,,3.0,1.0,,,,,,2.0,4.0,3.0,1.0,,,,5.0,10.0,,,10.0,10.0,3.0,,,7.0,,3.0,3.0,3.0,9.0,10.0,,,8.0,8.0,10.0,,3.0,10,10.0,10,10
2009-08-20,92546,,11,2,6770.0,80306T10,FYR,SAPPHIRE INDUSTRIALS CORP,FYR,,A,A,R,52937,2,6770.0,,,,67.0,677.0,,,,,,,9.88,0.0,100000.0,1.0,9.88,988000.0,FYR,6.0,,,,,1,10.0,10.0,7.0,,,,,,3.0,1.0,,,,,,2.0,4.0,3.0,1.0,,,,5.0,10.0,,,10.0,10.0,3.0,,,7.0,,3.0,3.0,3.0,9.0,10.0,,,8.0,8.0,10.0,,3.0,10,10.0,10,10
2009-08-21,92546,,11,2,6770.0,80306T10,FYR,SAPPHIRE INDUSTRIALS CORP,FYR,,A,A,R,52937,2,6770.0,,,,67.0,677.0,,,,,,,9.89,0.001012,100000.0,1.0,9.88,989000.0,FYR,6.0,,,,,1,10.0,10.0,7.0,,,,,,3.0,1.0,,,,,,2.0,4.0,3.0,1.0,,,,5.0,10.0,,,10.0,10.0,3.0,,,7.0,,3.0,3.0,3.0,9.0,10.0,,,8.0,8.0,10.0,,3.0,10,10.0,10,10
2009-08-24,92546,,11,2,6770.0,80306T10,FYR,SAPPHIRE INDUSTRIALS CORP,FYR,,A,A,R,52937,2,6770.0,,,,67.0,677.0,,,,,,,-9.9,0.001011,100000.0,1.0,,-990000.0,FYR,6.0,,,,,1,10.0,10.0,7.0,,,,,,3.0,1.0,,,,,,2.0,4.0,3.0,1.0,,,,5.0,10.0,,,10.0,10.0,3.0,,,7.0,,3.0,3.0,3.0,9.0,10.0,,,8.0,8.0,10.0,,3.0,10,10.0,10,10
2009-08-25,92546,,11,2,6770.0,80306T10,FYR,SAPPHIRE INDUSTRIALS CORP,FYR,,A,A,R,52937,2,6770.0,,,,67.0,677.0,,,,,,,9.9,0.0,100000.0,1.0,9.9,990000.0,FYR,6.0,,,,,1,10.0,10.0,7.0,,,,,,3.0,1.0,,,,,,2.0,4.0,3.0,1.0,,,,5.0,10.0,,,10.0,10.0,3.0,,,7.0,,3.0,3.0,3.0,9.0,10.0,,,8.0,8.0,10.0,,3.0,10,10.0,10,10
2009-08-26,92546,,11,2,6770.0,80306T10,FYR,SAPPHIRE INDUSTRIALS CORP,FYR,,A,A,R,52937,2,6770.0,,,,67.0,677.0,,,,,,,9.91,0.00101,100000.0,1.0,9.91,991000.0,FYR,6.0,,,,,1,10.0,10.0,7.0,,,,,,3.0,1.0,,,,,,2.0,4.0,3.0,1.0,,,,5.0,10.0,,,10.0,10.0,3.0,,,7.0,,3.0,3.0,3.0,9.0,10.0,,,8.0,8.0,10.0,,3.0,10,10.0,10,10
2009-08-27,92546,,11,2,6770.0,80306T10,FYR,SAPPHIRE INDUSTRIALS CORP,FYR,,A,A,R,52937,2,6770.0,,,,67.0,677.0,,,,,,,9.9,-0.001009,100000.0,1.0,9.88,990000.0,FYR,6.0,,,,,1,10.0,10.0,7.0,,,,,,3.0,1.0,,,,,,2.0,4.0,3.0,1.0,,,,5.0,10.0,,,10.0,10.0,3.0,,,7.0,,3.0,3.0,3.0,9.0,10.0,,,8.0,8.0,10.0,,3.0,10,10.0,10,10
2009-08-28,92546,,11,2,6770.0,80306T10,FYR,SAPPHIRE INDUSTRIALS CORP,FYR,,A,A,R,52937,2,6770.0,,,,67.0,677.0,,,,,,,9.9,0.0,100000.0,1.0,9.88,990000.0,FYR,6.0,,,,,1,10.0,10.0,7.0,,,,,,3.0,1.0,,,,,,2.0,4.0,3.0,1.0,,,,5.0,10.0,,,10.0,10.0,3.0,,,7.0,,3.0,3.0,3.0,9.0,10.0,,,8.0,8.0,10.0,,3.0,10,10.0,10,10
2009-08-31,92546,,11,2,6770.0,80306T10,FYR,SAPPHIRE INDUSTRIALS CORP,FYR,,A,A,R,52937,2,6770.0,,,,67.0,677.0,,,,,,,9.88,-0.00202,100000.0,1.0,9.88,988000.0,FYR,6.0,,,,,1,10.0,10.0,7.0,,,,,,3.0,1.0,,,,,,2.0,4.0,3.0,1.0,,,,5.0,10.0,,,10.0,10.0,3.0,,,7.0,,3.0,3.0,3.0,9.0,10.0,,,8.0,8.0,10.0,,3.0,10,10.0,10,10
2009-09-01,92546,,11,2,6770.0,80306T10,FYR,SAPPHIRE INDUSTRIALS CORP,FYR,,A,A,R,52937,2,6770.0,,,,67.0,677.0,,,,,,,9.91,0.003036,100000.0,1.0,9.88,991000.0,FYR,6.0,,,,,1,10.0,10.0,7.0,,,,,,3.0,1.0,,,,,,2.0,4.0,3.0,1.0,,,,3.0,8.0,,,10.0,9.0,4.0,,,7.0,,3.0,3.0,3.0,7.0,10.0,,,7.0,7.0,9.0,,3.0,10,10.0,10,10
2009-09-02,92546,,11,2,6770.0,80306T10,FYR,SAPPHIRE INDUSTRIALS CORP,FYR,,A,A,R,52937,2,6770.0,,,,67.0,677.0,,,,,,,9.9,-0.001009,100000.0,1.0,9.9,990000.0,FYR,6.0,,,,,1,10.0,10.0,7.0,,,,,,3.0,1.0,,,,,,2.0,4.0,3.0,1.0,,,,3.0,8.0,,,10.0,9.0,4.0,,,7.0,,3.0,3.0,3.0,7.0,10.0,,,7.0,7.0,9.0,,3.0,10,10.0,10,10
2009-09-03,92546,,11,2,6770.0,80306T10,FYR,SAPPHIRE INDUSTRIALS CORP,FYR,,A,A,R,52937,2,6770.0,,,,67.0,677.0,,,,,,,9.8826,-0.001758,100000.0,1.0,9.8801,988260.0,FYR,6.0,,,,,1,10.0,10.0,7.0,,,,,,3.0,1.0,,,,,,2.0,4.0,3.0,1.0,,,,3.0,8.0,,,10.0,9.0,4.0,,,7.0,,3.0,3.0,3.0,7.0,10.0,,,7.0,7.0,9.0,,3.0,10,10.0,10,10
2009-09-04,92546,,11,2,6770.0,80306T10,FYR,SAPPHIRE INDUSTRIALS CORP,FYR,,A,A,R,52937,2,6770.0,,,,67.0,677.0,,,,,,,9.91,0.002773,100000.0,1.0,9.91,991000.0,FYR,6.0,,,,,1,10.0,10.0,7.0,,,,,,3.0,1.0,,,,,,2.0,4.0,3.0,1.0,,,,3.0,8.0,,,10.0,9.0,4.0,,,7.0,,3.0,3.0,3.0,7.0,10.0,,,7.0,7.0,9.0,,3.0,10,10.0,10,10
2009-09-08,92546,,11,2,6770.0,80306T10,FYR,SAPPHIRE INDUSTRIALS CORP,FYR,,A,A,R,52937,2,6770.0,,,,67.0,677.0,,,,,,,9.91,0.0,100000.0,1.0,9.91,991000.0,FYR,6.0,,,,,1,10.0,10.0,7.0,,,,,,3.0,1.0,,,,,,2.0,4.0,3.0,1.0,,,,3.0,8.0,,,10.0,9.0,4.0,,,7.0,,3.0,3.0,3.0,7.0,10.0,,,7.0,7.0,9.0,,3.0,10,10.0,10,10
2009-09-09,92546,,11,2,6770.0,80306T10,FYR,SAPPHIRE INDUSTRIALS CORP,FYR,,A,A,R,52937,2,6770.0,,,,67.0,677.0,,,,,,,9.88,-0.003027,100000.0,1.0,9.9,988000.0,FYR,6.0,,,,,1,10.0,10.0,7.0,,,,,,3.0,1.0,,,,,,2.0,4.0,3.0,1.0,,,,3.0,8.0,,,10.0,9.0,4.0,,,7.0,,3.0,3.0,3.0,7.0,10.0,,,7.0,7.0,9.0,,3.0,10,10.0,10,10
2009-09-10,92546,,11,2,6770.0,80306T10,FYR,SAPPHIRE INDUSTRIALS CORP,FYR,,A,A,R,52937,2,6770.0,,,,67.0,677.0,,,,,,,-9.895,0.001518,100000.0,1.0,,-989500.0,FYR,6.0,,,,,1,10.0,10.0,7.0,,,,,,3.0,1.0,,,,,,2.0,4.0,3.0,1.0,,,,3.0,8.0,,,10.0,9.0,4.0,,,7.0,,3.0,3.0,3.0,7.0,10.0,,,7.0,7.0,9.0,,3.0,10,10.0,10,10
2009-09-11,92546,,11,2,6770.0,80306T10,FYR,SAPPHIRE INDUSTRIALS CORP,FYR,,A,A,R,52937,2,6770.0,,,,67.0,677.0,,,,,,,9.91,0.001516,100000.0,1.0,9.899,991000.0,FYR,6.0,,,,,1,10.0,10.0,7.0,,,,,,3.0,1.0,,,,,,2.0,4.0,3.0,1.0,,,,3.0,8.0,,,10.0,9.0,4.0,,,7.0,,3.0,3.0,3.0,7.0,10.0,,,7.0,7.0,9.0,,3.0,10,10.0,10,10
2009-09-14,92546,,11,2,6770.0,80306T10,FYR,SAPPHIRE INDUSTRIALS CORP,FYR,,A,A,R,52937,2,6770.0,,,,67.0,677.0,,,,,,,9.95,0.004036,100000.0,1.0,9.94,995000.0,FYR,6.0,,,,,1,10.0,10.0,7.0,,,,,,3.0,1.0,,,,,,2.0,4.0,3.0,1.0,,,,3.0,8.0,,,10.0,9.0,4.0,,,7.0,,3.0,3.0,3.0,7.0,10.0,,,7.0,7.0,9.0,,3.0,10,10.0,10,10
2009-09-15,92546,,11,2,6770.0,80306T10,FYR,SAPPHIRE INDUSTRIALS CORP,FYR,,A,A,R,52937,2,6770.0,,,,67.0,677.0,,,,,,,9.95,0.0,100000.0,1.0,9.92,995000.0,FYR,6.0,,,,,1,10.0,10.0,7.0,,,,,,3.0,1.0,,,,,,2.0,4.0,3.0,1.0,,,,3.0,8.0,,,10.0,9.0,4.0,,,7.0,,3.0,3.0,3.0,7.0,10.0,,,7.0,7.0,9.0,,3.0,10,10.0,10,10
2009-09-16,92546,,11,2,6770.0,80306T10,FYR,SAPPHIRE INDUSTRIALS CORP,FYR,,A,A,R,52937,2,6770.0,,,,67.0,677.0,,,,,,,9.94,-0.001005,100000.0,1.0,9.93,994000.0,FYR,6.0,,,,,1,10.0,10.0,7.0,,,,,,3.0,1.0,,,,,,2.0,4.0,3.0,1.0,,,,3.0,8.0,,,10.0,9.0,4.0,,,7.0,,3.0,3.0,3.0,7.0,10.0,,,7.0,7.0,9.0,,3.0,10,10.0,10,10
2009-09-17,92546,,11,2,6770.0,80306T10,FYR,SAPPHIRE INDUSTRIALS CORP,FYR,,A,A,R,52937,2,6770.0,,,,67.0,677.0,,,,,,,9.95,0.001006,100000.0,1.0,9.95,995000.0,FYR,6.0,,,,,1,10.0,10.0,7.0,,,,,,3.0,1.0,,,,,,2.0,4.0,3.0,1.0,,,,3.0,8.0,,,10.0,9.0,4.0,,,7.0,,3.0,3.0,3.0,7.0,10.0,,,7.0,7.0,9.0,,3.0,10,10.0,10,10
2009-09-18,92546,,11,2,6770.0,80306T10,FYR,SAPPHIRE INDUSTRIALS CORP,FYR,,A,A,R,52937,2,6770.0,,,,67.0,677.0,,,,,,,9.95,0.0,100000.0,1.0,9.95,995000.0,FYR,6.0,,,,,1,10.0,10.0,7.0,,,,,,3.0,1.0,,,,,,2.0,4.0,3.0,1.0,,,,3.0,8.0,,,10.0,9.0,4.0,,,7.0,,3.0,3.0,3.0,7.0,10.0,,,7.0,7.0,9.0,,3.0,10,10.0,10,10
2009-09-21,92546,,11,2,6770.0,80306T10,FYR,SAPPHIRE INDUSTRIALS CORP,FYR,,A,A,R,52937,2,6770.0,,,,67.0,677.0,,,,,,,9.92,-0.003015,100000.0,1.0,9.95,992000.0,FYR,6.0,,,,,1,10.0,10.0,7.0,,,,,,3.0,1.0,,,,,,2.0,4.0,3.0,1.0,,,,3.0,8.0,,,10.0,9.0,4.0,,,7.0,,3.0,3.0,3.0,7.0,10.0,,,7.0,7.0,9.0,,3.0,10,10.0,10,10
2009-09-22,92546,,11,2,6770.0,80306T10,FYR,SAPPHIRE INDUSTRIALS CORP,FYR,,A,A,R,52937,2,6770.0,,,,67.0,677.0,,,,,,,9.94,0.002016,100000.0,1.0,9.93,994000.0,FYR,6.0,,,,,1,10.0,10.0,7.0,,,,,,3.0,1.0,,,,,,2.0,4.0,3.0,1.0,,,,3.0,8.0,,,10.0,9.0,4.0,,,7.0,,3.0,3.0,3.0,7.0,10.0,,,7.0,7.0,9.0,,3.0,10,10.0,10,10
2009-09-23,92546,,11,2,6770.0,80306T10,FYR,SAPPHIRE INDUSTRIALS CORP,FYR,,A,A,R,52937,2,6770.0,,,,67.0,677.0,,,,,,,9.95,0.001006,100000.0,1.0,9.94,995000.0,FYR,6.0,,,,,1,10.0,10.0,7.0,,,,,,3.0,1.0,,,,,,2.0,4.0,3.0,1.0,,,,3.0,8.0,,,10.0,9.0,4.0,,,7.0,,3.0,3.0,3.0,7.0,10.0,,,7.0,7.0,9.0,,3.0,10,10.0,10,10
2009-09-24,92546,,11,2,6770.0,80306T10,FYR,SAPPHIRE INDUSTRIALS CORP,FYR,,A,A,R,52937,2,6770.0,,,,67.0,677.0,,,,,,,9.93,-0.00201,100000.0,1.0,9.93,993000.0,FYR,6.0,,,,,1,10.0,10.0,7.0,,,,,,3.0,1.0,,,,,,2.0,4.0,3.0,1.0,,,,3.0,8.0,,,10.0,9.0,4.0,,,7.0,,3.0,3.0,3.0,7.0,10.0,,,7.0,7.0,9.0,,3.0,10,10.0,10,10
2009-09-25,92546,,11,2,6770.0,80306T10,FYR,SAPPHIRE INDUSTRIALS CORP,FYR,,A,A,R,52937,2,6770.0,,,,67.0,677.0,,,,,,,9.94,0.001007,100000.0,1.0,9.93,994000.0,FYR,6.0,,,,,1,10.0,10.0,7.0,,,,,,3.0,1.0,,,,,,2.0,4.0,3.0,1.0,,,,3.0,8.0,,,10.0,9.0,4.0,,,7.0,,3.0,3.0,3.0,7.0,10.0,,,7.0,7.0,9.0,,3.0,10,10.0,10,10
2009-09-28,92546,,11,2,6770.0,80306T10,FYR,SAPPHIRE INDUSTRIALS CORP,FYR,,A,A,R,52937,2,6770.0,,,,67.0,677.0,,,,,,,9.95,0.001006,100000.0,1.0,9.94,995000.0,FYR,6.0,,,,,1,10.0,10.0,7.0,,,,,,3.0,1.0,,,,,,2.0,4.0,3.0,1.0,,,,3.0,8.0,,,10.0,9.0,4.0,,,7.0,,3.0,3.0,3.0,7.0,10.0,,,7.0,7.0,9.0,,3.0,10,10.0,10,10
2009-09-29,92546,,11,2,6770.0,80306T10,FYR,SAPPHIRE INDUSTRIALS CORP,FYR,,A,A,R,52937,2,6770.0,,,,67.0,677.0,,,,,,,9.94,-0.001005,100000.0,1.0,9.94,994000.0,FYR,6.0,,,,,1,10.0,10.0,7.0,,,,,,3.0,1.0,,,,,,2.0,4.0,3.0,1.0,,,,3.0,8.0,,,10.0,9.0,4.0,,,7.0,,3.0,3.0,3.0,7.0,10.0,,,7.0,7.0,9.0,,3.0,10,10.0,10,10
2009-09-30,92546,,11,2,6770.0,80306T10,FYR,SAPPHIRE INDUSTRIALS CORP,FYR,,A,A,R,52937,2,6770.0,,,,67.0,677.0,,,,,,,9.92,-0.002012,100000.0,1.0,9.92,992000.0,FYR,6.0,,,,,1,10.0,10.0,7.0,,,,,,3.0,1.0,,,,,,2.0,4.0,3.0,1.0,,,,3.0,8.0,,,10.0,9.0,4.0,,,7.0,,3.0,3.0,3.0,7.0,10.0,,,7.0,7.0,9.0,,3.0,10,10.0,10,10
2009-10-01,92546,,11,2,6770.0,80306T10,FYR,SAPPHIRE INDUSTRIALS CORP,FYR,,A,A,R,52937,2,6770.0,,,,67.0,677.0,,,,,,,9.94,0.002016,100000.0,1.0,9.94,994000.0,FYR,6.0,,,,,1,10.0,10.0,7.0,,,,,,3.0,1.0,,,,,,2.0,4.0,3.0,1.0,,,,1.0,7.0,,,10.0,9.0,5.0,,,7.0,,3.0,3.0,3.0,8.0,10.0,,,9.0,10.0,10.0,,3.0,10,10.0,10,10
2009-10-02,92546,,11,2,6770.0,80306T10,FYR,SAPPHIRE INDUSTRIALS CORP,FYR,,A,A,R,52937,2,6770.0,,,,67.0,677.0,,,,,,,9.93,-0.001006,100000.0,1.0,9.94,993000.0,FYR,6.0,,,,,1,10.0,10.0,7.0,,,,,,3.0,1.0,,,,,,2.0,4.0,3.0,1.0,,,,1.0,7.0,,,10.0,9.0,5.0,,,7.0,,3.0,3.0,3.0,8.0,10.0,,,9.0,10.0,10.0,,3.0,10,10.0,10,10
2009-10-05,92546,,11,2,6770.0,80306T10,FYR,SAPPHIRE INDUSTRIALS CORP,FYR,,A,A,R,52937,2,6770.0,,,,67.0,677.0,,,,,,,9.93,0.0,100000.0,1.0,9.94,993000.0,FYR,6.0,,,,,1,10.0,10.0,7.0,,,,,,3.0,1.0,,,,,,2.0,4.0,3.0,1.0,,,,1.0,7.0,,,10.0,9.0,5.0,,,7.0,,3.0,3.0,3.0,8.0,10.0,,,9.0,10.0,10.0,,3.0,10,10.0,10,10
2009-10-06,92546,,11,2,6770.0,80306T10,FYR,SAPPHIRE INDUSTRIALS CORP,FYR,,A,A,R,52937,2,6770.0,,,,67.0,677.0,,,,,,,9.92,-0.001007,100000.0,1.0,9.96,992000.0,FYR,6.0,,,,,1,10.0,10.0,7.0,,,,,,3.0,1.0,,,,,,2.0,4.0,3.0,1.0,,,,1.0,7.0,,,10.0,9.0,5.0,,,7.0,,3.0,3.0,3.0,8.0,10.0,,,9.0,10.0,10.0,,3.0,10,10.0,10,10
2009-10-07,92546,,11,2,6770.0,80306T10,FYR,SAPPHIRE INDUSTRIALS CORP,FYR,,A,A,R,52937,2,6770.0,,,,67.0,677.0,,,,,,,9.93,0.001008,100000.0,1.0,9.92,993000.0,FYR,6.0,,,,,1,10.0,10.0,7.0,,,,,,3.0,1.0,,,,,,2.0,4.0,3.0,1.0,,,,1.0,7.0,,,10.0,9.0,5.0,,,7.0,,3.0,3.0,3.0,8.0,10.0,,,9.0,10.0,10.0,,3.0,10,10.0,10,10
2009-10-08,92546,,11,2,6770.0,80306T10,FYR,SAPPHIRE INDUSTRIALS CORP,FYR,,A,A,R,52937,2,6770.0,,,,67.0,677.0,,,,,,,9.93,0.0,100000.0,1.0,9.93,993000.0,FYR,6.0,,,,,1,10.0,10.0,7.0,,,,,,3.0,1.0,,,,,,2.0,4.0,3.0,1.0,,,,1.0,7.0,,,10.0,9.0,5.0,,,7.0,,3.0,3.0,3.0,8.0,10.0,,,9.0,10.0,10.0,,3.0,10,10.0,10,10
2009-10-09,92546,,11,2,6770.0,80306T10,FYR,SAPPHIRE INDUSTRIALS CORP,FYR,,A,A,R,52937,2,6770.0,,,,67.0,677.0,,,,,,,9.95,0.002014,100000.0,1.0,9.96,995000.0,FYR,6.0,,,,,1,10.0,10.0,7.0,,,,,,3.0,1.0,,,,,,2.0,4.0,3.0,1.0,,,,1.0,7.0,,,10.0,9.0,5.0,,,7.0,,3.0,3.0,3.0,8.0,10.0,,,9.0,10.0,10.0,,3.0,10,10.0,10,10
2009-10-12,92546,,11,2,6770.0,80306T10,FYR,SAPPHIRE INDUSTRIALS CORP,FYR,,A,A,R,52937,2,6770.0,,,,67.0,677.0,,,,,,,9.93,-0.00201,100000.0,1.0,9.96,993000.0,FYR,6.0,,,,,1,10.0,10.0,7.0,,,,,,3.0,1.0,,,,,,2.0,4.0,3.0,1.0,,,,1.0,7.0,,,10.0,9.0,5.0,,,7.0,,3.0,3.0,3.0,8.0,10.0,,,9.0,10.0,10.0,,3.0,10,10.0,10,10
2009-10-13,92546,,11,2,6770.0,80306T10,FYR,SAPPHIRE INDUSTRIALS CORP,FYR,,A,A,R,52937,2,6770.0,,,,67.0,677.0,,,,,,,9.94,0.001007,100000.0,1.0,9.93,994000.0,FYR,6.0,,,,,1,10.0,10.0,7.0,,,,,,3.0,1.0,,,,,,2.0,4.0,3.0,1.0,,,,1.0,7.0,,,10.0,9.0,5.0,,,7.0,,3.0,3.0,3.0,8.0,10.0,,,9.0,10.0,10.0,,3.0,10,10.0,10,10
2009-10-14,92546,,11,2,6770.0,80306T10,FYR,SAPPHIRE INDUSTRIALS CORP,FYR,,A,A,R,52937,2,6770.0,,,,67.0,677.0,,,,,,,9.95,0.001006,100000.0,1.0,9.93,995000.0,FYR,6.0,,,,,1,10.0,10.0,7.0,,,,,,3.0,1.0,,,,,,2.0,4.0,3.0,1.0,,,,1.0,7.0,,,10.0,9.0,5.0,,,7.0,,3.0,3.0,3.0,8.0,10.0,,,9.0,10.0,10.0,,3.0,10,10.0,10,10
2009-10-15,92546,,11,2,6770.0,80306T10,FYR,SAPPHIRE INDUSTRIALS CORP,FYR,,A,A,R,52937,2,6770.0,,,,67.0,677.0,,,,,,,9.96,0.001005,100000.0,1.0,9.96,996000.0,FYR,6.0,,,,,1,10.0,10.0,7.0,,,,,,3.0,1.0,,,,,,2.0,4.0,3.0,1.0,,,,1.0,7.0,,,10.0,9.0,5.0,,,7.0,,3.0,3.0,3.0,8.0,10.0,,,9.0,10.0,10.0,,3.0,10,10.0,10,10
2009-10-16,92546,,11,2,6770.0,80306T10,FYR,SAPPHIRE INDUSTRIALS CORP,FYR,,A,A,R,52937,2,6770.0,,,,67.0,677.0,,,,,,,9.97,0.001004,100000.0,1.0,9.94,997000.0,FYR,6.0,,,,,1,10.0,10.0,7.0,,,,,,3.0,1.0,,,,,,2.0,4.0,3.0,1.0,,,,1.0,7.0,,,10.0,9.0,5.0,,,7.0,,3.0,3.0,3.0,8.0,10.0,,,9.0,10.0,10.0,,3.0,10,10.0,10,10
2009-10-19,92546,,11,2,6770.0,80306T10,FYR,SAPPHIRE INDUSTRIALS CORP,FYR,,A,A,R,52937,2,6770.0,,,,67.0,677.0,,,,,,,9.97,0.0,100000.0,1.0,9.98,997000.0,FYR,6.0,,,,,1,10.0,10.0,7.0,,,,,,3.0,1.0,,,,,,2.0,4.0,3.0,1.0,,,,1.0,7.0,,,10.0,9.0,5.0,,,7.0,,3.0,3.0,3.0,8.0,10.0,,,9.0,10.0,10.0,,3.0,10,10.0,10,10
2009-10-20,92546,,11,2,6770.0,80306T10,FYR,SAPPHIRE INDUSTRIALS CORP,FYR,,A,A,R,52937,2,6770.0,,,,67.0,677.0,,,,,,,9.97,0.0,100000.0,1.0,9.96,997000.0,FYR,6.0,,,,,1,10.0,10.0,7.0,,,,,,3.0,1.0,,,,,,2.0,4.0,3.0,1.0,,,,1.0,7.0,,,10.0,9.0,5.0,,,7.0,,3.0,3.0,3.0,8.0,10.0,,,9.0,10.0,10.0,,3.0,10,10.0,10,10
2009-10-21,92546,,11,2,6770.0,80306T10,FYR,SAPPHIRE INDUSTRIALS CORP,FYR,,A,A,R,52937,2,6770.0,,,,67.0,677.0,,,,,,,9.98,0.001003,100000.0,1.0,9.99,998000.0,FYR,6.0,,,,,1,10.0,10.0,7.0,,,,,,3.0,1.0,,,,,,2.0,4.0,3.0,1.0,,,,1.0,7.0,,,10.0,9.0,5.0,,,7.0,,3.0,3.0,3.0,8.0,10.0,,,9.0,10.0,10.0,,3.0,10,10.0,10,10
2009-10-22,92546,,11,2,6770.0,80306T10,FYR,SAPPHIRE INDUSTRIALS CORP,FYR,,A,A,R,52937,2,6770.0,,,,67.0,677.0,,,,,,,9.99,0.001002,100000.0,1.0,9.96,999000.0,FYR,6.0,,,,,1,10.0,10.0,7.0,,,,,,3.0,1.0,,,,,,2.0,4.0,3.0,1.0,,,,1.0,7.0,,,10.0,9.0,5.0,,,7.0,,3.0,3.0,3.0,8.0,10.0,,,9.0,10.0,10.0,,3.0,10,10.0,10,10
2009-10-23,92546,,11,2,6770.0,80306T10,FYR,SAPPHIRE INDUSTRIALS CORP,FYR,,A,A,R,52937,2,6770.0,,,,67.0,677.0,,,,,,,9.98,-0.001001,100000.0,1.0,9.96,998000.0,FYR,6.0,,,,,1,10.0,10.0,7.0,,,,,,3.0,1.0,,,,,,2.0,4.0,3.0,1.0,,,,1.0,7.0,,,10.0,9.0,5.0,,,7.0,,3.0,3.0,3.0,8.0,10.0,,,9.0,10.0,10.0,,3.0,10,10.0,10,10
2009-10-26,92546,,11,2,6770.0,80306T10,FYR,SAPPHIRE INDUSTRIALS CORP,FYR,,A,A,R,52937,2,6770.0,,,,67.0,677.0,,,,,,,9.98,0.0,100000.0,1.0,9.98,998000.0,FYR,6.0,,,,,1,10.0,10.0,7.0,,,,,,3.0,1.0,,,,,,2.0,4.0,3.0,1.0,,,,1.0,7.0,,,10.0,9.0,5.0,,,7.0,,3.0,3.0,3.0,8.0,10.0,,,9.0,10.0,10.0,,3.0,10,10.0,10,10
2009-10-27,92546,,11,2,6770.0,80306T10,FYR,SAPPHIRE INDUSTRIALS CORP,FYR,,A,A,R,52937,2,6770.0,,,,67.0,677.0,,,,,,,9.99,0.001002,100000.0,1.0,9.98,999000.0,FYR,6.0,,,,,1,10.0,10.0,7.0,,,,,,3.0,1.0,,,,,,2.0,4.0,3.0,1.0,,,,1.0,7.0,,,10.0,9.0,5.0,,,7.0,,3.0,3.0,3.0,8.0,10.0,,,9.0,10.0,10.0,,3.0,10,10.0,10,10
2009-10-28,92546,,11,2,6770.0,80306T10,FYR,SAPPHIRE INDUSTRIALS CORP,FYR,,A,A,R,52937,2,6770.0,,,,67.0,677.0,,,,,,,9.99,0.0,100000.0,1.0,9.96,999000.0,FYR,6.0,,,,,1,10.0,10.0,7.0,,,,,,3.0,1.0,,,,,,2.0,4.0,3.0,1.0,,,,1.0,7.0,,,10.0,9.0,5.0,,,7.0,,3.0,3.0,3.0,8.0,10.0,,,9.0,10.0,10.0,,3.0,10,10.0,10,10
2009-10-29,92546,,11,2,6770.0,80306T10,FYR,SAPPHIRE INDUSTRIALS CORP,FYR,,A,A,R,52937,2,6770.0,,,,67.0,677.0,,,,,,,10.0,0.001001,100000.0,1.0,10.01,1000000.0,FYR,6.0,,,,,1,10.0,10.0,7.0,,,,,,3.0,1.0,,,,,,2.0,4.0,3.0,1.0,,,,1.0,7.0,,,10.0,9.0,5.0,,,7.0,,3.0,3.0,3.0,8.0,10.0,,,9.0,10.0,10.0,,3.0,10,10.0,10,10
2009-10-30,92546,,11,2,6770.0,80306T10,FYR,SAPPHIRE INDUSTRIALS CORP,FYR,,A,A,R,52937,2,6770.0,,,,67.0,677.0,,,,,,,10.02,0.002,100000.0,1.0,9.97,1002000.0,FYR,6.0,,,,,1,10.0,10.0,7.0,,,,,,3.0,1.0,,,,,,2.0,4.0,3.0,1.0,,,,1.0,7.0,,,10.0,9.0,5.0,,,7.0,,3.0,3.0,3.0,8.0,10.0,,,9.0,10.0,10.0,,3.0,10,10.0,10,10
2009-11-02,92546,,11,2,6770.0,80306T10,FYR,SAPPHIRE INDUSTRIALS CORP,FYR,,A,A,R,52937,2,6770.0,,,,67.0,677.0,,,,,,,10.02,0.0,100000.0,1.0,10.0,1002000.0,FYR,6.0,,,,,1,10.0,10.0,7.0,,,,,,3.0,1.0,,,,,,2.0,4.0,3.0,1.0,,,,1.0,9.0,,,10.0,5.0,4.0,,,8.0,,2.0,3.0,3.0,3.0,10.0,,,3.0,2.0,6.0,,3.0,10,10.0,10,10
2009-11-03,92546,,11,2,6770.0,80306T10,FYR,SAPPHIRE INDUSTRIALS CORP,FYR,,A,A,R,52937,2,6770.0,,,,67.0,677.0,,,,,,,10.01,-0.000998,100000.0,1.0,10.0,1001000.0,FYR,6.0,,,,,1,10.0,10.0,7.0,,,,,,3.0,1.0,,,,,,2.0,4.0,3.0,1.0,,,,1.0,9.0,,,10.0,5.0,4.0,,,8.0,,2.0,3.0,3.0,3.0,10.0,,,3.0,2.0,6.0,,3.0,10,10.0,10,10
2009-11-04,92546,,11,2,6770.0,80306T10,FYR,SAPPHIRE INDUSTRIALS CORP,FYR,,A,A,R,52937,2,6770.0,,,,67.0,677.0,,,,,,,10.01,0.0,100000.0,1.0,10.01,1001000.0,FYR,6.0,,,,,1,10.0,10.0,7.0,,,,,,3.0,1.0,,,,,,2.0,4.0,3.0,1.0,,,,1.0,9.0,,,10.0,5.0,4.0,,,8.0,,2.0,3.0,3.0,3.0,10.0,,,3.0,2.0,6.0,,3.0,10,10.0,10,10
2009-11-05,92546,,11,2,6770.0,80306T10,FYR,SAPPHIRE INDUSTRIALS CORP,FYR,,A,A,R,52937,2,6770.0,,,,67.0,677.0,,,,,,,10.0,-0.000999,100000.0,1.0,10.01,1000000.0,FYR,6.0,,,,,1,10.0,10.0,7.0,,,,,,3.0,1.0,,,,,,2.0,4.0,3.0,1.0,,,,1.0,9.0,,,10.0,5.0,4.0,,,8.0,,2.0,3.0,3.0,3.0,10.0,,,3.0,2.0,6.0,,3.0,10,10.0,10,10
2009-11-06,92546,,11,2,6770.0,80306T10,FYR,SAPPHIRE INDUSTRIALS CORP,FYR,,A,A,R,52937,2,6770.0,,,,67.0,677.0,,,,,,,9.99,-0.001,100000.0,1.0,9.99,999000.0,FYR,6.0,,,,,1,10.0,10.0,7.0,,,,,,3.0,1.0,,,,,,2.0,4.0,3.0,1.0,,,,1.0,9.0,,,10.0,5.0,4.0,,,8.0,,2.0,3.0,3.0,3.0,10.0,,,3.0,2.0,6.0,,3.0,10,10.0,10,10
2009-11-09,92546,,11,2,6770.0,80306T10,FYR,SAPPHIRE INDUSTRIALS CORP,FYR,,A,A,R,52937,2,6770.0,,,,67.0,677.0,,,,,,,9.99,0.0,100000.0,1.0,9.99,999000.0,FYR,6.0,,,,,1,10.0,10.0,7.0,,,,,,3.0,1.0,,,,,,2.0,4.0,3.0,1.0,,,,1.0,9.0,,,10.0,5.0,4.0,,,8.0,,2.0,3.0,3.0,3.0,10.0,,,3.0,2.0,6.0,,3.0,10,10.0,10,10
2009-11-10,92546,,11,2,6770.0,80306T10,FYR,SAPPHIRE INDUSTRIALS CORP,FYR,,A,A,R,52937,2,6770.0,,,,67.0,677.0,,,,,,,9.99,0.0,100000.0,1.0,9.99,999000.0,FYR,6.0,,,,,1,10.0,10.0,7.0,,,,,,3.0,1.0,,,,,,2.0,4.0,3.0,1.0,,,,1.0,9.0,,,10.0,5.0,4.0,,,8.0,,2.0,3.0,3.0,3.0,10.0,,,3.0,2.0,6.0,,3.0,10,10.0,10,10
2009-11-11,92546,,11,2,6770.0,80306T10,FYR,SAPPHIRE INDUSTRIALS CORP,FYR,,A,A,R,52937,2,6770.0,,,,67.0,677.0,,,,,,,10.021,0.003103,100000.0,1.0,10.02,1002100.0,FYR,6.0,,,,,1,10.0,10.0,7.0,,,,,,3.0,1.0,,,,,,2.0,4.0,3.0,1.0,,,,1.0,9.0,,,10.0,5.0,4.0,,,8.0,,2.0,3.0,3.0,3.0,10.0,,,3.0,2.0,6.0,,3.0,10,10.0,10,10
2009-11-12,92546,,11,2,6770.0,80306T10,FYR,SAPPHIRE INDUSTRIALS CORP,FYR,,A,A,R,52937,2,6770.0,,,,67.0,677.0,,,,,,,10.0,-0.002096,100000.0,1.0,10.02,1000000.0,FYR,6.0,,,,,1,10.0,10.0,7.0,,,,,,3.0,1.0,,,,,,2.0,4.0,3.0,1.0,,,,1.0,9.0,,,10.0,5.0,4.0,,,8.0,,2.0,3.0,3.0,3.0,10.0,,,3.0,2.0,6.0,,3.0,10,10.0,10,10
2009-11-13,92546,,11,2,6770.0,80306T10,FYR,SAPPHIRE INDUSTRIALS CORP,FYR,,A,A,R,52937,2,6770.0,,,,67.0,677.0,,,,,,,10.01,0.001,100000.0,1.0,10.01,1001000.0,FYR,6.0,,,,,1,10.0,10.0,7.0,,,,,,3.0,1.0,,,,,,2.0,4.0,3.0,1.0,,,,1.0,9.0,,,10.0,5.0,4.0,,,8.0,,2.0,3.0,3.0,3.0,10.0,,,3.0,2.0,6.0,,3.0,10,10.0,10,10
2009-11-16,92546,,11,2,6770.0,80306T10,FYR,SAPPHIRE INDUSTRIALS CORP,FYR,,A,A,R,52937,2,6770.0,,,,67.0,677.0,,,,,,,9.99,-0.001998,100000.0,1.0,10.01,999000.0,FYR,6.0,,,,,1,10.0,10.0,7.0,,,,,,3.0,1.0,,,,,,2.0,4.0,3.0,1.0,,,,1.0,9.0,,,10.0,5.0,4.0,,,8.0,,2.0,3.0,3.0,3.0,10.0,,,3.0,2.0,6.0,,3.0,10,10.0,10,10
2009-11-17,92546,,11,2,6770.0,80306T10,FYR,SAPPHIRE INDUSTRIALS CORP,FYR,,A,A,R,52937,2,6770.0,,,,67.0,677.0,,,,,,,10.0,0.001001,100000.0,1.0,10.0,1000000.0,FYR,6.0,,,,,1,10.0,10.0,7.0,,,,,,3.0,1.0,,,,,,2.0,4.0,3.0,1.0,,,,1.0,9.0,,,10.0,5.0,4.0,,,8.0,,2.0,3.0,3.0,3.0,10.0,,,3.0,2.0,6.0,,3.0,10,10.0,10,10
2009-11-18,92546,,11,2,6770.0,80306T10,FYR,SAPPHIRE INDUSTRIALS CORP,FYR,,A,A,R,52937,2,6770.0,,,,67.0,677.0,,,,,,,9.98,-0.002,100000.0,1.0,9.99,998000.0,FYR,6.0,,,,,1,10.0,10.0,7.0,,,,,,3.0,1.0,,,,,,2.0,4.0,3.0,1.0,,,,1.0,9.0,,,10.0,5.0,4.0,,,8.0,,2.0,3.0,3.0,3.0,10.0,,,3.0,2.0,6.0,,3.0,10,10.0,10,10
2009-11-19,92546,,11,2,6770.0,80306T10,FYR,SAPPHIRE INDUSTRIALS CORP,FYR,,A,A,R,52937,2,6770.0,,,,67.0,677.0,,,,,,,9.99,0.001002,100000.0,1.0,9.99,999000.0,FYR,6.0,,,,,1,10.0,10.0,7.0,,,,,,3.0,1.0,,,,,,2.0,4.0,3.0,1.0,,,,1.0,9.0,,,10.0,5.0,4.0,,,8.0,,2.0,3.0,3.0,3.0,10.0,,,3.0,2.0,6.0,,3.0,10,10.0,10,10
2009-11-20,92546,,11,2,6770.0,80306T10,FYR,SAPPHIRE INDUSTRIALS CORP,FYR,,A,A,R,52937,2,6770.0,,,,67.0,677.0,,,,,,,9.98,-0.001001,100000.0,1.0,9.99,998000.0,FYR,6.0,,,,,1,10.0,10.0,7.0,,,,,,3.0,1.0,,,,,,2.0,4.0,3.0,1.0,,,,1.0,9.0,,,10.0,5.0,4.0,,,8.0,,2.0,3.0,3.0,3.0,10.0,,,3.0,2.0,6.0,,3.0,10,10.0,10,10
2009-11-23,92546,,11,2,6770.0,80306T10,FYR,SAPPHIRE INDUSTRIALS CORP,FYR,,A,A,R,52937,2,6770.0,,,,67.0,677.0,,,,,,,9.99,0.001002,100000.0,1.0,9.98,999000.0,FYR,6.0,,,,,1,10.0,10.0,7.0,,,,,,3.0,1.0,,,,,,2.0,4.0,3.0,1.0,,,,1.0,9.0,,,10.0,5.0,4.0,,,8.0,,2.0,3.0,3.0,3.0,10.0,,,3.0,2.0,6.0,,3.0,10,10.0,10,10
2009-11-24,92546,,11,2,6770.0,80306T10,FYR,SAPPHIRE INDUSTRIALS CORP,FYR,,A,A,R,52937,2,6770.0,,,,67.0,677.0,,,,,,,10.0,0.001001,100000.0,1.0,9.99,1000000.0,FYR,6.0,,,,,1,10.0,10.0,7.0,,,,,,3.0,1.0,,,,,,2.0,4.0,3.0,1.0,,,,1.0,9.0,,,10.0,5.0,4.0,,,8.0,,2.0,3.0,3.0,3.0,10.0,,,3.0,2.0,6.0,,3.0,10,10.0,10,10
2009-11-25,92546,,11,2,6770.0,80306T10,FYR,SAPPHIRE INDUSTRIALS CORP,FYR,,A,A,R,52937,2,6770.0,,,,67.0,677.0,,,,,,,10.0,0.0,100000.0,1.0,10.01,1000000.0,FYR,6.0,,,,,1,10.0,10.0,7.0,,,,,,3.0,1.0,,,,,,2.0,4.0,3.0,1.0,,,,1.0,9.0,,,10.0,5.0,4.0,,,8.0,,2.0,3.0,3.0,3.0,10.0,,,3.0,2.0,6.0,,3.0,10,10.0,10,10
2009-11-27,92546,,11,2,6770.0,80306T10,FYR,SAPPHIRE INDUSTRIALS CORP,FYR,,A,A,R,52937,2,6770.0,,,,67.0,677.0,,,,,,,9.99,-0.001,100000.0,1.0,9.99,999000.0,FYR,6.0,,,,,1,10.0,10.0,7.0,,,,,,3.0,1.0,,,,,,2.0,4.0,3.0,1.0,,,,1.0,9.0,,,10.0,5.0,4.0,,,8.0,,2.0,3.0,3.0,3.0,10.0,,,3.0,2.0,6.0,,3.0,10,10.0,10,10
2009-11-30,92546,,11,2,6770.0,80306T10,FYR,SAPPHIRE INDUSTRIALS CORP,FYR,,A,A,R,52937,2,6770.0,,,,67.0,677.0,,,,,,,10.0,0.001001,100000.0,1.0,9.99,1000000.0,FYR,6.0,,,,,1,10.0,10.0,7.0,,,,,,3.0,1.0,,,,,,2.0,4.0,3.0,1.0,,,,1.0,9.0,,,10.0,5.0,4.0,,,8.0,,2.0,3.0,3.0,3.0,10.0,,,3.0,2.0,6.0,,3.0,10,10.0,10,10
2009-12-01,92546,,11,2,6770.0,80306T10,FYR,SAPPHIRE INDUSTRIALS CORP,FYR,,A,A,R,52937,2,6770.0,,,,67.0,677.0,,,,,,,9.99,-0.001,100000.0,1.0,10.01,999000.0,FYR,6.0,,,,,1,10.0,10.0,7.0,,,,,,3.0,1.0,,,,,,2.0,4.0,3.0,1.0,,,,3.0,4.0,,,10.0,4.0,2.0,,,8.0,,2.0,3.0,2.0,7.0,10.0,,,6.0,6.0,5.0,,3.0,10,10.0,10,10
2009-12-02,92546,,11,2,6770.0,80306T10,FYR,SAPPHIRE INDUSTRIALS CORP,FYR,,A,A,R,52937,2,6770.0,,,,67.0,677.0,,,,,,,10.0,0.001001,100000.0,1.0,9.99,1000000.0,FYR,6.0,,,,,1,10.0,10.0,7.0,,,,,,3.0,1.0,,,,,,2.0,4.0,3.0,1.0,,,,3.0,4.0,,,10.0,4.0,2.0,,,8.0,,2.0,3.0,2.0,7.0,10.0,,,6.0,6.0,5.0,,3.0,10,10.0,10,10
2009-12-03,92546,,11,2,6770.0,80306T10,FYR,SAPPHIRE INDUSTRIALS CORP,FYR,,A,A,R,52937,2,6770.0,,,,67.0,677.0,,,,,,,10.02,0.002,100000.0,1.0,10.0,1002000.0,FYR,6.0,,,,,1,10.0,10.0,7.0,,,,,,3.0,1.0,,,,,,2.0,4.0,3.0,1.0,,,,3.0,4.0,,,10.0,4.0,2.0,,,8.0,,2.0,3.0,2.0,7.0,10.0,,,6.0,6.0,5.0,,3.0,10,10.0,10,10
2009-12-04,92546,,11,2,6770.0,80306T10,FYR,SAPPHIRE INDUSTRIALS CORP,FYR,,A,A,R,52937,2,6770.0,,,,67.0,677.0,,,,,,,9.99,-0.002994,100000.0,1.0,10.01,999000.0,FYR,6.0,,,,,1,10.0,10.0,7.0,,,,,,3.0,1.0,,,,,,2.0,4.0,3.0,1.0,,,,3.0,4.0,,,10.0,4.0,2.0,,,8.0,,2.0,3.0,2.0,7.0,10.0,,,6.0,6.0,5.0,,3.0,10,10.0,10,10
2009-12-07,92546,,11,2,6770.0,80306T10,FYR,SAPPHIRE INDUSTRIALS CORP,FYR,,A,A,R,52937,2,6770.0,,,,67.0,677.0,,,,,,,9.99,0.0,100000.0,1.0,9.99,999000.0,FYR,6.0,,,,,1,10.0,10.0,7.0,,,,,,3.0,1.0,,,,,,2.0,4.0,3.0,1.0,,,,3.0,4.0,,,10.0,4.0,2.0,,,8.0,,2.0,3.0,2.0,7.0,10.0,,,6.0,6.0,5.0,,3.0,10,10.0,10,10
2009-12-08,92546,,11,2,6770.0,80306T10,FYR,SAPPHIRE INDUSTRIALS CORP,FYR,,A,A,R,52937,2,6770.0,,,,67.0,677.0,,,,,,,10.01,0.002002,100000.0,1.0,10.0,1001000.0,FYR,6.0,,,,,1,10.0,10.0,7.0,,,,,,3.0,1.0,,,,,,2.0,4.0,3.0,1.0,,,,3.0,4.0,,,10.0,4.0,2.0,,,8.0,,2.0,3.0,2.0,7.0,10.0,,,6.0,6.0,5.0,,3.0,10,10.0,10,10
2009-12-09,92546,,11,2,6770.0,80306T10,FYR,SAPPHIRE INDUSTRIALS CORP,FYR,,A,A,R,52937,2,6770.0,,,,67.0,677.0,,,,,,,10.04,0.002997,100000.0,1.0,10.02,1004000.0,FYR,6.0,,,,,1,10.0,10.0,7.0,,,,,,3.0,1.0,,,,,,2.0,4.0,3.0,1.0,,,,3.0,4.0,,,10.0,4.0,2.0,,,8.0,,2.0,3.0,2.0,7.0,10.0,,,6.0,6.0,5.0,,3.0,10,10.0,10,10
2009-12-10,92546,,11,2,6770.0,80306T10,FYR,SAPPHIRE INDUSTRIALS CORP,FYR,,A,A,R,52937,2,6770.0,,,,67.0,677.0,,,,,,,10.04,0.0,100000.0,1.0,10.04,1004000.0,FYR,6.0,,,,,1,10.0,10.0,7.0,,,,,,3.0,1.0,,,,,,2.0,4.0,3.0,1.0,,,,3.0,4.0,,,10.0,4.0,2.0,,,8.0,,2.0,3.0,2.0,7.0,10.0,,,6.0,6.0,5.0,,3.0,10,10.0,10,10
2009-12-11,92546,,11,2,6770.0,80306T10,FYR,SAPPHIRE INDUSTRIALS CORP,FYR,,A,A,R,52937,2,6770.0,,,,67.0,677.0,,,,,,,-10.02,-0.001992,100000.0,1.0,,-1002000.0,FYR,6.0,,,,,1,10.0,10.0,7.0,,,,,,3.0,1.0,,,,,,2.0,4.0,3.0,1.0,,,,3.0,4.0,,,10.0,4.0,2.0,,,8.0,,2.0,3.0,2.0,7.0,10.0,,,6.0,6.0,5.0,,3.0,10,10.0,10,10
2009-12-14,92546,,11,2,6770.0,80306T10,FYR,SAPPHIRE INDUSTRIALS CORP,FYR,,A,A,R,52937,2,6770.0,,,,67.0,677.0,,,,,,,10.02,0.0,100000.0,1.0,10.02,1002000.0,FYR,6.0,,,,,1,10.0,10.0,7.0,,,,,,3.0,1.0,,,,,,2.0,4.0,3.0,1.0,,,,3.0,4.0,,,10.0,4.0,2.0,,,8.0,,2.0,3.0,2.0,7.0,10.0,,,6.0,6.0,5.0,,3.0,10,10.0,10,10
2009-12-15,92546,,11,2,6770.0,80306T10,FYR,SAPPHIRE INDUSTRIALS CORP,FYR,,A,A,R,52937,2,6770.0,,,,67.0,677.0,,,,,,,10.04,0.001996,100000.0,1.0,10.05,1004000.0,FYR,6.0,,,,,1,10.0,10.0,7.0,,,,,,3.0,1.0,,,,,,2.0,4.0,3.0,1.0,,,,3.0,4.0,,,10.0,4.0,2.0,,,8.0,,2.0,3.0,2.0,7.0,10.0,,,6.0,6.0,5.0,,3.0,10,10.0,10,10
2009-12-16,92546,,11,2,6770.0,80306T10,FYR,SAPPHIRE INDUSTRIALS CORP,FYR,,A,A,R,52937,2,6770.0,,,,67.0,677.0,,,,,,,10.04,0.0,100000.0,1.0,10.05,1004000.0,FYR,6.0,,,,,1,10.0,10.0,7.0,,,,,,3.0,1.0,,,,,,2.0,4.0,3.0,1.0,,,,3.0,4.0,,,10.0,4.0,2.0,,,8.0,,2.0,3.0,2.0,7.0,10.0,,,6.0,6.0,5.0,,3.0,10,10.0,10,10
2009-12-17,92546,,11,2,6770.0,80306T10,FYR,SAPPHIRE INDUSTRIALS CORP,FYR,,A,A,R,52937,2,6770.0,,,,67.0,677.0,,,,,,,10.04,0.0,100000.0,1.0,10.03,1004000.0,FYR,6.0,,,,,1,10.0,10.0,7.0,,,,,,3.0,1.0,,,,,,2.0,4.0,3.0,1.0,,,,3.0,4.0,,,10.0,4.0,2.0,,,8.0,,2.0,3.0,2.0,7.0,10.0,,,6.0,6.0,5.0,,3.0,10,10.0,10,10
2009-12-18,92546,,11,2,6770.0,80306T10,FYR,SAPPHIRE INDUSTRIALS CORP,FYR,,A,A,R,52937,2,6770.0,,,,67.0,677.0,,,,,,,10.05,0.000996,100000.0,1.0,10.05,1005000.0,FYR,6.0,,,,,1,10.0,10.0,7.0,,,,,,3.0,1.0,,,,,,2.0,4.0,3.0,1.0,,,,3.0,4.0,,,10.0,4.0,2.0,,,8.0,,2.0,3.0,2.0,7.0,10.0,,,6.0,6.0,5.0,,3.0,10,10.0,10,10
2009-12-21,92546,,11,2,6770.0,80306T10,FYR,SAPPHIRE INDUSTRIALS CORP,FYR,,A,A,R,52937,2,6770.0,,,,67.0,677.0,,,,,,,10.04,-0.000995,100000.0,1.0,10.03,1004000.0,FYR,6.0,,,,,1,10.0,10.0,7.0,,,,,,3.0,1.0,,,,,,2.0,4.0,3.0,1.0,,,,3.0,4.0,,,10.0,4.0,2.0,,,8.0,,2.0,3.0,2.0,7.0,10.0,,,6.0,6.0,5.0,,3.0,10,10.0,10,10
2009-12-22,92546,,11,2,6770.0,80306T10,FYR,SAPPHIRE INDUSTRIALS CORP,FYR,,A,A,R,52937,2,6770.0,,,,67.0,677.0,,,,,,,-10.045,0.000498,100000.0,1.0,,-1004500.0,FYR,6.0,,,,,1,10.0,10.0,7.0,,,,,,3.0,1.0,,,,,,2.0,4.0,3.0,1.0,,,,3.0,4.0,,,10.0,4.0,2.0,,,8.0,,2.0,3.0,2.0,7.0,10.0,,,6.0,6.0,5.0,,3.0,10,10.0,10,10
2009-12-23,92546,,11,2,6770.0,80306T10,FYR,SAPPHIRE INDUSTRIALS CORP,FYR,,A,A,R,52937,2,6770.0,,,,67.0,677.0,,,,,,,10.04,-0.000498,100000.0,1.0,10.04,1004000.0,FYR,6.0,,,,,1,10.0,10.0,7.0,,,,,,3.0,1.0,,,,,,2.0,4.0,3.0,1.0,,,,3.0,4.0,,,10.0,4.0,2.0,,,8.0,,2.0,3.0,2.0,7.0,10.0,,,6.0,6.0,5.0,,3.0,10,10.0,10,10
2009-12-24,92546,,11,2,6770.0,80306T10,FYR,SAPPHIRE INDUSTRIALS CORP,FYR,,A,A,R,52937,2,6770.0,,,,67.0,677.0,,,,,,,10.04,0.0,100000.0,1.0,10.042,1004000.0,FYR,6.0,,,,,1,10.0,10.0,7.0,,,,,,3.0,1.0,,,,,,2.0,4.0,3.0,1.0,,,,3.0,4.0,,,10.0,4.0,2.0,,,8.0,,2.0,3.0,2.0,7.0,10.0,,,6.0,6.0,5.0,,3.0,10,10.0,10,10
2009-12-28,92546,,11,2,6770.0,80306T10,FYR,SAPPHIRE INDUSTRIALS CORP,FYR,,A,A,R,52937,2,6770.0,,,,67.0,677.0,,,,,,,10.02,-0.001992,100000.0,1.0,10.04,1002000.0,FYR,6.0,,,,,1,10.0,10.0,7.0,,,,,,3.0,1.0,,,,,,2.0,4.0,3.0,1.0,,,,3.0,4.0,,,10.0,4.0,2.0,,,8.0,,2.0,3.0,2.0,7.0,10.0,,,6.0,6.0,5.0,,3.0,10,10.0,10,10
2009-12-29,92546,,11,2,6770.0,80306T10,FYR,SAPPHIRE INDUSTRIALS CORP,FYR,,A,A,R,52937,2,6770.0,,,,67.0,677.0,,,,,,,10.04,0.001996,100000.0,1.0,10.03,1004000.0,FYR,6.0,,,,,1,10.0,10.0,7.0,,,,,,3.0,1.0,,,,,,2.0,4.0,3.0,1.0,,,,3.0,4.0,,,10.0,4.0,2.0,,,8.0,,2.0,3.0,2.0,7.0,10.0,,,6.0,6.0,5.0,,3.0,10,10.0,10,10
2009-12-30,92546,,11,2,6770.0,80306T10,FYR,SAPPHIRE INDUSTRIALS CORP,FYR,,A,A,R,52937,2,6770.0,,,,67.0,677.0,,,,,,,10.04,0.0,100000.0,1.0,10.04,1004000.0,FYR,6.0,,,,,1,10.0,10.0,7.0,,,,,,3.0,1.0,,,,,,2.0,4.0,3.0,1.0,,,,3.0,4.0,,,10.0,4.0,2.0,,,8.0,,2.0,3.0,2.0,7.0,10.0,,,6.0,6.0,5.0,,3.0,10,10.0,10,10
2009-12-31,92546,,11,2,6770.0,80306T10,FYR,SAPPHIRE INDUSTRIALS CORP,FYR,,A,A,R,52937,2,6770.0,,,,67.0,677.0,,,,,,,10.04,0.0,100000.0,1.0,10.04,1004000.0,FYR,6.0,,,,,1,10.0,10.0,7.0,,,,,,3.0,1.0,,,,,,2.0,4.0,3.0,1.0,,,,3.0,4.0,,,10.0,4.0,2.0,,,8.0,,2.0,3.0,2.0,7.0,10.0,,,6.0,6.0,5.0,,3.0,10,10.0,10,10
2010-01-04,92546,,11,2,6770.0,80306T10,FYR,SAPPHIRE INDUSTRIALS CORP,FYR,,A,A,R,52937,2,6770.0,,,,67.0,677.0,,,,,,,10.04,0.0,100000.0,1.0,10.04,1004000.0,FYR,6.0,,,,,1,10.0,10.0,7.0,,,,,,3.0,1.0,,,,,,2.0,4.0,3.0,1.0,,,,,2.0,,,10.0,4.0,1.0,,,8.0,,2.0,3.0,2.0,8.0,10.0,,,7.0,6.0,4.0,,3.0,10,10.0,10,10
2010-01-05,92546,,11,2,6770.0,80306T10,FYR,SAPPHIRE INDUSTRIALS CORP,FYR,,A,A,R,52937,2,6770.0,,,,67.0,677.0,,,,,,,10.03,-0.000996,100000.0,1.0,10.04,1003000.0,FYR,6.0,,,,,1,10.0,10.0,7.0,,,,,,3.0,1.0,,,,,,2.0,4.0,3.0,1.0,,,,,2.0,,,10.0,4.0,1.0,,,8.0,,2.0,3.0,2.0,8.0,10.0,,,7.0,6.0,4.0,,3.0,10,10.0,10,10
2010-01-06,92546,,11,2,6770.0,80306T10,FYR,SAPPHIRE INDUSTRIALS CORP,FYR,,A,A,R,52937,2,6770.0,,,,67.0,677.0,,,,,,,10.04,0.000997,100000.0,1.0,10.04,1004000.0,FYR,6.0,,,,,1,10.0,10.0,7.0,,,,,,3.0,1.0,,,,,,2.0,4.0,3.0,1.0,,,,,2.0,,,10.0,4.0,1.0,,,8.0,,2.0,3.0,2.0,8.0,10.0,,,7.0,6.0,4.0,,3.0,10,10.0,10,10
2010-01-07,92546,,11,2,6770.0,80306T10,FYR,SAPPHIRE INDUSTRIALS CORP,FYR,,A,A,R,52937,2,6770.0,,,,67.0,677.0,,,,,,,10.04,0.0,100000.0,1.0,10.04,1004000.0,FYR,6.0,,,,,1,10.0,10.0,7.0,,,,,,3.0,1.0,,,,,,2.0,4.0,3.0,1.0,,,,,2.0,,,10.0,4.0,1.0,,,8.0,,2.0,3.0,2.0,8.0,10.0,,,7.0,6.0,4.0,,3.0,10,10.0,10,10
2010-01-08,92546,,11,2,6770.0,80306T10,FYR,SAPPHIRE INDUSTRIALS CORP,FYR,,A,A,R,52937,2,6770.0,,,,67.0,677.0,,,,,,,10.04,0.0,100000.0,1.0,10.04,1004000.0,FYR,6.0,,,,,1,10.0,10.0,7.0,,,,,,3.0,1.0,,,,,,2.0,4.0,3.0,1.0,,,,,2.0,,,10.0,4.0,1.0,,,8.0,,2.0,3.0,2.0,8.0,10.0,,,7.0,6.0,4.0,,3.0,10,10.0,10,10
2010-01-11,92546,,11,2,6770.0,80306T10,FYR,SAPPHIRE INDUSTRIALS CORP,FYR,,A,A,R,52937,2,6770.0,,,,67.0,677.0,,,,,,,10.04,0.0,100000.0,1.0,10.04,1004000.0,FYR,6.0,,,,,1,10.0,10.0,7.0,,,,,,3.0,1.0,,,,,,2.0,4.0,3.0,1.0,,,,,2.0,,,10.0,4.0,1.0,,,8.0,,2.0,3.0,2.0,8.0,10.0,,,7.0,6.0,4.0,,3.0,10,10.0,10,10
2010-01-12,92546,,11,2,6770.0,80306T10,FYR,SAPPHIRE INDUSTRIALS CORP,FYR,,A,A,R,52937,2,6770.0,,,,67.0,677.0,,,,,,,10.04,0.0,100000.0,1.0,10.04,1004000.0,FYR,6.0,,,,,1,10.0,10.0,7.0,,,,,,3.0,1.0,,,,,,2.0,4.0,3.0,1.0,,,,,2.0,,,10.0,4.0,1.0,,,8.0,,2.0,3.0,2.0,8.0,10.0,,,7.0,6.0,4.0,,3.0,10,10.0,10,10
2010-01-13,92546,,11,2,6770.0,80306T10,FYR,SAPPHIRE INDUSTRIALS CORP,FYR,,A,A,R,52937,2,6770.0,,,,67.0,677.0,,,,,,,10.05,0.000996,100000.0,1.0,10.05,1005000.0,FYR,6.0,,,,,1,10.0,10.0,7.0,,,,,,3.0,1.0,,,,,,2.0,4.0,3.0,1.0,,,,,2.0,,,10.0,4.0,1.0,,,8.0,,2.0,3.0,2.0,8.0,10.0,,,7.0,6.0,4.0,,3.0,10,10.0,10,10
2010-01-14,92546,,11,2,6770.0,80306T10,FYR,SAPPHIRE INDUSTRIALS CORP,FYR,,A,A,R,52937,2,6770.0,,,,67.0,677.0,,,,,,,10.04,-0.000995,100000.0,1.0,10.04,1004000.0,FYR,6.0,,,,,1,10.0,10.0,7.0,,,,,,3.0,1.0,,,,,,2.0,4.0,3.0,1.0,,,,,2.0,,,10.0,4.0,1.0,,,8.0,,2.0,3.0,2.0,8.0,10.0,,,7.0,6.0,4.0,,3.0,10,10.0,10,10
2010-01-15,92546,,11,2,6770.0,80306T10,FYR,SAPPHIRE INDUSTRIALS CORP,FYR,,A,A,R,52937,2,6770.0,,,,67.0,677.0,,,,,,,10.04,0.0,100000.0,1.0,10.04,1004000.0,FYR,6.0,,,,,1,10.0,10.0,7.0,,,,,,3.0,1.0,,,,,,2.0,4.0,3.0,1.0,,,,,2.0,,,10.0,4.0,1.0,,,8.0,,2.0,3.0,2.0,8.0,10.0,,,7.0,6.0,4.0,,3.0,10,10.0,10,10
2010-01-19,92546,,11,2,6770.0,80306T10,FYR,SAPPHIRE INDUSTRIALS CORP,FYR,,A,A,R,52937,2,6770.0,,470.0,,67.0,677.0,,,,,0.0,0.0,10.04,0.0,100000.0,1.0,10.04,1004000.0,FYR,6.0,,,,,1,10.0,10.0,7.0,,,,,,3.0,1.0,,,,,,2.0,4.0,3.0,1.0,,,,,2.0,,,10.0,4.0,1.0,,,8.0,,2.0,3.0,2.0,8.0,10.0,,,7.0,6.0,4.0,,3.0,10,10.0,10,10
